subject	gene	TRBD2_01	TRBD2_02	alleles	proirs_row	proirs_col	counts1	k1	counts2	k2	counts3	k3	counts4	k4	TOTAL
C6T	TRBV29-1	01	01	01	0.42,0.58	1	161,335	90.0738032154114	NA	NA	NA	NA	NA	NA	7221
C6T	TRBV4-1	01	01	01	0.42,0.58	1	190,255	139.166077502223	NA	NA	NA	NA	NA	NA	7221
C6T	TRBV5-1	01	01	01	0.42,0.58	1	245,285	189.712588317643	NA	NA	NA	NA	NA	NA	7221
C6T	TRBV7-2	01	02	01,02	0.42,0.58	0.58,0.42	204,8	54.315012331027	20,131	16.8192290733256	NA	NA	NA	NA	7221
C6T	TRBV12-4	01	01	01	0.42,0.58	1	43,57	31.661884919121	NA	NA	NA	NA	NA	NA	7221
C6T	TRBV28	01	01	01	0.42,0.58	1	115,174	79.6282494195806	NA	NA	NA	NA	NA	NA	7221
C6T	TRBV4-2	01	01	01	0.42,0.58	1	79,86	62.5539239108611	NA	NA	NA	NA	NA	NA	7221
C6T	TRBV7-6	01	01	01	0.42,0.58	1	30,43	21.3326267767853	NA	NA	NA	NA	NA	NA	7221
C6T	TRBV6-1	01	01	01	0.42,0.58	1	86,52	55.4235449749	NA	NA	NA	NA	NA	NA	7221
C6T	TRBV7-9	03	03	03	0.42,0.58	1	154,177	119.749766657398	NA	NA	NA	NA	NA	NA	7221
C6T	TRBV20-1	01	01	01	0.42,0.58	1	319,414	236.962114662912	NA	NA	NA	NA	NA	NA	7221
C6T	TRBV12-3	01	01	01	0.42,0.58	1	117,158	85.4689702054847	NA	NA	NA	NA	NA	NA	7221
C6T	TRBV6-6	01	01	01	0.42,0.58	1	52,42	50.8971024647373	NA	NA	NA	NA	NA	NA	7221
C6T	TRBV11-2	01	01	01	0.42,0.58	1	68,121	42.8424818697458	NA	NA	NA	NA	NA	NA	7221
C6T	TRBV7-8	01	01	01	0.42,0.58	1	72,67	85.0391212394118	NA	NA	NA	NA	NA	NA	7221
C6T	TRBV27	01	01	01	0.42,0.58	1	139,218	94.4460449183478	NA	NA	NA	NA	NA	NA	7221
C6T	TRBV9	02	01	01,02	0.42,0.58	0.68,0.32	24,134	14.9326502703707	72,4	17.7715785379638	NA	NA	NA	NA	7221
C6T	TRBV2	01	01	01	0.42,0.58	1	77,81	61.6313723307778	NA	NA	NA	NA	NA	NA	7221
C6T	TRBV24-1	01	01	01	0.42,0.58	1	38,83	20.3388624249079	NA	NA	NA	NA	NA	NA	7221
C6T	TRBV25-1	01	01	01	0.42,0.58	1	25,53	13.7567808203405	NA	NA	NA	NA	NA	NA	7221
C6T	TRBV6-5	01	01	01	0.42,0.58	1	122,186	84.1452718847298	NA	NA	NA	NA	NA	NA	7221
C6T	TRBV14	01	01	01	0.42,0.58	1	29,51	18.4122663838332	NA	NA	NA	NA	NA	NA	7221
C6T	TRBV5-8	01	01	01	0.42,0.58	1	5,4	4.8306208116605	NA	NA	NA	NA	NA	NA	7221
C6T	TRBV13	01	01	01	0.42,0.58	1	12,39	3.42752267800482	NA	NA	NA	NA	NA	NA	7221
C6T	TRBV6-23	01	01	01	0.42,0.58	1	31,58	18.8664208966954	NA	NA	NA	NA	NA	NA	7221
C6T	TRBV15	02	02	02	0.42,0.58	1	62,47	55.6184989120475	NA	NA	NA	NA	NA	NA	7221
C6T	TRBV18	01	01	01	0.42,0.58	1	48,49	38.7693338083447	NA	NA	NA	NA	NA	NA	7221
C6T	TRBV6-4	02	01	01,02	0.42,0.58	0.35,0.65	0,13	2.94204827711471	24,0	7.50874210203981	NA	NA	NA	NA	7221
C6T	TRBV21-1	01	01	01	0.42,0.58	1	34,57	22.2409358025097	NA	NA	NA	NA	NA	NA	7221
C6T	TRBV3-1	01	01	01	0.42,0.58	1	135,221	89.5563608212446	NA	NA	NA	NA	NA	NA	7221
C6T	TRBV19	01	01	01	0.42,0.58	1	10,34	2.50497109792157	NA	NA	NA	NA	NA	NA	7221
C6T	TRBV1	Unk	01	01	0.42,0.58	1	0,1	0.234198533610518	NA	NA	NA	NA	NA	NA	7221
C6T	TRBV5-6	01	01	01	0.42,0.58	1	24,28	18.5649720365356	NA	NA	NA	NA	NA	NA	7221
C6T	TRBV10-1	Unk	01	01	0.42,0.58	1	3,17	0.841058699175052	NA	NA	NA	NA	NA	NA	7221
C6T	TRBV10-3	02	02	02	0.42,0.58	1	49,80	32.5559513904866	NA	NA	NA	NA	NA	NA	7221
C6T	TRBV7-3	03	01	01,03	0.42,0.58	0.909,0.091	11,129	22.1390105581508	14,0	4.38009955952322	NA	NA	NA	NA	7221
C6T	TRBV30	Del	01	01	0.42,0.58	1	3,35	5.05663230416438	NA	NA	NA	NA	NA	NA	7221
C6T	TRBV7-7	01_C315T	01_C315T	01_C315T	0.42,0.58	1	12,14	9.28248601826778	NA	NA	NA	NA	NA	NA	7221
C6T	TRBV12-5	01_C28G	01_C28G	01_C28G	0.42,0.58	1	8,18	4.15860338755403	NA	NA	NA	NA	NA	NA	7221
C6T	TRBV5-4	01	01	01	0.42,0.58	1	12,15	9.04828748465726	NA	NA	NA	NA	NA	NA	7221
C6T	TRBV11-1	01	01	01	0.42,0.58	1	12,12	15.5453660887939	NA	NA	NA	NA	NA	NA	7221
C6T	TRBV12-2	Unk	01	01	0.42,0.58	1	0,1	0.234198533610518	NA	NA	NA	NA	NA	NA	7221
C6T	TRBV11-3	01	01	01	0.42,0.58	1	18,17	21.6714340745205	NA	NA	NA	NA	NA	NA	7221
C6T	TRBV10-2	01	01	01	0.42,0.58	1	8,31	1.11402245061729	NA	NA	NA	NA	NA	NA	7221
C6T	TRBV5-5	02_322TTGG325	02_322TTGG325	02_322TTGG325	0.42,0.58	1	21,26	15.8930527315528	NA	NA	NA	NA	NA	NA	7221
C6T	TRBV7-4	01	01	01	0.42,0.58	1	8,3	2.13050209917787	NA	NA	NA	NA	NA	NA	7221
C6T	TRBV5-7	01	Unk	01	0.42,0.58	1	2,0	0.702335769208236	NA	NA	NA	NA	NA	NA	7221
C6T	TRBV23-1	01	01	01	0.42,0.58	1	2,5	0.922551580083247	NA	NA	NA	NA	NA	NA	7221
C6T	TRBV16	Unk	01	01	0.42,0.58	1	0,1	0.234198533610518	NA	NA	NA	NA	NA	NA	7221
C6T	TRBV6-7	Unk	01	01	0.42,0.58	1	0,1	0.234198533610518	NA	NA	NA	NA	NA	NA	7221
C6T	TRBV6-8	01	Unk	01	0.42,0.58	1	1,0	0.351167884604118	NA	NA	NA	NA	NA	NA	7221
C6T	TRBV12-1	Unk	Unk	NA	NA	NA	NA	NA	NA	NA	NA	NA	NA	NA	7221
C6T	TRBV17	Unk	Unk	NA	NA	NA	NA	NA	NA	NA	NA	NA	NA	NA	7221
C6T	TRBV26	Unk	Unk	NA	NA	NA	NA	NA	NA	NA	NA	NA	NA	NA	7221
C6T	TRBV3-2	Del	Del	Del	NA	NA	NA	1000	NA	NA	NA	NA	NA	NA	7221
C6T	TRBV4-3	Del	Del	Del	NA	NA	NA	1000	NA	NA	NA	NA	NA	NA	7221
C6T	TRBV5-3	Unk	Unk	NA	NA	NA	NA	NA	NA	NA	NA	NA	NA	NA	7221
C6T	TRBV6-9	Unk	Unk	NA	NA	NA	NA	NA	NA	NA	NA	NA	NA	NA	7221
C6T	TRBV7-1	Unk	Unk	NA	NA	NA	NA	NA	NA	NA	NA	NA	NA	NA	7221
