subject	gene	TRBD2_01	TRBD2_02	alleles	proirs_row	proirs_col	counts1	k1	counts2	k2	counts3	k3	counts4	k4	TOTAL
CI21	TRBV6-4	01	02	01,02	0.44,0.56	0.88,0.12	145,2	41.5373016563997	0,21	4.94534228250819	NA	NA	NA	NA	5054
CI21	TRBV29-1	01	01	01	0.44,0.56	1	91,175	53.6767903404642	NA	NA	NA	NA	NA	NA	5054
CI21	TRBV7-2	02	02	02	0.44,0.56	1	87,80	101.447164103137	NA	NA	NA	NA	NA	NA	5054
CI21	TRBV20-1	02_319AGAGA323	01	01,02_319AGAGA323	0.44,0.56	0.57,0.43	34,379	67.1003251827079	294,14	72.4907261329182	NA	NA	NA	NA	5054
CI21	TRBV4-1	01	01	01	0.44,0.56	1	95,113	73.0270914231491	NA	NA	NA	NA	NA	NA	5054
CI21	TRBV5-1	01	01	01	0.44,0.56	1	144,151	115.638957053263	NA	NA	NA	NA	NA	NA	5054
CI21	TRBV27	01	01	01	0.44,0.56	1	51,76	35.464918037711	NA	NA	NA	NA	NA	NA	5054
CI21	TRBV10-3	02	02	02	0.44,0.56	1	43,57	31.6275047582183	NA	NA	NA	NA	NA	NA	5054
CI21	TRBV12-5	01	Unk	01	0.44,0.56	1	6,0	2.03545113000892	NA	NA	NA	NA	NA	NA	5054
CI21	TRBV2	Del	01	01	0.44,0.56	1	82,510	37.5239984745207	NA	NA	NA	NA	NA	NA	5054
CI21	TRBV7-9	03	03	03	0.44,0.56	1	59,81	42.7155106486881	NA	NA	NA	NA	NA	NA	5054
CI21	TRBV12-3	01	01	01	0.44,0.56	1	95,64	72.5409881654718	NA	NA	NA	NA	NA	NA	5054
CI21	TRBV15	02	02	02	0.44,0.56	1	39,97	17.6407711964376	NA	NA	NA	NA	NA	NA	5054
CI21	TRBV7-8	01	01	01	0.44,0.56	1	51,35	39.9941927960407	NA	NA	NA	NA	NA	NA	5054
CI21	TRBV13	01	01	01	0.44,0.56	1	17,24	12.1467040441403	NA	NA	NA	NA	NA	NA	5054
CI21	TRBV6-1	01	01	01	0.44,0.56	1	113,79	90.989860804495	NA	NA	NA	NA	NA	NA	5054
CI21	TRBV6-23	01	01	01	0.44,0.56	1	29,47	19.2437158436053	NA	NA	NA	NA	NA	NA	5054
CI21	TRBV25-1	01	01	01	0.44,0.56	1	18,24	13.2054021978108	NA	NA	NA	NA	NA	NA	5054
CI21	TRBV3-1	01	01	01	0.44,0.56	1	83,120	58.6161239133603	NA	NA	NA	NA	NA	NA	5054
CI21	TRBV23-1	01	01	01	0.44,0.56	1	7,9	5.2167003625967	NA	NA	NA	NA	NA	NA	5054
CI21	TRBV21-1	02	01	01,02	0.44,0.56	0.75,0.25	5,46	7.57510623063602	17,0	5.14645846442711	NA	NA	NA	NA	5054
CI21	TRBV9	01	01,02	01,02	0.44,0.56	0.65,0.35	31,11	3.58957106529501	3,20	2.75532081709293	NA	NA	NA	NA	5054
CI21	TRBV5-4	01	01	01	0.44,0.56	1	7,26	1.07212546007983	NA	NA	NA	NA	NA	NA	5054
CI21	TRBV14	01	01	01	0.44,0.56	1	18,48	7.35423762955172	NA	NA	NA	NA	NA	NA	5054
CI21	TRBV7-3	01	03	01,03	0.44,0.56	0.77,0.23	46,1	12.7462302807105	1,13	2.40989270677154	NA	NA	NA	NA	5054
CI21	TRBV30	01	Unk	01	0.44,0.56	1	28,4	2.9507116656283	NA	NA	NA	NA	NA	NA	5054
CI21	TRBV11-2	01	01	01	0.44,0.56	1	47,65	33.9119091834809	NA	NA	NA	NA	NA	NA	5054
CI21	TRBV28	01	01	01	0.44,0.56	1	20,75	2.88907379760134	NA	NA	NA	NA	NA	NA	5054
CI21	TRBV16	01	01	01	0.44,0.56	1	1,2	0.571101106315626	NA	NA	NA	NA	NA	NA	5054
CI21	TRBV10-2	01	02	01,02	0.44,0.56	0.36,0.64	5,0	1.51366425424327	2,7	0.345428110321389	NA	NA	NA	NA	5054
CI21	TRBV19	01	01	01	0.44,0.56	1	8,31	0.911830995363073	NA	NA	NA	NA	NA	NA	5054
CI21	TRBV18	01	01	01	0.44,0.56	1	25,41	16.4717143709878	NA	NA	NA	NA	NA	NA	5054
CI21	TRBV6-5	01	01	01	0.44,0.56	1	85,28	17.0008642457669	NA	NA	NA	NA	NA	NA	5054
CI21	TRBV12-4	01	01	01	0.44,0.56	1	43,35	42.7081276360526	NA	NA	NA	NA	NA	NA	5054
CI21	TRBV24-1	02	01	01,02	0.44,0.56	0.86,0.14	3,40	7.46517060995788	6,1	0.636916246764352	NA	NA	NA	NA	5054
CI21	TRBV4-2	01	01	01	0.44,0.56	1	81,86	64.7878774110529	NA	NA	NA	NA	NA	NA	5054
CI21	TRBV5-6	01	01_T284G	01,01_T284G	0.44,0.56	0.53,0.47	26,0	7.871054122065	1,22	4.52932511356077	NA	NA	NA	NA	5054
CI21	TRBV7-6	01	01	01	0.44,0.56	1	26,17	19.0089679362179	NA	NA	NA	NA	NA	NA	5054
CI21	TRBV6-6	01	02	01,02	0.44,0.56	0.52,0.48	26,0	7.871054122065	4,20	2.10381115850226	NA	NA	NA	NA	5054
CI21	TRBV7-7	01,01_C315T	01	01,01_C315T	0.44,0.56	0.57,0.43	5,3	2.02477832073944	6,0	1.81639710509192	NA	NA	NA	NA	5054
CI21	TRBV6-7	01	Unk	01	0.44,0.56	1	1,0	0.339241855001486	NA	NA	NA	NA	NA	NA	5054
CI21	TRBV10-1	01	02	01,02	0.44,0.56	0.25,0.75	5,0	1.51366425424327	0,15	3.53238734464871	NA	NA	NA	NA	5054
CI21	TRBV5-5	02_322TTGG325	01	01,02_322TTGG325	0.44,0.56	0.66,0.34	1,18	3.58735515498778	9,1	1.54511479931031	NA	NA	NA	NA	5054
CI21	TRBV1	01	01	01	0.44,0.56	1	4,1	0.280047648597384	NA	NA	NA	NA	NA	NA	5054
CI21	TRBV11-3	01	01	01	0.44,0.56	1	11,7	7.72744507520695	NA	NA	NA	NA	NA	NA	5054
CI21	TRBV5-8	Unk	01	01	0.44,0.56	1	0,1	0.243798523677462	NA	NA	NA	NA	NA	NA	5054
CI21	TRBV11-1	01	01	01	0.44,0.56	1	5,7	3.58690110261052	NA	NA	NA	NA	NA	NA	5054
CI21	TRBV12-2	01	Unk	01	0.44,0.56	1	2,0	0.678483710002973	NA	NA	NA	NA	NA	NA	5054
CI21	TRBV7-4	01	01	01	0.44,0.56	1	2,2	2.59554642720369	NA	NA	NA	NA	NA	NA	5054
CI21	TRBV5-7	Unk	01	01	0.44,0.56	1	0,2	0.487597047354925	NA	NA	NA	NA	NA	NA	5054
CI21	TRBV6-8	01	Unk	01	0.44,0.56	1	1,0	0.339241855001486	NA	NA	NA	NA	NA	NA	5054
CI21	TRBV12-1	Unk	Unk	NA	NA	NA	NA	NA	NA	NA	NA	NA	NA	NA	5054
CI21	TRBV17	Unk	Unk	NA	NA	NA	NA	NA	NA	NA	NA	NA	NA	NA	5054
CI21	TRBV26	Unk	Unk	NA	NA	NA	NA	NA	NA	NA	NA	NA	NA	NA	5054
CI21	TRBV3-2	Del	Del	Del	NA	NA	NA	1000	NA	NA	NA	NA	NA	NA	5054
CI21	TRBV4-3	Del	Del	Del	NA	NA	NA	1000	NA	NA	NA	NA	NA	NA	5054
CI21	TRBV5-3	Unk	Unk	NA	NA	NA	NA	NA	NA	NA	NA	NA	NA	NA	5054
CI21	TRBV6-9	Unk	Unk	NA	NA	NA	NA	NA	NA	NA	NA	NA	NA	NA	5054
CI21	TRBV7-1	Unk	Unk	NA	NA	NA	NA	NA	NA	NA	NA	NA	NA	NA	5054
