subject	gene	TRBD2_01	TRBD2_02	alleles	proirs_row	proirs_col	counts1	k1	counts2	k2	counts3	k3	counts4	k4	TOTAL
SC12	TRBV20-1	01	05	01,05	0.42,0.58	0.38,0.62	242,27	44.7407054861568	39,399	63.6885528725876	NA	NA	NA	NA	3688
SC12	TRBV4-2	01	01	01	0.42,0.58	1	43,18	14.3627230254881	NA	NA	NA	NA	NA	NA	3688
SC12	TRBV7-2	01,02	01	01,02	0.42,0.58	0.81,0.19	60,143	6.45576019901739	46,1	13.434860751569	NA	NA	NA	NA	3688
SC12	TRBV11-2	01	01	01	0.42,0.58	1	36,30	36.6791822805496	NA	NA	NA	NA	NA	NA	3688
SC12	TRBV6-6	01	01	01	0.42,0.58	1	19,28	13.3475849402056	NA	NA	NA	NA	NA	NA	3688
SC12	TRBV9	01	01	01	0.42,0.58	1	54,53	68.2293255597162	NA	NA	NA	NA	NA	NA	3688
SC12	TRBV7-9	03	03	03	0.42,0.58	1	54,78	38.2976012641412	NA	NA	NA	NA	NA	NA	3688
SC12	TRBV12-3	01	01	01	0.42,0.58	1	39,53	28.4243606071664	NA	NA	NA	NA	NA	NA	3688
SC12	TRBV7-3	01	01	01	0.42,0.58	1	49,47	60.1075764889216	NA	NA	NA	NA	NA	NA	3688
SC12	TRBV11-1	01	01	01	0.42,0.58	1	6,14	3.03131796311263	NA	NA	NA	NA	NA	NA	3688
SC12	TRBV27	01	01	01	0.42,0.58	1	38,94	17.974376033477	NA	NA	NA	NA	NA	NA	3688
SC12	TRBV5-1	01	01	01	0.42,0.58	1	112,82	95.3980626760578	NA	NA	NA	NA	NA	NA	3688
SC12	TRBV12-4	01	01_C87T	01,01_C87T	0.42,0.58	0.13,0.87	8,0	2.54400427844965	5,49	7.68745555109676	NA	NA	NA	NA	3688
SC12	TRBV24-1	01	01	01	0.42,0.58	1	60,71	46.1483053005596	NA	NA	NA	NA	NA	NA	3688
SC12	TRBV5-4	01	01	01	0.42,0.58	1	10,21	5.58768394666614	NA	NA	NA	NA	NA	NA	3688
SC12	TRBV4-3	Del	01	01	0.42,0.58	1	2,64	12.6062387908423	NA	NA	NA	NA	NA	NA	3688
SC12	TRBV5-6	01	01	01	0.42,0.58	1	26,33	19.4850610795893	NA	NA	NA	NA	NA	NA	3688
SC12	TRBV19	01	01_A24G	01,01_A24G	0.42,0.58	0.36,0.64	10,0	3.18000534806206	3,15	1.41841655291565	NA	NA	NA	NA	3688
SC12	TRBV10-3	02	02,03_313GCCATCAGTGAGTC326	02,03_313GCCATCAGTGAGTC326	0.42,0.58	0.47,0.53	36,13	4.06311079069088	4,51	8.76731652263855	NA	NA	NA	NA	3688
SC12	TRBV7-8	01	01	01	0.42,0.58	1	19,26	13.8065740900443	NA	NA	NA	NA	NA	NA	3688
SC12	TRBV6-5	01	01	01	0.42,0.58	1	71,43	45.6431742726292	NA	NA	NA	NA	NA	NA	3688
SC12	TRBV2	01	01	01	0.42,0.58	1	34,31	39.0449673112608	NA	NA	NA	NA	NA	NA	3688
SC12	TRBV18	01	01	01	0.42,0.58	1	17,36	9.43021433685664	NA	NA	NA	NA	NA	NA	3688
SC12	TRBV4-1	01	01	01	0.42,0.58	1	27,41	18.689811482232	NA	NA	NA	NA	NA	NA	3688
SC12	TRBV7-6	01	01	01	0.42,0.58	1	15,55	2.98840340939512	NA	NA	NA	NA	NA	NA	3688
SC12	TRBV6-1	01	01	01	0.42,0.58	1	27,16	16.7758130975627	NA	NA	NA	NA	NA	NA	3688
SC12	TRBV6-23	01	01	01	0.42,0.58	1	22,98	0.405085701844575	NA	NA	NA	NA	NA	NA	3688
SC12	TRBV14	01	02_322CAAGA326	01,02_322CAAGA326	0.42,0.58	0.13,0.87	4,0	1.27200213922482	4,23	2.5566505659172	NA	NA	NA	NA	3688
SC12	TRBV21-1	Unk	01	01	0.42,0.58	1	6,35	1.78806811019315	NA	NA	NA	NA	NA	NA	3688
SC12	TRBV29-1	01	01	01	0.42,0.58	1	73,121	48.202767580557	NA	NA	NA	NA	NA	NA	3688
SC12	TRBV3-1	01	01	01	0.42,0.58	1	57,51	63.8549885049687	NA	NA	NA	NA	NA	NA	3688
SC12	TRBV3-2	Unk	02	02	0.42,0.58	1	0,3	0.68848372475797	NA	NA	NA	NA	NA	NA	3688
SC12	TRBV13	Del	01	01	0.42,0.58	1	1,68	14.5649240925168	NA	NA	NA	NA	NA	NA	3688
SC12	TRBV28	01	Del	01	0.42,0.58	1	72,10	9.20758630697414	NA	NA	NA	NA	NA	NA	3688
SC12	TRBV15	02	02	02	0.42,0.58	1	14,14	18.1172041496127	NA	NA	NA	NA	NA	NA	3688
SC12	TRBV30	01	01	01	0.42,0.58	1	14,16	10.8979848292515	NA	NA	NA	NA	NA	NA	3688
SC12	TRBV6-4	01	01	01	0.42,0.58	1	8,15	4.8832373921877	NA	NA	NA	NA	NA	NA	3688
SC12	TRBV5-5	02_322TTGG325	02_322TTGG325	02_322TTGG325	0.42,0.58	1	7,11	4.7605086898678	NA	NA	NA	NA	NA	NA	3688
SC12	TRBV10-1	01	01	01	0.42,0.58	1	9,2	0.0875409746493342	NA	NA	NA	NA	NA	NA	3688
SC12	TRBV12-5	01_C28G	01	01,01_C28G	0.42,0.58	0.71,0.29	3,9	0.0875595621896484	5,0	1.59000267403103	NA	NA	NA	NA	3688
SC12	TRBV7-4	01	01	01	0.42,0.58	1	2,5	0.93394112939777	NA	NA	NA	NA	NA	NA	3688
SC12	TRBV5-7	01	Unk	01	0.42,0.58	1	1,0	0.357233006674845	NA	NA	NA	NA	NA	NA	3688
SC12	TRBV25-1	01	01	01	0.42,0.58	1	2,6	0.704446554478447	NA	NA	NA	NA	NA	NA	3688
SC12	TRBV10-2	01	01	01	0.42,0.58	1	5,4	4.81911103607165	NA	NA	NA	NA	NA	NA	3688
SC12	TRBV11-3	01	04	01,04	0.42,0.58	0.067,0.933	1,0	0.318000534806206	3,11	0.531178559098316	NA	NA	NA	NA	3688
SC12	TRBV7-7	01_C315T	01_C315T	01_C315T	0.42,0.58	1	5,8	3.36757841063138	NA	NA	NA	NA	NA	NA	3688
SC12	TRBV1	Unk	01	01	0.42,0.58	1	0,1	0.229494574919323	NA	NA	NA	NA	NA	NA	3688
SC12	TRBV12-1	01	01	01	0.42,0.58	1	1,1	1.29408601068662	NA	NA	NA	NA	NA	NA	3688
SC12	TRBV5-8	01	01	01	0.42,0.58	1	2,2	2.58817202137325	NA	NA	NA	NA	NA	NA	3688
SC12	TRBV5-3	Unk	01	01	0.42,0.58	1	0,1	0.229494574919323	NA	NA	NA	NA	NA	NA	3688
SC12	TRBV23-1	Unk	01	01	0.42,0.58	1	1,5	0.106765872599423	NA	NA	NA	NA	NA	NA	3688
SC12	TRBV12-2	Unk	01	01	0.42,0.58	1	0,2	0.458989149838646	NA	NA	NA	NA	NA	NA	3688
SC12	TRBV6-7	01	Unk	01	0.42,0.58	1	1,0	0.357233006674845	NA	NA	NA	NA	NA	NA	3688
SC12	TRBV16	Unk	Unk	NA	NA	NA	NA	NA	NA	NA	NA	NA	NA	NA	3688
SC12	TRBV17	Unk	Unk	NA	NA	NA	NA	NA	NA	NA	NA	NA	NA	NA	3688
SC12	TRBV26	Unk	Unk	NA	NA	NA	NA	NA	NA	NA	NA	NA	NA	NA	3688
SC12	TRBV6-8	Unk	Unk	NA	NA	NA	NA	NA	NA	NA	NA	NA	NA	NA	3688
SC12	TRBV6-9	Unk	Unk	NA	NA	NA	NA	NA	NA	NA	NA	NA	NA	NA	3688
SC12	TRBV7-1	Unk	Unk	NA	NA	NA	NA	NA	NA	NA	NA	NA	NA	NA	3688
