subject	gene	TRBD2_01	TRBD2_02	alleles	proirs_row	proirs_col	counts1	k1	counts2	k2	counts3	k3	counts4	k4	TOTAL
HIP05434	TRBV6-56	ap01,ap02	ap01,ap02	ap01,ap02	0.46,0.54	0.77,0.23	231,189	153.814972235642	71,54	42.5174062780787	NA	NA	NA	NA	16835
HIP05434	TRBV12-34	ap01	ap01	ap01	0.46,0.54	1	332,348	267.284536217942	NA	NA	NA	NA	NA	NA	16835
HIP05434	TRBV24-1	ap01	ap01	ap01	0.46,0.54	1	126,313	54.2688618239427	NA	NA	NA	NA	NA	NA	16835
HIP05434	TRBV1	ap01	ap01	ap01	0.46,0.54	1	45,54	34.4473011723303	NA	NA	NA	NA	NA	NA	16835
HIP05434	TRBV28	ap01	ap01	ap01	0.46,0.54	1	110,394	15.897354878238	NA	NA	NA	NA	NA	NA	16835
HIP05434	TRBV19	ap01	ap01	ap01	0.46,0.54	1	250,298	191.895324097244	NA	NA	NA	NA	NA	NA	16835
HIP05434	TRBV11-3	ap01	ap01	ap01	0.46,0.54	1	102,220	52.634828987993	NA	NA	NA	NA	NA	NA	16835
HIP05434	TRBV5-4	ap01	ap01	ap01	0.46,0.54	1	207,182	228.703510080288	NA	NA	NA	NA	NA	NA	16835
HIP05434	TRBV27	ap01	ap01	ap01	0.46,0.54	1	272,626	130.104779624939	NA	NA	NA	NA	NA	NA	16835
HIP05434	TRBV9	ap01	ap01	ap01	0.46,0.54	1	493,456	58.120876108587	NA	NA	NA	NA	NA	NA	16835
HIP05434	TRBV4-3	Del	ap01	ap01	0.46,0.54	1	31,247	30.9675071185688	NA	NA	NA	NA	NA	NA	16835
HIP05434	TRBV15	ap02	ap02	ap02	0.46,0.54	1	46,57	34.7435109280696	NA	NA	NA	NA	NA	NA	16835
HIP05434	TRBV25-1	ap01	ap01	ap01	0.46,0.54	1	51,122	23.1888423215429	NA	NA	NA	NA	NA	NA	16835
HIP05434	TRBV4-1	ap01	ap01	ap01	0.46,0.54	1	251,173	200.06077964705	NA	NA	NA	NA	NA	NA	16835
HIP05434	TRBV11-2	ap01	ap01	ap01	0.46,0.54	1	176,167	214.309224916043	NA	NA	NA	NA	NA	NA	16835
HIP05434	TRBV7-6	ap01	ap01	ap01	0.46,0.54	1	147,134	170.113978929785	NA	NA	NA	NA	NA	NA	16835
HIP05434	TRBV3-12	ap01	ap01	ap01	0.46,0.54	1	321,392	243.951224131566	NA	NA	NA	NA	NA	NA	16835
HIP05434	TRBV13	ap01	ap01	ap01	0.46,0.54	1	97,62	69.4461938112561	NA	NA	NA	NA	NA	NA	16835
HIP05434	TRBV6-23	ap01	ap01	ap01	0.46,0.54	1	183,355	104.784968754959	NA	NA	NA	NA	NA	NA	16835
HIP05434	TRBV7-4	ap01	ap01	ap01	0.46,0.54	1	21,20	25.6906534853204	NA	NA	NA	NA	NA	NA	16835
HIP05434	TRBV2	ap01	ap01	ap01	0.46,0.54	1	352,200	211.525151058857	NA	NA	NA	NA	NA	NA	16835
HIP05434	TRBV10-2	ap01	ap01	ap01	0.46,0.54	1	57,21	15.8056131764004	NA	NA	NA	NA	NA	NA	16835
HIP05434	TRBV20-1	ap01,ap02	ap01,ap02	ap01,ap02	0.46,0.54	0.9,0.1	347,412	128.2198866744	52,35	25.8471990588135	NA	NA	NA	NA	16835
HIP05434	TRBV7-9	ap01	ap01	ap01	0.46,0.54	1	192,264	138.215149585739	NA	NA	NA	NA	NA	NA	16835
HIP05434	TRBV5-1	ap01	ap01	ap01	0.46,0.54	1	691,495	58.1114364080117	NA	NA	NA	NA	NA	NA	16835
HIP05434	TRBV21-1	ap01	ap01	ap01	0.46,0.54	1	149,267	91.0638361919599	NA	NA	NA	NA	NA	NA	16835
HIP05434	TRBV5-5	ap01	ap01	ap01	0.46,0.54	1	36,46	26.8278407642917	NA	NA	NA	NA	NA	NA	16835
HIP05434	TRBV7-3	ap01	ap01	ap01	0.46,0.54	1	290,292	236.593722137578	NA	NA	NA	NA	NA	NA	16835
HIP05434	TRBV6-4	ap01	ap01	ap01	0.46,0.54	1	135,136	110.120476557307	NA	NA	NA	NA	NA	NA	16835
HIP05434	TRBV5-6	ap01	ap01	ap01	0.46,0.54	1	139,134	172.670676608339	NA	NA	NA	NA	NA	NA	16835
HIP05434	TRBV12-1	ap01	ap01	ap01	0.46,0.54	1	10,14	7.13352712066447	NA	NA	NA	NA	NA	NA	16835
HIP05434	TRBV5-8	ap01	ap01	ap01	0.46,0.54	1	32,32	41.6163851122235	NA	NA	NA	NA	NA	NA	16835
HIP05434	TRBV10-3	ap01	ap01	ap01	0.46,0.54	1	170,170	221.087045908688	NA	NA	NA	NA	NA	NA	16835
HIP05434	TRBV10-1	ap01	ap01	ap01	0.46,0.54	1	96,119	72.4968613130276	NA	NA	NA	NA	NA	NA	16835
HIP05434	TRBV11-1	ap01	ap01	ap01	0.46,0.54	1	31,41	22.7396485085506	NA	NA	NA	NA	NA	NA	16835
HIP05434	TRBV4-2	ap01	Del	ap01	0.46,0.54	1	166,26	10.9288964710263	NA	NA	NA	NA	NA	NA	16835
HIP05434	TRBV14	ap01	ap01	ap01	0.46,0.54	1	58,96	37.5158849538279	NA	NA	NA	NA	NA	NA	16835
HIP05434	TRBV7-8	ap01,ap03	ap01,ap03	ap01,ap03	0.46,0.54	0.65,0.35	69,64	54.7225483027133	35,38	13.8277522338499	NA	NA	NA	NA	16835
HIP05434	TRBV7-2	ap01	ap01	ap01	0.46,0.54	1	241,389	158.465143266463	NA	NA	NA	NA	NA	NA	16835
HIP05434	TRBV30	ap01	ap02	ap01,ap02	0.46,0.54	0.57,0.43	221,11	50.3974305477728	20,155	25.6395495580367	NA	NA	NA	NA	16835
HIP05434	TRBV23-1	ap01	ap01	ap01	0.46,0.54	1	19,55	6.14941405445574	NA	NA	NA	NA	NA	NA	16835
HIP05434	TRBV18	ap01	ap01	ap01	0.46,0.54	1	92,100	73.1370227240016	NA	NA	NA	NA	NA	NA	16835
HIP05434	TRBV29-1	ap02	ap01,ap02	ap01,ap02	0.46,0.54	0.85,0.15	85,270	11.1398123542991	25,40	6.64148784951169	NA	NA	NA	NA	16835
HIP05434	TRBV6-1	ap01	ap01	ap01	0.46,0.54	1	133,70	70.9018482143704	NA	NA	NA	NA	NA	NA	16835
HIP05434	TRBV5-3	ap01	ap01	ap01	0.46,0.54	1	22,45	11.9916159280585	NA	NA	NA	NA	NA	NA	16835
HIP05434	TRBV6-7	ap01	ap01	ap01	0.46,0.54	1	5,17	0.959620083287604	NA	NA	NA	NA	NA	NA	16835
HIP05434	TRBV12-5	ap01	ap01	ap01	0.46,0.54	1	59,67	46.15495383611	NA	NA	NA	NA	NA	NA	16835
HIP05434	TRBV7-7	ap01_C315T	ap01_C315T	ap01_C315T	0.46,0.54	1	55,68	41.5808282929947	NA	NA	NA	NA	NA	NA	16835
HIP05434	TRBV12-2	ap01	ap01	ap01	0.46,0.54	1	23,48	12.2878256837978	NA	NA	NA	NA	NA	NA	16835
HIP05434	TRBV6-9	ap01	ap01	ap01	0.46,0.54	1	12,12	15.6061444170838	NA	NA	NA	NA	NA	NA	16835
HIP05434	TRBV6-8	ap01	ap01	ap01	0.46,0.54	1	6,9	4.123687663776	NA	NA	NA	NA	NA	NA	16835
HIP05434	TRBV5-7	ap01	ap01	ap01	0.46,0.54	1	3,5	1.93148665803577	NA	NA	NA	NA	NA	NA	16835
HIP05434	TRBV16	ap01	Unk	ap01	0.46,0.54	1	3,0	0.958761629458028	NA	NA	NA	NA	NA	NA	16835
HIP05434	TRBV7-1	ap01_G291C_T296C	ap01_G291C_T296C	ap01_G291C_T296C	0.46,0.54	1	6,9	4.123687663776	NA	NA	NA	NA	NA	NA	16835
HIP05434	TRBV17	Unk	Unk	NA	NA	NA	NA	NA	NA	NA	NA	NA	NA	NA	16835
HIP05434	TRBV26	Unk	Unk	NA	NA	NA	NA	NA	NA	NA	NA	NA	NA	NA	16835
