subject	gene	TRBD2_01	TRBD2_02	alleles	proirs_row	proirs_col	counts1	k1	counts2	k2	counts3	k3	counts4	k4	TOTAL
HIP13658	TRBV4-3	ap01	ap01	ap01	0.45,0.55	1	457,452	58.5814429611521	NA	NA	NA	NA	NA	NA	30388
HIP13658	TRBV19	ap01	ap01	ap01	0.45,0.55	1	448,665	310.742377453858	NA	NA	NA	NA	NA	NA	30388
HIP13658	TRBV7-9	ap01	ap01	ap01	0.45,0.55	1	462,610	33.9723281417449	NA	NA	NA	NA	NA	NA	30388
HIP13658	TRBV5-6	ap01	ap01	ap01	0.45,0.55	1	286,351	217.073772563354	NA	NA	NA	NA	NA	NA	30388
HIP13658	TRBV24-1	ap01	ap01	ap01	0.45,0.55	1	441,364	44.7909886545764	NA	NA	NA	NA	NA	NA	30388
HIP13658	TRBV25-1	ap01	ap01	ap01	0.45,0.55	1	124,198	82.4649225387035	NA	NA	NA	NA	NA	NA	30388
HIP13658	TRBV7-3	ap02	ap01	ap01,ap02	0.45,0.55	0.74,0.26	55,335	45.8330289853027	133,4	34.1809318741604	NA	NA	NA	NA	30388
HIP13658	TRBV6-23	ap01	ap01	ap01	0.45,0.55	1	770,899	59.6126600566035	NA	NA	NA	NA	NA	NA	30388
HIP13658	TRBV12-34	ap01	ap01	ap01	0.45,0.55	1	621,657	49.8073341562674	NA	NA	NA	NA	NA	NA	30388
HIP13658	TRBV4-1	ap01	ap01	ap01	0.45,0.55	1	262,295	205.607961936449	NA	NA	NA	NA	NA	NA	30388
HIP13658	TRBV5-4	ap01	ap01	ap01	0.45,0.55	1	351,446	262.536619766506	NA	NA	NA	NA	NA	NA	30388
HIP13658	TRBV5-1	ap01	ap01	ap01	0.45,0.55	1	798,884	62.993112099168	NA	NA	NA	NA	NA	NA	30388
HIP13658	TRBV27	ap01	ap01	ap01	0.45,0.55	1	396,709	243.857631268396	NA	NA	NA	NA	NA	NA	30388
HIP13658	TRBV5-3	ap01	ap01	ap01	0.45,0.55	1	50,66	36.770992140189	NA	NA	NA	NA	NA	NA	30388
HIP13658	TRBV11-2	ap01	ap01	ap01	0.45,0.55	1	374,362	46.6556521720374	NA	NA	NA	NA	NA	NA	30388
HIP13658	TRBV21-1	ap01_T307C	ap01	ap01,ap01_T307C	0.45,0.55	0.61,0.39	32,302	52.9587303105004	205,9	49.3699593224081	NA	NA	NA	NA	30388
HIP13658	TRBV15	ap01	ap02	ap01,ap02	0.45,0.55	0.32,0.68	132,4	33.8887606551211	30,255	42.7437485689323	NA	NA	NA	NA	30388
HIP13658	TRBV3-12	ap01	ap01	ap01	0.45,0.55	1	815,776	99.579272603728	NA	NA	NA	NA	NA	NA	30388
HIP13658	TRBV11-3	ap01	ap01	ap01	0.45,0.55	1	122,145	93.7999881012628	NA	NA	NA	NA	NA	NA	30388
HIP13658	TRBV4-2	ap01	ap01	ap01	0.45,0.55	1	106,350	24.5338406180806	NA	NA	NA	NA	NA	NA	30388
HIP13658	TRBV7-2	ap01	ap01	ap01	0.45,0.55	1	595,723	45.3442330048185	NA	NA	NA	NA	NA	NA	30388
HIP13658	TRBV6-1	ap01	ap01	ap01	0.45,0.55	1	219,229	176.334522764454	NA	NA	NA	NA	NA	NA	30388
HIP13658	TRBV10-3	ap01	ap01	ap01	0.45,0.55	1	191,239	143.801438523098	NA	NA	NA	NA	NA	NA	30388
HIP13658	TRBV14	ap01	ap01	ap01	0.45,0.55	1	155,170	122.788414029871	NA	NA	NA	NA	NA	NA	30388
HIP13658	TRBV20-1	ap01,ap02	ap01,ap02	ap01,ap02	0.45,0.55	0.83,0.17	585,860	176.170281113031	119,170	37.0492253703156	NA	NA	NA	NA	30388
HIP13658	TRBV11-1	Unk	ap01	ap01	0.45,0.55	1	20,87	0.70140969751673	NA	NA	NA	NA	NA	NA	30388
HIP13658	TRBV18	ap01	ap01	ap01	0.45,0.55	1	155,247	103.208296791808	NA	NA	NA	NA	NA	NA	30388
HIP13658	TRBV2	ap01	ap01	ap01	0.45,0.55	1	482,463	59.5534694190779	NA	NA	NA	NA	NA	NA	30388
HIP13658	TRBV5-5	ap01	ap01	ap01	0.45,0.55	1	69,81	53.307184500989	NA	NA	NA	NA	NA	NA	30388
HIP13658	TRBV13	ap01	ap01	ap01	0.45,0.55	1	123,204	79.8681201220994	NA	NA	NA	NA	NA	NA	30388
HIP13658	TRBV12-5	ap01	ap01	ap01	0.45,0.55	1	109,151	78.3502377391833	NA	NA	NA	NA	NA	NA	30388
HIP13658	TRBV5-8	ap01	ap01	ap01	0.45,0.55	1	53,73	38.2042184685521	NA	NA	NA	NA	NA	NA	30388
HIP13658	TRBV6-4	ap01	ap01	ap01	0.45,0.55	1	166,218	122.364495610708	NA	NA	NA	NA	NA	NA	30388
HIP13658	TRBV6-56	ap01,ap02	ap01,ap02	ap01,ap02	0.45,0.55	0.7,0.3	453,423	36.2328045065546	178,203	68.0094931499147	NA	NA	NA	NA	30388
HIP13658	TRBV6-9	ap01	ap01	ap01	0.45,0.55	1	8,20	3.4828872264911	NA	NA	NA	NA	NA	NA	30388
HIP13658	TRBV23-1	ap01	ap01	ap01	0.45,0.55	1	59,94	39.2906604672727	NA	NA	NA	NA	NA	NA	30388
HIP13658	TRBV10-2	ap01	ap01	ap01	0.45,0.55	1	136,64	59.644588949719	NA	NA	NA	NA	NA	NA	30388
HIP13658	TRBV30	ap02	ap01	ap01,ap02	0.45,0.55	0.64,0.36	71,515	79.4322793607375	311,13	75.6622682825078	NA	NA	NA	NA	30388
HIP13658	TRBV10-1	ap01	ap01	ap01	0.45,0.55	1	161,166	130.232036950041	NA	NA	NA	NA	NA	NA	30388
HIP13658	TRBV28	ap01	ap01	ap01	0.45,0.55	1	137,241	85.454598294743	NA	NA	NA	NA	NA	NA	30388
HIP13658	TRBV7-6	ap01	ap01	ap01	0.45,0.55	1	212,207	267.396420770787	NA	NA	NA	NA	NA	NA	30388
HIP13658	TRBV7-7	ap01	ap01_C315T	ap01,ap01_C315T	0.45,0.55	0.41,0.59	63,2	16.0678666704427	9,83	14.4189609131349	NA	NA	NA	NA	30388
HIP13658	TRBV16	ap01	ap01	ap01	0.45,0.55	1	2,5	0.870721806622776	NA	NA	NA	NA	NA	NA	30388
HIP13658	TRBV1	ap01	ap01	ap01	0.45,0.55	1	71,60	74.3844493870515	NA	NA	NA	NA	NA	NA	30388
HIP13658	TRBV12-2	ap01	ap01	ap01	0.45,0.55	1	42,55	30.9995197819762	NA	NA	NA	NA	NA	NA	30388
HIP13658	TRBV29-1	ap01,ap02	ap01,ap02	ap01,ap02	0.45,0.55	0.84,0.16	196,332	48.2555628114667	42,58	13.5672237564324	NA	NA	NA	NA	30388
HIP13658	TRBV7-8	ap01,ap03	ap01,ap03	ap01,ap03	0.45,0.55	0.64,0.36	114,157	36.9305416032257	66,86	22.5825627893034	NA	NA	NA	NA	30388
HIP13658	TRBV9	ap01	ap01	ap01	0.45,0.55	1	691,761	54.6602998611386	NA	NA	NA	NA	NA	NA	30388
HIP13658	TRBV7-4	ap01	ap01	ap01	0.45,0.55	1	34,31	39.3090425687722	NA	NA	NA	NA	NA	NA	30388
HIP13658	TRBV12-1	ap01	ap01	ap01	0.45,0.55	1	21,27	15.6269035094171	NA	NA	NA	NA	NA	NA	30388
HIP13658	TRBV6-7	ap01	ap01	ap01	0.45,0.55	1	33,37	25.9369790863129	NA	NA	NA	NA	NA	NA	30388
HIP13658	TRBV7-1	ap01_G291C_T296C	ap01_G291C_T296C	ap01_G291C_T296C	0.45,0.55	1	8,11	5.77147235821273	NA	NA	NA	NA	NA	NA	30388
HIP13658	TRBV6-8	ap01_A293G	ap01	ap01,ap01_A293G	0.45,0.55	0.941,0.059	8,24	0.595748479711079	2,0	0.584342438078573	NA	NA	NA	NA	30388
HIP13658	TRBV5-7	ap01_G290A	ap01	ap01,ap01_G290A	0.45,0.55	0.71,0.29	1,11	2.03857482760101	5,0	1.46085609519643	NA	NA	NA	NA	30388
HIP13658	TRBV17	ap01	ap01	ap01	0.45,0.55	1	2,2	2.59933068441416	NA	NA	NA	NA	NA	NA	30388
HIP13658	TRBV26	Unk	Unk	NA	NA	NA	NA	NA	NA	NA	NA	NA	NA	NA	30388
