subject	gene	TRBD2_01	TRBD2_02	alleles	proirs_row	proirs_col	counts1	k1	counts2	k2	counts3	k3	counts4	k4	TOTAL
HIP12034	TRBV6-23	ap01	ap01	ap01	0.47,0.53	1	362,372	293.605041744357	NA	NA	NA	NA	NA	NA	39981
HIP12034	TRBV3-12	ap01	ap01	ap01	0.47,0.53	1	1013,943	120.571231235149	NA	NA	NA	NA	NA	NA	39981
HIP12034	TRBV27	ap01	ap01	ap01	0.47,0.53	1	496,839	31.2855025765717	NA	NA	NA	NA	NA	NA	39981
HIP12034	TRBV4-2	ap01	ap01	ap01	0.47,0.53	1	536,489	62.1937882899857	NA	NA	NA	NA	NA	NA	39981
HIP12034	TRBV5-1	ap01	ap01	ap01	0.47,0.53	1	1777,1647	210.345845166992	NA	NA	NA	NA	NA	NA	39981
HIP12034	TRBV15	ap02	ap02	ap02	0.47,0.53	1	203,270	147.97269262442	NA	NA	NA	NA	NA	NA	39981
HIP12034	TRBV6-56	ap01,ap02	ap01,ap02	ap01,ap02	0.47,0.53	0.76,0.24	652,724	252.634769421026	215,213	186.279552642351	NA	NA	NA	NA	39981
HIP12034	TRBV10-2	ap01	ap01	ap01	0.47,0.53	1	205,252	155.041527965607	NA	NA	NA	NA	NA	NA	39981
HIP12034	TRBV7-7	ap01	ap01	ap01	0.47,0.53	1	117,106	134.566919056559	NA	NA	NA	NA	NA	NA	39981
HIP12034	TRBV7-3	ap01	ap03	ap01,ap03	0.47,0.53	0.6,0.4	509,16	121.943056609515	42,305	51.4208361740175	NA	NA	NA	NA	39981
HIP12034	TRBV5-6	ap01	ap01	ap01	0.47,0.53	1	322,354	254.887527921709	NA	NA	NA	NA	NA	NA	39981
HIP12034	TRBV4-1	ap01	ap01	ap01	0.47,0.53	1	813,765	98.0827420213598	NA	NA	NA	NA	NA	NA	39981
HIP12034	TRBV21-1	ap01	ap01	ap01	0.47,0.53	1	292,456	194.481305804389	NA	NA	NA	NA	NA	NA	39981
HIP12034	TRBV20-1	ap01,ap02	ap01,ap02	ap01,ap02	0.47,0.53	0.87,0.13	973,1233	33.7043734290962	145,197	46.7547675033135	NA	NA	NA	NA	39981
HIP12034	TRBV12-34	ap01	ap01	ap01	0.47,0.53	1	719,1070	49.32225633016	NA	NA	NA	NA	NA	NA	39981
HIP12034	TRBV10-1	ap01	ap01	ap01	0.47,0.53	1	293,364	220.557292308556	NA	NA	NA	NA	NA	NA	39981
HIP12034	TRBV7-6	ap01	ap01	ap01	0.47,0.53	1	253,300	194.332696152708	NA	NA	NA	NA	NA	NA	39981
HIP12034	TRBV24-1	ap01	ap01	ap01	0.47,0.53	1	453,621	32.5184091765278	NA	NA	NA	NA	NA	NA	39981
HIP12034	TRBV2	ap01	ap01	ap01	0.47,0.53	1	815,680	84.3427426360434	NA	NA	NA	NA	NA	NA	39981
HIP12034	TRBV6-1	ap01	ap01	ap01	0.47,0.53	1	366,397	291.176017259888	NA	NA	NA	NA	NA	NA	39981
HIP12034	TRBV9	ap01	ap01	ap01	0.47,0.53	1	983,557	59.378380520869	NA	NA	NA	NA	NA	NA	39981
HIP12034	TRBV7-9	ap01	ap01	ap01	0.47,0.53	1	700,867	52.7641479894738	NA	NA	NA	NA	NA	NA	39981
HIP12034	TRBV5-5	ap01	ap01	ap01	0.47,0.53	1	80,113	56.5229698117393	NA	NA	NA	NA	NA	NA	39981
HIP12034	TRBV29-1	ap01,ap02	ap01,ap02	ap01,ap02	0.47,0.53	0.85,0.15	212,395	40.3302574056103	42,66	11.2008832165095	NA	NA	NA	NA	39981
HIP12034	TRBV5-4	ap01	ap01	ap01	0.47,0.53	1	596,708	45.7447799656178	NA	NA	NA	NA	NA	NA	39981
HIP12034	TRBV7-8	ap01,ap03	ap01,ap03	ap01,ap03	0.47,0.53	0.7,0.3	152,172	58.0541416156563	72,66	56.2364565947649	NA	NA	NA	NA	39981
HIP12034	TRBV19	ap01	ap01	ap01	0.47,0.53	1	556,776	39.5373961499948	NA	NA	NA	NA	NA	NA	39981
HIP12034	TRBV30	ap02	ap02	ap02	0.47,0.53	1	575,564	73.0626250134622	NA	NA	NA	NA	NA	NA	39981
HIP12034	TRBV10-3	ap01	ap01	ap01	0.47,0.53	1	350,420	267.487139697408	NA	NA	NA	NA	NA	NA	39981
HIP12034	TRBV5-8	ap01	ap01	ap01	0.47,0.53	1	67,81	51.0417299277878	NA	NA	NA	NA	NA	NA	39981
HIP12034	TRBV7-4	ap01	ap01	ap01	0.47,0.53	1	28,71	11.2416859423511	NA	NA	NA	NA	NA	NA	39981
HIP12034	TRBV6-4	ap01	ap01	ap01	0.47,0.53	1	281,347	212.092426095129	NA	NA	NA	NA	NA	NA	39981
HIP12034	TRBV14	ap01	ap01	ap01	0.47,0.53	1	156,275	95.3776617744002	NA	NA	NA	NA	NA	NA	39981
HIP12034	TRBV11-2	ap01	ap01	ap01	0.47,0.53	1	391,453	303.22102719058	NA	NA	NA	NA	NA	NA	39981
HIP12034	TRBV1	ap01	ap01	ap01	0.47,0.53	1	187,190	152.257087228905	NA	NA	NA	NA	NA	NA	39981
HIP12034	TRBV6-9	ap01	ap01	ap01	0.47,0.53	1	21,15	17.6748607839731	NA	NA	NA	NA	NA	NA	39981
HIP12034	TRBV6-7	ap01	ap01	ap01	0.47,0.53	1	46,79	28.6917256792095	NA	NA	NA	NA	NA	NA	39981
HIP12034	TRBV7-2	ap01	ap01	ap01	0.47,0.53	1	445,403	51.1553022564804	NA	NA	NA	NA	NA	NA	39981
HIP12034	TRBV13	ap01	ap01	ap01	0.47,0.53	1	176,157	198.478027314564	NA	NA	NA	NA	NA	NA	39981
HIP12034	TRBV6-8	ap01	ap01	ap01	0.47,0.53	1	18,42	8.2161440700934	NA	NA	NA	NA	NA	NA	39981
HIP12034	TRBV12-2	ap01	ap01	ap01	0.47,0.53	1	75,122	48.6279474588758	NA	NA	NA	NA	NA	NA	39981
HIP12034	TRBV12-5	ap01	ap01	ap01	0.47,0.53	1	123,196	80.8579013125681	NA	NA	NA	NA	NA	NA	39981
HIP12034	TRBV11-3	ap01	ap01	ap01	0.47,0.53	1	169,185	133.992291992038	NA	NA	NA	NA	NA	NA	39981
HIP12034	TRBV5-3	ap01	ap01	ap01	0.47,0.53	1	59,66	46.3942980632912	NA	NA	NA	NA	NA	NA	39981
HIP12034	TRBV25-1	ap01	ap01	ap01	0.47,0.53	1	172,290	108.746303003437	NA	NA	NA	NA	NA	NA	39981
HIP12034	TRBV28	ap01	ap01	ap01	0.47,0.53	1	96,160	61.2008857073499	NA	NA	NA	NA	NA	NA	39981
HIP12034	TRBV5-7	ap01	ap01	ap01	0.47,0.53	1	13,18	9.28343221732535	NA	NA	NA	NA	NA	NA	39981
HIP12034	TRBV23-1	ap01	ap01	ap01	0.47,0.53	1	93,167	56.0293360289605	NA	NA	NA	NA	NA	NA	39981
HIP12034	TRBV18	ap01	ap01	ap01	0.47,0.53	1	224,364	145.336861539399	NA	NA	NA	NA	NA	NA	39981
HIP12034	TRBV12-1	ap01	ap01	ap01	0.47,0.53	1	41,62	27.8579176597546	NA	NA	NA	NA	NA	NA	39981
HIP12034	TRBV7-1	ap01_G291C_T296C	ap01_G291C_T296C_C314T	ap01_G291C_T296C,ap01_G291C_T296C_C314T	0.47,0.53	0.14,0.86	6,0	1.65489643827339	6,32	4.31393937534817	NA	NA	NA	NA	39981
HIP12034	TRBV11-1	ap01	ap01	ap01	0.47,0.53	1	49,48	62.1613113622165	NA	NA	NA	NA	NA	NA	39981
HIP12034	TRBV16	ap01	ap01	ap01	0.47,0.53	1	5,5	6.50719793753344	NA	NA	NA	NA	NA	NA	39981
HIP12034	TRBV17	Unk	Unk	NA	NA	NA	NA	NA	NA	NA	NA	NA	NA	NA	39981
HIP12034	TRBV26	Unk	Unk	NA	NA	NA	NA	NA	NA	NA	NA	NA	NA	NA	39981
HIP12034	TRBV4-3	Del	Del	Del	NA	NA	NA	1000	NA	NA	NA	NA	NA	NA	39981
