subject	gene	TRBD2_01	TRBD2_02	alleles	proirs_row	proirs_col	counts1	k1	counts2	k2	counts3	k3	counts4	k4	TOTAL
HIP04509	TRBV4-3	ap01	ap01	ap01	0.48,0.52	1	266,232	291.800272969024	NA	NA	NA	NA	NA	NA	14129
HIP04509	TRBV7-9	ap01	ap01	ap01	0.48,0.52	1	200,229	155.679066924003	NA	NA	NA	NA	NA	NA	14129
HIP04509	TRBV4-2	ap01	ap01	ap01	0.48,0.52	1	206,175	218.501734867721	NA	NA	NA	NA	NA	NA	14129
HIP04509	TRBV6-23	ap01	ap01	ap01	0.48,0.52	1	387,364	46.6929120783727	NA	NA	NA	NA	NA	NA	14129
HIP04509	TRBV20-1	ap01,ap02	ap01,ap02	ap01,ap02	0.48,0.52	0.87,0.13	281,325	105.04867280572	51,43	35.5454161902274	NA	NA	NA	NA	14129
HIP04509	TRBV30	Unk	ap01,ap03	ap01,ap03	0.48,0.52	0.88,0.12	25,154	24.3175480770754	3,22	3.86542308584127	NA	NA	NA	NA	14129
HIP04509	TRBV7-3	ap01	ap01	ap01	0.48,0.52	1	202,179	226.108949157812	NA	NA	NA	NA	NA	NA	14129
HIP04509	TRBV7-8	ap01,ap03	ap01,ap03	ap01,ap03	0.48,0.52	0.63,0.37	66,58	48.6960659174768	26,46	5.43297297204855	NA	NA	NA	NA	14129
HIP04509	TRBV7-2	ap01	ap01	ap01	0.48,0.52	1	351,302	37.8420872126502	NA	NA	NA	NA	NA	NA	14129
HIP04509	TRBV5-8	ap01	ap01	ap01	0.48,0.52	1	37,34	43.3587329802432	NA	NA	NA	NA	NA	NA	14129
HIP04509	TRBV18	ap01	ap01	ap01	0.48,0.52	1	99,112	77.4392461041239	NA	NA	NA	NA	NA	NA	14129
HIP04509	TRBV5-1	ap01	ap01	ap01	0.48,0.52	1	381,372	48.1543476448823	NA	NA	NA	NA	NA	NA	14129
HIP04509	TRBV11-2	ap01	ap01	ap01	0.48,0.52	1	130,132	105.89332664312	NA	NA	NA	NA	NA	NA	14129
HIP04509	TRBV6-9	ap01	ap01	ap01	0.48,0.52	1	3,7	1.34038531228268	NA	NA	NA	NA	NA	NA	14129
HIP04509	TRBV6-4	ap01	ap01	ap01	0.48,0.52	1	193,135	158.331524216576	NA	NA	NA	NA	NA	NA	14129
HIP04509	TRBV6-56	ap01,ap02	ap01,ap02	ap01,ap02	0.48,0.52	0.73,0.27	177,199	67.7075751327672	72,69	59.6855713598894	NA	NA	NA	NA	14129
HIP04509	TRBV6-1	ap01	ap01	ap01	0.48,0.52	1	134,102	123.17536041725	NA	NA	NA	NA	NA	NA	14129
HIP04509	TRBV25-1	ap01	ap01	ap01	0.48,0.52	1	60,72	45.7828667021081	NA	NA	NA	NA	NA	NA	14129
HIP04509	TRBV19	ap01	ap01	ap01	0.48,0.52	1	208,216	168.089899537948	NA	NA	NA	NA	NA	NA	14129
HIP04509	TRBV1	ap01	ap01	ap01	0.48,0.52	1	32,30	38.4518468080363	NA	NA	NA	NA	NA	NA	14129
HIP04509	TRBV29-1	ap01,ap02	ap01,ap02	ap01,ap02	0.48,0.52	0.86,0.14	84,145	18.5256695381882	22,16	12.4125249381504	NA	NA	NA	NA	14129
HIP04509	TRBV7-6	ap01	ap01	ap01	0.48,0.52	1	106,109	85.9617103939323	NA	NA	NA	NA	NA	NA	14129
HIP04509	TRBV4-1	ap01	ap01	ap01	0.48,0.52	1	114,113	146.795527832882	NA	NA	NA	NA	NA	NA	14129
HIP04509	TRBV3-12	ap01	ap01	ap01	0.48,0.52	1	368,330	41.8169731567717	NA	NA	NA	NA	NA	NA	14129
HIP04509	TRBV24-1	ap01	ap01	ap01	0.48,0.52	1	119,156	87.1192721254772	NA	NA	NA	NA	NA	NA	14129
HIP04509	TRBV5-6	ap01	ap01	ap01	0.48,0.52	1	102,125	77.1053525526017	NA	NA	NA	NA	NA	NA	14129
HIP04509	TRBV10-1	ap01	ap01	ap01	0.48,0.52	1	65,86	47.3657337755441	NA	NA	NA	NA	NA	NA	14129
HIP04509	TRBV28	Del	ap01	ap01	0.48,0.52	1	88,391	12.4916601252235	NA	NA	NA	NA	NA	NA	14129
HIP04509	TRBV2	ap01	ap01	ap01	0.48,0.52	1	216,207	266.757917971655	NA	NA	NA	NA	NA	NA	14129
HIP04509	TRBV21-1	ap01	ap01	ap01	0.48,0.52	1	96,117	72.7503030642316	NA	NA	NA	NA	NA	NA	14129
HIP04509	TRBV5-7	ap01	Unk	ap01	0.48,0.52	1	7,1	0.498488087818257	NA	NA	NA	NA	NA	NA	14129
HIP04509	TRBV11-3	ap01	ap01	ap01	0.48,0.52	1	73,86	56.1489621845795	NA	NA	NA	NA	NA	NA	14129
HIP04509	TRBV15	ap02	ap02	ap02	0.48,0.52	1	87,97	68.4501006500827	NA	NA	NA	NA	NA	NA	14129
HIP04509	TRBV5-3	ap01	ap01	ap01	0.48,0.52	1	23,27	17.7175267888553	NA	NA	NA	NA	NA	NA	14129
HIP04509	TRBV11-1	ap01	ap01	ap01	0.48,0.52	1	41,36	45.3621213800328	NA	NA	NA	NA	NA	NA	14129
HIP04509	TRBV12-34	ap01	ap01	ap01	0.48,0.52	1	305,214	251.267043055223	NA	NA	NA	NA	NA	NA	14129
HIP04509	TRBV12-5	ap01	ap01	ap01	0.48,0.52	1	35,33	42.3570387803484	NA	NA	NA	NA	NA	NA	14129
HIP04509	TRBV10-3	ap01	ap01	ap01	0.48,0.52	1	99,109	78.2763855360263	NA	NA	NA	NA	NA	NA	14129
HIP04509	TRBV27	ap01	ap01	ap01	0.48,0.52	1	249,395	163.154625697412	NA	NA	NA	NA	NA	NA	14129
HIP04509	TRBV5-4	ap01	ap01	ap01	0.48,0.52	1	184,211	143.135446697346	NA	NA	NA	NA	NA	NA	14129
HIP04509	TRBV23-1	ap01	ap01	ap01	0.48,0.52	1	35,38	27.8228581520996	NA	NA	NA	NA	NA	NA	14129
HIP04509	TRBV9	ap01	ap01	ap01	0.48,0.52	1	376,378	307.332166804963	NA	NA	NA	NA	NA	NA	14129
HIP04509	TRBV7-7	ap01	ap01_C315T	ap01,ap01_C315T	0.48,0.52	0.55,0.45	46,4	7.79700346914321	4,37	7.21718326991158	NA	NA	NA	NA	14129
HIP04509	TRBV13	ap01	ap01	ap01	0.48,0.52	1	59,50	62.3862047539857	NA	NA	NA	NA	NA	NA	14129
HIP04509	TRBV5-5	ap01	ap01	ap01	0.48,0.52	1	49,33	38.1565283747519	NA	NA	NA	NA	NA	NA	14129
HIP04509	TRBV12-1	ap01	ap01	ap01	0.48,0.52	1	16,12	14.4206220590782	NA	NA	NA	NA	NA	NA	14129
HIP04509	TRBV14	ap01	ap01	ap01	0.48,0.52	1	70,80	54.529530394996	NA	NA	NA	NA	NA	NA	14129
HIP04509	TRBV10-2	ap01	ap01	ap01	0.48,0.52	1	11,24	5.3798236072045	NA	NA	NA	NA	NA	NA	14129
HIP04509	TRBV7-4	ap01	ap01	ap01	0.48,0.52	1	11,24	5.3798236072045	NA	NA	NA	NA	NA	NA	14129
HIP04509	TRBV16	ap01	ap01	ap01	0.48,0.52	1	3,2	2.30342485733216	NA	NA	NA	NA	NA	NA	14129
HIP04509	TRBV12-2	ap01	ap01	ap01	0.48,0.52	1	18,16	20.2276176039129	NA	NA	NA	NA	NA	NA	14129
HIP04509	TRBV6-7	ap01	ap01	ap01	0.48,0.52	1	10,19	5.67715244257908	NA	NA	NA	NA	NA	NA	14129
HIP04509	TRBV6-8	ap01	ap01	ap01	0.48,0.52	1	4,10	1.60114943150971	NA	NA	NA	NA	NA	NA	14129
HIP04509	TRBV7-1	ap01_T296C	ap01_T296C	ap01_T296C	0.48,0.52	1	2,2	2.60346131487477	NA	NA	NA	NA	NA	NA	14129
HIP04509	TRBV17	Unk	Unk	NA	NA	NA	NA	NA	NA	NA	NA	NA	NA	NA	14129
HIP04509	TRBV26	Unk	Unk	NA	NA	NA	NA	NA	NA	NA	NA	NA	NA	NA	14129
