subject	gene	TRBD2_01	TRBD2_02	alleles	proirs_row	proirs_col	counts1	k1	counts2	k2	counts3	k3	counts4	k4	TOTAL
HIP14134	TRBV6-4	ap01	ap01	ap01	0.45,0.55	1	114,85	100.947658504609	NA	NA	NA	NA	NA	NA	13284
HIP14134	TRBV3-12	ap01	ap01	ap01	0.45,0.55	1	284,307	226.100582472112	NA	NA	NA	NA	NA	NA	13284
HIP14134	TRBV27	ap01	ap01	ap01	0.45,0.55	1	173,274	115.694235221652	NA	NA	NA	NA	NA	NA	13284
HIP14134	TRBV21-1	ap01	ap01	ap01	0.45,0.55	1	92,137	63.7319126569184	NA	NA	NA	NA	NA	NA	13284
HIP14134	TRBV9	ap01	ap01	ap01	0.45,0.55	1	223,339	152.726657869228	NA	NA	NA	NA	NA	NA	13284
HIP14134	TRBV11-2	ap01	ap01	ap01	0.45,0.55	1	134,151	105.123886048334	NA	NA	NA	NA	NA	NA	13284
HIP14134	TRBV24-1	ap01	ap01	ap01	0.45,0.55	1	111,187	71.3952706842653	NA	NA	NA	NA	NA	NA	13284
HIP14134	TRBV5-1	ap01	ap01	ap01	0.45,0.55	1	611,473	56.9410980166687	NA	NA	NA	NA	NA	NA	13284
HIP14134	TRBV5-6	ap01	ap01	ap01	0.45,0.55	1	133,148	104.813879349684	NA	NA	NA	NA	NA	NA	13284
HIP14134	TRBV7-9	ap01	ap01	ap01	0.45,0.55	1	209,250	160.292542001196	NA	NA	NA	NA	NA	NA	13284
HIP14134	TRBV7-2	ap01_G297A	ap01	ap01,ap01_G297A	0.45,0.55	0.73,0.27	58,324	40.901837847409	136,2	37.524266529003	NA	NA	NA	NA	13284
HIP14134	TRBV4-1	ap01	ap01	ap01	0.45,0.55	1	170,81	76.070951562434	NA	NA	NA	NA	NA	NA	13284
HIP14134	TRBV12-34	ap01	ap01	ap01	0.45,0.55	1	326,336	263.692775678508	NA	NA	NA	NA	NA	NA	13284
HIP14134	TRBV20-1	ap01,ap02	ap01,ap02	ap01,ap02	0.45,0.55	0.83,0.17	272,371	89.0815975643266	65,70	25.8514335035153	NA	NA	NA	NA	13284
HIP14134	TRBV25-1	ap01	ap01	ap01	0.45,0.55	1	52,83	34.6126118968598	NA	NA	NA	NA	NA	NA	13284
HIP14134	TRBV2	ap01	ap01	ap01	0.45,0.55	1	268,193	226.208609093892	NA	NA	NA	NA	NA	NA	13284
HIP14134	TRBV19	ap01	ap01	ap01	0.45,0.55	1	288,334	223.54082908169	NA	NA	NA	NA	NA	NA	13284
HIP14134	TRBV7-8	ap01,ap03,ap03_C297A	ap01,ap03	ap01,ap03,ap03_C297A	0.45,0.55	0.59,0.18,0.24	56,66	20.8797318842814	16,21	5.4415197060192	44,5	7.04558699431701	NA	NA	13284
HIP14134	TRBV10-3	ap01	ap01	ap01	0.45,0.55	1	120,134	94.4508252922109	NA	NA	NA	NA	NA	NA	13284
HIP14134	TRBV5-5	ap01	ap01	ap01	0.45,0.55	1	28,44	18.8129347222331	NA	NA	NA	NA	NA	NA	13284
HIP14134	TRBV4-3	Del	ap01	ap01	0.45,0.55	1	36,274	30.8906595628323	NA	NA	NA	NA	NA	NA	13284
HIP14134	TRBV14	ap01	ap01	ap01	0.45,0.55	1	78,110	55.5920386908081	NA	NA	NA	NA	NA	NA	13284
HIP14134	TRBV6-23	ap01	ap01	ap01	0.45,0.55	1	140,390	51.0004981809506	NA	NA	NA	NA	NA	NA	13284
HIP14134	TRBV1	ap01	ap01	ap01	0.45,0.55	1	27,32	20.7827961345951	NA	NA	NA	NA	NA	NA	13284
HIP14134	TRBV4-2	ap01	Del	ap01	0.45,0.55	1	135,16	18.2370132450749	NA	NA	NA	NA	NA	NA	13284
HIP14134	TRBV6-56	ap01,ap02	ap01,ap02	ap01,ap02	0.45,0.55	0.73,0.27	169,211	60.1206638447116	73,70	60.5288026039113	NA	NA	NA	NA	13284
HIP14134	TRBV15	ap02	ap02	ap02	0.45,0.55	1	80,96	61.2784256681322	NA	NA	NA	NA	NA	NA	13284
HIP14134	TRBV5-4	ap01	ap01	ap01	0.45,0.55	1	193,254	142.15986351474	NA	NA	NA	NA	NA	NA	13284
HIP14134	TRBV7-6	ap01	ap01	ap01	0.45,0.55	1	106,111	85.2976766100956	NA	NA	NA	NA	NA	NA	13284
HIP14134	TRBV7-7	ap01	ap01	ap01	0.45,0.55	1	27,44	17.7429719865799	NA	NA	NA	NA	NA	NA	13284
HIP14134	TRBV10-1	ap01	ap01	ap01	0.45,0.55	1	65,124	38.1360616212992	NA	NA	NA	NA	NA	NA	13284
HIP14134	TRBV6-1	ap01	ap01	ap01	0.45,0.55	1	121,82	93.7693328536381	NA	NA	NA	NA	NA	NA	13284
HIP14134	TRBV18	ap01	ap01	ap01	0.45,0.55	1	100,121	76.3447134061639	NA	NA	NA	NA	NA	NA	13284
HIP14134	TRBV10-2	ap01	ap01	ap01	0.45,0.55	1	58,66	45.3388058538004	NA	NA	NA	NA	NA	NA	13284
HIP14134	TRBV7-3	ap03	ap02	ap02,ap03	0.45,0.55	0.63,0.37	8,89	16.4794286386321	56,0	16.415015008036	NA	NA	NA	NA	13284
HIP14134	TRBV29-1	ap01,ap02	ap01,ap02	ap01,ap02	0.45,0.55	0.8,0.2	105,142	34.6857591942064	20,40	3.43880929163134	NA	NA	NA	NA	13284
HIP14134	TRBV12-5	ap01	ap01	ap01	0.45,0.55	1	44,82	26.3062286906358	NA	NA	NA	NA	NA	NA	13284
HIP14134	TRBV11-3	ap01	ap01	ap01	0.45,0.55	1	68,70	55.025158494327	NA	NA	NA	NA	NA	NA	13284
HIP14134	TRBV30	Del	ap01	ap01	0.45,0.55	1	47,242	11.014871742607	NA	NA	NA	NA	NA	NA	13284
HIP14134	TRBV28	ap01	Unk	ap01	0.45,0.55	1	29,4	3.00136126442909	NA	NA	NA	NA	NA	NA	13284
HIP14134	TRBV5-8	ap01	ap01	ap01	0.45,0.55	1	28,32	21.8527588702483	NA	NA	NA	NA	NA	NA	13284
HIP14134	TRBV16	ap01	ap01	ap01	0.45,0.55	1	1,2	0.563325377650641	NA	NA	NA	NA	NA	NA	13284
HIP14134	TRBV6-8	ap01	ap01	ap01	0.45,0.55	1	5,14	1.80335217224815	NA	NA	NA	NA	NA	NA	13284
HIP14134	TRBV12-1	ap01	ap01	ap01	0.45,0.55	1	6,14	2.87331490790132	NA	NA	NA	NA	NA	NA	13284
HIP14134	TRBV7-1	ap01_G291C_T296C	ap01_G291C_T296C_C314T	ap01_G291C_T296C,ap01_G291C_T296C_C314T	0.45,0.55	0.29,0.71	4,1	0.00211611246031295	0,12	2.93506066114269	NA	NA	NA	NA	13284
HIP14134	TRBV13	ap01	ap01	ap01	0.45,0.55	1	53,43	52.5994858010196	NA	NA	NA	NA	NA	NA	13284
HIP14134	TRBV5-3	ap01	ap01	ap01	0.45,0.55	1	12,26	6.25326717380516	NA	NA	NA	NA	NA	NA	13284
HIP14134	TRBV12-2	ap01	ap01	ap01	0.45,0.55	1	14,35	6.11332453410012	NA	NA	NA	NA	NA	NA	13284
HIP14134	TRBV6-9	ap01	ap01	ap01	0.45,0.55	1	4,1	0.315585821204052	NA	NA	NA	NA	NA	NA	13284
HIP14134	TRBV23-1	ap01	ap01	ap01	0.45,0.55	1	21,37	13.0964263256698	NA	NA	NA	NA	NA	NA	13284
HIP14134	TRBV11-1	ap01	ap01	ap01	0.45,0.55	1	11,7	7.78471438974913	NA	NA	NA	NA	NA	NA	13284
HIP14134	TRBV6-7	ap01	ap01	ap01	0.45,0.55	1	12,11	13.9667167698484	NA	NA	NA	NA	NA	NA	13284
HIP14134	TRBV7-4	Unk	ap01	ap01	0.45,0.55	1	4,17	0.0265666004088154	NA	NA	NA	NA	NA	NA	13284
HIP14134	TRBV5-7	ap01	ap01	ap01	0.45,0.55	1	1,3	0.310006698649376	NA	NA	NA	NA	NA	NA	13284
HIP14134	TRBV17	Unk	Unk	NA	NA	NA	NA	NA	NA	NA	NA	NA	NA	NA	13284
HIP14134	TRBV26	Unk	Unk	NA	NA	NA	NA	NA	NA	NA	NA	NA	NA	NA	13284
