subject	gene	TRBD2_01	TRBD2_02	alleles	proirs_row	proirs_col	counts1	k1	counts2	k2	counts3	k3	counts4	k4	TOTAL
HIP14130	TRBV21-1	ap01	ap01	ap01	0.46,0.54	1	84,125	57.9949641892298	NA	NA	NA	NA	NA	NA	17928
HIP14130	TRBV4-2	ap01	ap01	ap01	0.46,0.54	1	234,223	286.495572985342	NA	NA	NA	NA	NA	NA	17928
HIP14130	TRBV3-12	ap01	ap01	ap01	0.46,0.54	1	269,275	218.378391584315	NA	NA	NA	NA	NA	NA	17928
HIP14130	TRBV4-1	ap01	ap01	ap01	0.46,0.54	1	245,201	247.335069378248	NA	NA	NA	NA	NA	NA	17928
HIP14130	TRBV6-56	ap01,ap02	ap01,ap02	ap01,ap02	0.46,0.54	0.75,0.25	279,316	106.936876978517	105,92	77.0005626690046	NA	NA	NA	NA	17928
HIP14130	TRBV28	ap01	ap01	ap01	0.46,0.54	1	320,530	206.908775852272	NA	NA	NA	NA	NA	NA	17928
HIP14130	TRBV6-4	ap01	ap01	ap01	0.46,0.54	1	122,139	95.3200027527954	NA	NA	NA	NA	NA	NA	17928
HIP14130	TRBV4-3	ap01	ap01	ap01	0.46,0.54	1	255,291	199.112661839622	NA	NA	NA	NA	NA	NA	17928
HIP14130	TRBV10-1	ap01	ap01	ap01	0.46,0.54	1	79,131	51.0398804707421	NA	NA	NA	NA	NA	NA	17928
HIP14130	TRBV10-3	ap01	ap01	ap01	0.46,0.54	1	146,188	108.427325728684	NA	NA	NA	NA	NA	NA	17928
HIP14130	TRBV6-23	ap01	ap01	ap01	0.46,0.54	1	537,600	42.2646981733477	NA	NA	NA	NA	NA	NA	17928
HIP14130	TRBV5-4	ap01	ap01	ap01	0.46,0.54	1	223,229	180.767461758966	NA	NA	NA	NA	NA	NA	17928
HIP14130	TRBV6-1	ap01	ap01	ap01	0.46,0.54	1	122,140	95.0593719189541	NA	NA	NA	NA	NA	NA	17928
HIP14130	TRBV27	ap01	ap01	ap01	0.46,0.54	1	299,457	203.291372117839	NA	NA	NA	NA	NA	NA	17928
HIP14130	TRBV2	ap01	ap01	ap01	0.46,0.54	1	281,255	323.346252771332	NA	NA	NA	NA	NA	NA	17928
HIP14130	TRBV12-34	ap01	ap01	ap01	0.46,0.54	1	341,324	41.5928243170238	NA	NA	NA	NA	NA	NA	17928
HIP14130	TRBV5-1	ap01	ap01	ap01	0.46,0.54	1	522,514	66.5900839203031	NA	NA	NA	NA	NA	NA	17928
HIP14130	TRBV7-2	ap01	ap01	ap01	0.46,0.54	1	355,397	279.311767761244	NA	NA	NA	NA	NA	NA	17928
HIP14130	TRBV5-6	ap01	ap01	ap01	0.46,0.54	1	160,169	128.4749479749	NA	NA	NA	NA	NA	NA	17928
HIP14130	TRBV10-2	ap01	ap01	ap01	0.46,0.54	1	30,31	24.2682364435597	NA	NA	NA	NA	NA	NA	17928
HIP14130	TRBV25-1	ap01	ap01	ap01	0.46,0.54	1	96,100	77.449851952318	NA	NA	NA	NA	NA	NA	17928
HIP14130	TRBV7-3	ap01	ap01	ap01	0.46,0.54	1	181,261	127.140365866349	NA	NA	NA	NA	NA	NA	17928
HIP14130	TRBV7-9	ap01	ap01	ap01	0.46,0.54	1	249,302	189.77616420884	NA	NA	NA	NA	NA	NA	17928
HIP14130	TRBV5-3	ap01	ap01	ap01	0.46,0.54	1	34,60	21.0229812345142	NA	NA	NA	NA	NA	NA	17928
HIP14130	TRBV7-7	ap01_C315T	ap01_C315T	ap01_C315T	0.46,0.54	1	66,67	53.7028771764409	NA	NA	NA	NA	NA	NA	17928
HIP14130	TRBV20-1	ap01,ap02	ap01,ap02	ap01,ap02	0.46,0.54	0.85,0.15	317,394	112.706773769398	47,78	11.7838501603345	NA	NA	NA	NA	17928
HIP14130	TRBV5-7	ap01	ap01	ap01	0.46,0.54	1	3,7	1.41036339237493	NA	NA	NA	NA	NA	NA	17928
HIP14130	TRBV9	ap01	ap01	ap01	0.46,0.54	1	374,389	301.883749550646	NA	NA	NA	NA	NA	NA	17928
HIP14130	TRBV6-7	ap01	ap01	ap01	0.46,0.54	1	12,26	6.1627152371823	NA	NA	NA	NA	NA	NA	17928
HIP14130	TRBV12-5	ap01	ap01	ap01	0.46,0.54	1	30,47	20.098143102099	NA	NA	NA	NA	NA	NA	17928
HIP14130	TRBV19	ap01	ap01	ap01	0.46,0.54	1	202,286	143.268049625165	NA	NA	NA	NA	NA	NA	17928
HIP14130	TRBV18	ap01	ap01	ap01	0.46,0.54	1	109,140	81.0419952588102	NA	NA	NA	NA	NA	NA	17928
HIP14130	TRBV11-2	ap01	ap01	ap01	0.46,0.54	1	119,140	91.8245926896901	NA	NA	NA	NA	NA	NA	17928
HIP14130	TRBV24-1	ap01	ap01	ap01	0.46,0.54	1	174,213	132.102827689115	NA	NA	NA	NA	NA	NA	17928
HIP14130	TRBV5-5	ap01	ap01	ap01	0.46,0.54	1	18,28	12.1110120280277	NA	NA	NA	NA	NA	NA	17928
HIP14130	TRBV13	ap01	ap01	ap01	0.46,0.54	1	86,83	106.982666110251	NA	NA	NA	NA	NA	NA	17928
HIP14130	TRBV11-3	ap01	ap01	ap01	0.46,0.54	1	66,87	48.490260499615	NA	NA	NA	NA	NA	NA	17928
HIP14130	TRBV30	ap01	ap01	ap01	0.46,0.54	1	283,305	225.655102972308	NA	NA	NA	NA	NA	NA	17928
HIP14130	TRBV1	ap01	ap01	ap01	0.46,0.54	1	41,47	31.9590002760669	NA	NA	NA	NA	NA	NA	17928
HIP14130	TRBV7-6	ap01	ap01	ap01	0.46,0.54	1	121,161	88.507864665199	NA	NA	NA	NA	NA	NA	17928
HIP14130	TRBV7-8	ap01,ap03	ap01,ap03	ap01,ap03	0.46,0.54	0.65,0.35	63,85	20.7143426199205	37,42	14.1581493355393	NA	NA	NA	NA	17928
HIP14130	TRBV11-1	ap01	ap01	ap01	0.46,0.54	1	36,23	25.7557138830829	NA	NA	NA	NA	NA	NA	17928
HIP14130	TRBV15	ap02	ap02	ap02	0.46,0.54	1	86,121	61.1940070107709	NA	NA	NA	NA	NA	NA	17928
HIP14130	TRBV6-8	ap01	ap01	ap01	0.46,0.54	1	5,17	0.960574540137982	NA	NA	NA	NA	NA	NA	17928
HIP14130	TRBV29-1	ap01,ap02	ap01,ap02	ap01,ap02	0.46,0.54	0.82,0.18	149,218	44.7223844030557	28,55	4.87380417124569	NA	NA	NA	NA	17928
HIP14130	TRBV14	ap01	ap01	ap01	0.46,0.54	1	51,130	21.1092384981195	NA	NA	NA	NA	NA	NA	17928
HIP14130	TRBV23-1	ap01	ap01	ap01	0.46,0.54	1	15,39	6.00929362650946	NA	NA	NA	NA	NA	NA	17928
HIP14130	TRBV12-1	ap01	ap01	ap01	0.46,0.54	1	12,22	7.20523857254747	NA	NA	NA	NA	NA	NA	17928
HIP14130	TRBV5-8	ap01	ap01	ap01	0.46,0.54	1	27,40	18.6877797097241	NA	NA	NA	NA	NA	NA	17928
HIP14130	TRBV7-4	ap01	ap01	ap01	0.46,0.54	1	12,19	7.98713107407135	NA	NA	NA	NA	NA	NA	17928
HIP14130	TRBV12-2	ap01	ap01	ap01	0.46,0.54	1	29,43	20.0624066943762	NA	NA	NA	NA	NA	NA	17928
HIP14130	TRBV7-1	Unk	ap01_T296C	ap01_T296C	0.46,0.54	1	1,5	0.224894426118473	NA	NA	NA	NA	NA	NA	17928
HIP14130	TRBV6-9	ap01	ap01	ap01	0.46,0.54	1	9,20	4.49172101096607	NA	NA	NA	NA	NA	NA	17928
HIP14130	TRBV16	ap01	ap01	ap01	0.46,0.54	1	2,3	1.37462698465211	NA	NA	NA	NA	NA	NA	17928
HIP14130	TRBV17	Unk	Unk	NA	NA	NA	NA	NA	NA	NA	NA	NA	NA	NA	17928
HIP14130	TRBV26	Unk	Unk	NA	NA	NA	NA	NA	NA	NA	NA	NA	NA	NA	17928
