subject	gene	TRBD2_01	TRBD2_02	alleles	proirs_row	proirs_col	counts1	k1	counts2	k2	counts3	k3	counts4	k4	TOTAL
HIP14074	TRBV4-1	ap01	ap01	ap01	0.47,0.53	1	280,252	319.113484309348	NA	NA	NA	NA	NA	NA	28412
HIP14074	TRBV5-6	ap01	ap01	ap01	0.47,0.53	1	167,198	128.375583892778	NA	NA	NA	NA	NA	NA	28412
HIP14074	TRBV19	ap01	ap01	ap01	0.47,0.53	1	500,653	36.8305361446216	NA	NA	NA	NA	NA	NA	28412
HIP14074	TRBV4-3	ap01	ap01	ap01	0.47,0.53	1	345,399	267.885418319568	NA	NA	NA	NA	NA	NA	28412
HIP14074	TRBV10-3	ap01	ap01	ap01	0.47,0.53	1	225,236	181.167129339165	NA	NA	NA	NA	NA	NA	28412
HIP14074	TRBV3-12	ap01	ap01	ap01	0.47,0.53	1	591,578	74.7967135238977	NA	NA	NA	NA	NA	NA	28412
HIP14074	TRBV5-1	ap01	ap01	ap01	0.47,0.53	1	909,880	113.589156782667	NA	NA	NA	NA	NA	NA	28412
HIP14074	TRBV7-9	ap01	ap01	ap01	0.47,0.53	1	489,559	38.1442575365816	NA	NA	NA	NA	NA	NA	28412
HIP14074	TRBV21-1	ap01	ap01	ap01	0.47,0.53	1	197,320	128.384205732868	NA	NA	NA	NA	NA	NA	28412
HIP14074	TRBV6-23	ap01	ap01	ap01	0.47,0.53	1	722,822	56.4087851151459	NA	NA	NA	NA	NA	NA	28412
HIP14074	TRBV6-7	ap01	ap01	ap01	0.47,0.53	1	22,29	16.1339551072207	NA	NA	NA	NA	NA	NA	28412
HIP14074	TRBV5-5	ap01	ap01	ap01	0.47,0.53	1	77,69	87.2719802369042	NA	NA	NA	NA	NA	NA	28412
HIP14074	TRBV7-8	ap01,ap03	ap01,ap03	ap01,ap03	0.47,0.53	0.55,0.45	96,112	35.8732905508411	85,87	34.8942253705153	NA	NA	NA	NA	28412
HIP14074	TRBV28	Del	ap01	ap01	0.47,0.53	1	190,911	36.8415772407788	NA	NA	NA	NA	NA	NA	28412
HIP14074	TRBV20-1	ap01,ap02	ap01,ap02	ap01,ap02	0.47,0.53	0.87,0.13	566,654	213.132994385285	99,91	77.5926252786368	NA	NA	NA	NA	28412
HIP14074	TRBV18	ap01	ap01	ap01	0.47,0.53	1	321,402	241.046550253723	NA	NA	NA	NA	NA	NA	28412
HIP14074	TRBV10-1	ap01	ap01	ap01	0.47,0.53	1	98,158	64.1830685227794	NA	NA	NA	NA	NA	NA	28412
HIP14074	TRBV25-1	ap01	ap01	ap01	0.47,0.53	1	80,119	55.0560922944007	NA	NA	NA	NA	NA	NA	28412
HIP14074	TRBV27	ap01	ap01	ap01	0.47,0.53	1	292,500	183.444608947314	NA	NA	NA	NA	NA	NA	28412
HIP14074	TRBV6-4	ap01	ap01	ap01	0.47,0.53	1	201,228	157.262174558921	NA	NA	NA	NA	NA	NA	28412
HIP14074	TRBV6-1	ap01	ap01	ap01	0.47,0.53	1	180,174	224.513513933305	NA	NA	NA	NA	NA	NA	28412
HIP14074	TRBV24-1	ap01	ap01	ap01	0.47,0.53	1	206,373	124.012594295453	NA	NA	NA	NA	NA	NA	28412
HIP14074	TRBV7-2	ap01	ap01	ap01	0.47,0.53	1	1005,861	107.51763767314	NA	NA	NA	NA	NA	NA	28412
HIP14074	TRBV11-3	ap01	ap01	ap01	0.47,0.53	1	127,161	94.8463514795747	NA	NA	NA	NA	NA	NA	28412
HIP14074	TRBV29-1	ap01,ap02	ap01,ap02	ap01,ap02	0.47,0.53	0.84,0.16	144,188	48.6624026285223	26,39	7.48508513849911	NA	NA	NA	NA	28412
HIP14074	TRBV1	ap01	ap01	ap01	0.47,0.53	1	51,50	64.7420282229794	NA	NA	NA	NA	NA	NA	28412
HIP14074	TRBV12-34	ap01	ap01	ap01	0.47,0.53	1	686,470	54.3910553868091	NA	NA	NA	NA	NA	NA	28412
HIP14074	TRBV4-2	ap01	ap01	ap01	0.47,0.53	1	332,270	33.1891505420449	NA	NA	NA	NA	NA	NA	28412
HIP14074	TRBV7-3	ap01	ap01	ap01	0.47,0.53	1	505,494	63.930068582852	NA	NA	NA	NA	NA	NA	28412
HIP14074	TRBV14	ap01	ap01	ap01	0.47,0.53	1	126,181	88.427017441862	NA	NA	NA	NA	NA	NA	28412
HIP14074	TRBV5-4	ap01	ap01	ap01	0.47,0.53	1	314,308	39.8860972855627	NA	NA	NA	NA	NA	NA	28412
HIP14074	TRBV6-56	ap01_327326,ap02	ap01_327326,ap02	ap01_327326,ap02	0.47,0.53	0.72,0.28	362,399	141.277655182826	144,147	59.2148456838879	NA	NA	NA	NA	28412
HIP14074	TRBV7-7	ap01_C315T	ap01_C315T	ap01_C315T	0.47,0.53	1	78,75	96.6435516900264	NA	NA	NA	NA	NA	NA	28412
HIP14074	TRBV5-3	ap01	ap01	ap01	0.47,0.53	1	61,92	41.6435371451104	NA	NA	NA	NA	NA	NA	28412
HIP14074	TRBV12-1	ap01	ap01	ap01	0.47,0.53	1	16,38	7.22380312655833	NA	NA	NA	NA	NA	NA	28412
HIP14074	TRBV2	ap01	ap01	ap01	0.47,0.53	1	395,365	46.5511847608516	NA	NA	NA	NA	NA	NA	28412
HIP14074	TRBV5-8	ap01	ap01	ap01	0.47,0.53	1	77,61	74.3592266154589	NA	NA	NA	NA	NA	NA	28412
HIP14074	TRBV9	ap01	ap01	ap01	0.47,0.53	1	710,681	87.6972580322627	NA	NA	NA	NA	NA	NA	28412
HIP14074	TRBV7-6	ap01	ap01	ap01	0.47,0.53	1	173,150	187.966209409702	NA	NA	NA	NA	NA	NA	28412
HIP14074	TRBV30	ap01	ap01	ap01	0.47,0.53	1	108,429	2.75157639824663	NA	NA	NA	NA	NA	NA	28412
HIP14074	TRBV6-9	ap01	ap01	ap01	0.47,0.53	1	19,20	15.2795908764912	NA	NA	NA	NA	NA	NA	28412
HIP14074	TRBV10-2	ap01	ap01	ap01	0.47,0.53	1	47,34	40.1684960319362	NA	NA	NA	NA	NA	NA	28412
HIP14074	TRBV13	ap01	ap01	ap01	0.47,0.53	1	72,78	57.3120173023244	NA	NA	NA	NA	NA	NA	28412
HIP14074	TRBV23-1	ap01	ap01	ap01	0.47,0.53	1	55,97	33.8002627228486	NA	NA	NA	NA	NA	NA	28412
HIP14074	TRBV15	ap02	ap02	ap02	0.47,0.53	1	125,167	91.0761426505536	NA	NA	NA	NA	NA	NA	28412
HIP14074	TRBV7-4	ap01	ap01	ap01	0.47,0.53	1	37,25	28.7715858374286	NA	NA	NA	NA	NA	NA	28412
HIP14074	TRBV11-2	ap01	ap01	ap01	0.47,0.53	1	253,272	201.943726193446	NA	NA	NA	NA	NA	NA	28412
HIP14074	TRBV12-2	ap01	ap01	ap01	0.47,0.53	1	38,66	23.6244776233791	NA	NA	NA	NA	NA	NA	28412
HIP14074	TRBV7-1	ap01_G291C_T296C	ap01_G291C_T296C	ap01_G291C_T296C	0.47,0.53	1	13,12	15.3002115136641	NA	NA	NA	NA	NA	NA	28412
HIP14074	TRBV12-5	ap01	ap01	ap01	0.47,0.53	1	93,71	85.4922684348762	NA	NA	NA	NA	NA	NA	28412
HIP14074	TRBV11-1	ap01	ap01	ap01	0.47,0.53	1	60,67	47.2265756394034	NA	NA	NA	NA	NA	NA	28412
HIP14074	TRBV6-8	ap01	ap01	ap01	0.47,0.53	1	13,13	16.9143057163447	NA	NA	NA	NA	NA	NA	28412
HIP14074	TRBV5-7	ap01	ap01	ap01	0.47,0.53	1	6,9	4.10920296786005	NA	NA	NA	NA	NA	NA	28412
HIP14074	TRBV16	ap01	ap01	ap01	0.47,0.53	1	3,6	1.65452239952983	NA	NA	NA	NA	NA	NA	28412
HIP14074	TRBV17	Unk	Unk	NA	NA	NA	NA	NA	NA	NA	NA	NA	NA	NA	28412
HIP14074	TRBV26	Unk	Unk	NA	NA	NA	NA	NA	NA	NA	NA	NA	NA	NA	28412
