subject	gene	TRBD2_01	TRBD2_02	alleles	proirs_row	proirs_col	counts1	k1	counts2	k2	counts3	k3	counts4	k4	TOTAL
HIP17793	TRBV5-4	ap01	ap01	ap01	0.45,0.55	1	295,342	229.003952067341	NA	NA	NA	NA	NA	NA	19833
HIP17793	TRBV19	ap01	ap01	ap01	0.45,0.55	1	251,341	182.252097110292	NA	NA	NA	NA	NA	NA	19833
HIP17793	TRBV2	ap01	ap01	ap01	0.45,0.55	1	414,410	53.1387862626758	NA	NA	NA	NA	NA	NA	19833
HIP17793	TRBV11-2	ap01	ap01	ap01	0.45,0.55	1	173,205	133.179677746966	NA	NA	NA	NA	NA	NA	19833
HIP17793	TRBV5-6	ap01	ap01	ap01	0.45,0.55	1	159,189	122.253638767535	NA	NA	NA	NA	NA	NA	19833
HIP17793	TRBV6-4	ap01	ap01	ap01	0.45,0.55	1	147,154	118.249385458304	NA	NA	NA	NA	NA	NA	19833
HIP17793	TRBV6-23	ap01	ap01	ap01	0.45,0.55	1	188,156	192.138785303561	NA	NA	NA	NA	NA	NA	19833
HIP17793	TRBV6-1	ap01	ap01	ap01	0.45,0.55	1	175,195	137.834764447986	NA	NA	NA	NA	NA	NA	19833
HIP17793	TRBV27	ap01	ap01	ap01	0.45,0.55	1	391,431	309.142367775994	NA	NA	NA	NA	NA	NA	19833
HIP17793	TRBV3-12	ap01	ap01	ap01	0.45,0.55	1	453,488	36.1019108653321	NA	NA	NA	NA	NA	NA	19833
HIP17793	TRBV7-8	ap01,ap03	ap01,ap03	ap01,ap03	0.45,0.55	0.7,0.3	116,118	47.8249430855235	41,60	12.4549266999754	NA	NA	NA	NA	19833
HIP17793	TRBV24-1	ap01	ap01	ap01	0.45,0.55	1	160,330	87.81028772914	NA	NA	NA	NA	NA	NA	19833
HIP17793	TRBV5-8	ap01	ap01	ap01	0.45,0.55	1	23,48	12.4810601754902	NA	NA	NA	NA	NA	NA	19833
HIP17793	TRBV7-3	ap01	ap01	ap01	0.45,0.55	1	241,289	184.66591858922	NA	NA	NA	NA	NA	NA	19833
HIP17793	TRBV6-56	ap01,ap02	ap01,ap02	ap01,ap02	0.45,0.55	0.7,0.3	233,284	84.6363890493162	100,119	37.0270661195205	NA	NA	NA	NA	19833
HIP17793	TRBV15	ap02	ap02	ap02	0.45,0.55	1	125,151	95.5030965823286	NA	NA	NA	NA	NA	NA	19833
HIP17793	TRBV11-3	ap01	ap01	ap01	0.45,0.55	1	103,319	29.6895272919508	NA	NA	NA	NA	NA	NA	19833
HIP17793	TRBV14	ap01	ap01	ap01	0.45,0.55	1	93,132	66.1038333085653	NA	NA	NA	NA	NA	NA	19833
HIP17793	TRBV12-34	ap01	ap01	ap01	0.45,0.55	1	305,574	181.256151204831	NA	NA	NA	NA	NA	NA	19833
HIP17793	TRBV7-9	ap01	ap01	ap01	0.45,0.55	1	355,467	261.617990664494	NA	NA	NA	NA	NA	NA	19833
HIP17793	TRBV12-5	ap01	ap01	ap01	0.45,0.55	1	61,101	39.7268353270408	NA	NA	NA	NA	NA	NA	19833
HIP17793	TRBV30	Del	ap01	ap01	0.45,0.55	1	65,401	31.5567323972863	NA	NA	NA	NA	NA	NA	19833
HIP17793	TRBV7-2	ap01	ap01	ap01	0.45,0.55	1	203,180	226.288672984902	NA	NA	NA	NA	NA	NA	19833
HIP17793	TRBV4-1	ap01	ap01	ap01	0.45,0.55	1	328,412	246.6268539945	NA	NA	NA	NA	NA	NA	19833
HIP17793	TRBV4-2	ap01	ap01	ap01	0.45,0.55	1	203,199	257.238877858859	NA	NA	NA	NA	NA	NA	19833
HIP17793	TRBV23-1	ap01	ap01	ap01	0.45,0.55	1	30,67	15.1736698139868	NA	NA	NA	NA	NA	NA	19833
HIP17793	TRBV18	ap01	ap01	ap01	0.45,0.55	1	123,127	99.4110948759848	NA	NA	NA	NA	NA	NA	19833
HIP17793	TRBV10-3	ap01	ap01	ap01	0.45,0.55	1	208,230	164.272606810842	NA	NA	NA	NA	NA	NA	19833
HIP17793	TRBV20-1	ap01,ap02	ap01,ap02	ap01,ap02	0.45,0.55	0.86,0.14	355,465	121.09831033499	65,74	24.8822826182096	NA	NA	NA	NA	19833
HIP17793	TRBV25-1	ap01	ap01	ap01	0.45,0.55	1	79,109	56.9407824162736	NA	NA	NA	NA	NA	NA	19833
HIP17793	TRBV28	ap01	ap01	ap01	0.45,0.55	1	399,118	60.6771904074983	NA	NA	NA	NA	NA	NA	19833
HIP17793	TRBV7-4	ap01	ap01	ap01	0.45,0.55	1	14,21	9.66676177433145	NA	NA	NA	NA	NA	NA	19833
HIP17793	TRBV5-1	ap01	ap01	ap01	0.45,0.55	1	667,748	52.414564910603	NA	NA	NA	NA	NA	NA	19833
HIP17793	TRBV7-7	ap01_C315T	ap01_C315T	ap01_C315T	0.45,0.55	1	63,71	49.4190308484592	NA	NA	NA	NA	NA	NA	19833
HIP17793	TRBV12-2	ap01	ap01	ap01	0.45,0.55	1	19,37	10.9784054450664	NA	NA	NA	NA	NA	NA	19833
HIP17793	TRBV21-1	ap01	ap01	ap01	0.45,0.55	1	136,274	76.2758049363983	NA	NA	NA	NA	NA	NA	19833
HIP17793	TRBV6-7	ap01	ap01	ap01	0.45,0.55	1	14,33	6.64449648209266	NA	NA	NA	NA	NA	NA	19833
HIP17793	TRBV10-1	ap01	ap01	ap01	0.45,0.55	1	119,147	90.1009214739442	NA	NA	NA	NA	NA	NA	19833
HIP17793	TRBV7-6	ap01	ap01	ap01	0.45,0.55	1	144,172	110.511189083713	NA	NA	NA	NA	NA	NA	19833
HIP17793	TRBV10-2	ap01	ap01	ap01	0.45,0.55	1	77,102	56.5672382125916	NA	NA	NA	NA	NA	NA	19833
HIP17793	TRBV1	ap01	ap01	ap01	0.45,0.55	1	46,48	37.0511815199355	NA	NA	NA	NA	NA	NA	19833
HIP17793	TRBV9	ap01	ap01	ap01	0.45,0.55	1	428,409	52.5143470389838	NA	NA	NA	NA	NA	NA	19833
HIP17793	TRBV5-5	ap01	ap01	ap01	0.45,0.55	1	56,51	64.6151293716687	NA	NA	NA	NA	NA	NA	19833
HIP17793	TRBV11-1	ap01	ap01	ap01	0.45,0.55	1	30,47	20.2107786343847	NA	NA	NA	NA	NA	NA	19833
HIP17793	TRBV29-1	ap01,ap02	ap01,ap02	ap01,ap02	0.45,0.55	0.85,0.15	153,243	41.8337873428774	30,38	10.5487806796773	NA	NA	NA	NA	19833
HIP17793	TRBV13	ap01	ap01	ap01	0.45,0.55	1	104,172	67.7805432672867	NA	NA	NA	NA	NA	NA	19833
HIP17793	TRBV16	ap01	ap01	ap01	0.45,0.55	1	5,2	1.60954698621493	NA	NA	NA	NA	NA	NA	19833
HIP17793	TRBV12-1	ap01	ap01	ap01	0.45,0.55	1	15,15	19.4892643199928	NA	NA	NA	NA	NA	NA	19833
HIP17793	TRBV6-9	ap01	ap01	ap01	0.45,0.55	1	16,14	17.5306323054706	NA	NA	NA	NA	NA	NA	19833
HIP17793	TRBV5-3	ap01	ap01	ap01	0.45,0.55	1	32,48	22.0954554841862	NA	NA	NA	NA	NA	NA	19833
HIP17793	TRBV5-7	ap01	ap01	ap01	0.45,0.55	1	6,4	4.53778942547534	NA	NA	NA	NA	NA	NA	19833
HIP17793	TRBV6-8	ap01	ap01	ap01	0.45,0.55	1	7,5	5.83707371347487	NA	NA	NA	NA	NA	NA	19833
HIP17793	TRBV7-1	ap01_T296C	ap01_T296C	ap01_T296C	0.45,0.55	1	2,3	1.38096596776164	NA	NA	NA	NA	NA	NA	19833
HIP17793	TRBV17	ap01	Unk	ap01	0.45,0.55	1	1,0	0.329673863261371	NA	NA	NA	NA	NA	NA	19833
HIP17793	TRBV26	Unk	Unk	NA	NA	NA	NA	NA	NA	NA	NA	NA	NA	NA	19833
HIP17793	TRBV4-3	Del	Del	Del	NA	NA	NA	1000	NA	NA	NA	NA	NA	NA	19833
