subject	gene	TRBD2_01	TRBD2_02	alleles	proirs_row	proirs_col	counts1	k1	counts2	k2	counts3	k3	counts4	k4	TOTAL
HIP05563	TRBV29-1	ap01,ap02	ap01,ap02	ap01,ap02	0.46,0.54	0.84,0.16	76,106	24.0572316336017	15,19	5.2352823158988	NA	NA	NA	NA	10292
HIP05563	TRBV28	Del	ap01	ap01	0.46,0.54	1	59,374	34.5097941802145	NA	NA	NA	NA	NA	NA	10292
HIP05563	TRBV24-1	ap01	ap01	ap01	0.46,0.54	1	80,143	48.8759892641069	NA	NA	NA	NA	NA	NA	10292
HIP05563	TRBV6-4	ap01	ap01	ap01	0.46,0.54	1	67,75	52.6945891842697	NA	NA	NA	NA	NA	NA	10292
HIP05563	TRBV5-4	ap01	ap01	ap01	0.46,0.54	1	144,122	151.707821677583	NA	NA	NA	NA	NA	NA	10292
HIP05563	TRBV7-9	ap01	ap01	ap01	0.46,0.54	1	195,241	147.396312647476	NA	NA	NA	NA	NA	NA	10292
HIP05563	TRBV7-6	ap01	ap01	ap01	0.46,0.54	1	77,84	61.1359150426913	NA	NA	NA	NA	NA	NA	10292
HIP05563	TRBV4-2	ap01	ap01	ap01	0.46,0.54	1	124,80	90.0955854904769	NA	NA	NA	NA	NA	NA	10292
HIP05563	TRBV6-23	ap01	ap01	ap01	0.46,0.54	1	232,95	80.09390555397	NA	NA	NA	NA	NA	NA	10292
HIP05563	TRBV7-3	ap02	ap01	ap01,ap02	0.46,0.54	0.81,0.19	22,163	26.5889756669016	42,1	10.7674377658575	NA	NA	NA	NA	10292
HIP05563	TRBV18	ap01	ap01	ap01	0.46,0.54	1	83,90	66.043065901942	NA	NA	NA	NA	NA	NA	10292
HIP05563	TRBV6-1	ap01	ap01	ap01	0.46,0.54	1	62,76	47.0288502435383	NA	NA	NA	NA	NA	NA	10292
HIP05563	TRBV30	ap02	ap01	ap01,ap02	0.46,0.54	0.69,0.32	30,107	7.02659785995255	59,4	12.1115994845819	NA	NA	NA	NA	10292
HIP05563	TRBV6-56	ap01,ap02	ap01,ap02	ap01,ap02	0.46,0.54	0.76,0.24	173,153	128.557451388368	43,60	13.6046552120352	NA	NA	NA	NA	10292
HIP05563	TRBV3-12	ap01	ap01	ap01	0.46,0.54	1	229,223	288.159206778811	NA	NA	NA	NA	NA	NA	10292
HIP05563	TRBV10-1	ap01	ap01	ap01	0.46,0.54	1	70,88	52.5207536838576	NA	NA	NA	NA	NA	NA	10292
HIP05563	TRBV5-6	ap01	ap01	ap01	0.46,0.54	1	62,93	42.5622516624746	NA	NA	NA	NA	NA	NA	10292
HIP05563	TRBV2	ap01	ap01	ap01	0.46,0.54	1	148,199	107.643258784993	NA	NA	NA	NA	NA	NA	10292
HIP05563	TRBV11-3	ap01	ap01	ap01	0.46,0.54	1	47,53	36.8629018394415	NA	NA	NA	NA	NA	NA	10292
HIP05563	TRBV4-3	ap01	Del	ap01	0.46,0.54	1	125,6	29.959119895151	NA	NA	NA	NA	NA	NA	10292
HIP05563	TRBV11-2	ap01	ap01	ap01	0.46,0.54	1	136,163	104.134743298582	NA	NA	NA	NA	NA	NA	10292
HIP05563	TRBV19	ap01	ap01	ap01	0.46,0.54	1	160,222	114.567408480454	NA	NA	NA	NA	NA	NA	10292
HIP05563	TRBV4-1	ap01	ap01	ap01	0.46,0.54	1	126,156	95.1679352541527	NA	NA	NA	NA	NA	NA	10292
HIP05563	TRBV9	ap01	ap01	ap01	0.46,0.54	1	266,241	305.542915518118	NA	NA	NA	NA	NA	NA	10292
HIP05563	TRBV5-8	ap01	ap01	ap01	0.46,0.54	1	21,24	16.3868047283663	NA	NA	NA	NA	NA	NA	10292
HIP05563	TRBV12-34	ap01	ap01	ap01	0.46,0.54	1	210,173	213.285050158363	NA	NA	NA	NA	NA	NA	10292
HIP05563	TRBV10-2	ap01	ap01	ap01	0.46,0.54	1	32,51	21.179390482266	NA	NA	NA	NA	NA	NA	10292
HIP05563	TRBV5-1	ap01	ap01	ap01	0.46,0.54	1	308,434	218.795033056398	NA	NA	NA	NA	NA	NA	10292
HIP05563	TRBV20-1	ap01,ap02	ap01,ap02	ap01,ap02	0.46,0.54	0.87,0.13	184,224	66.5186071319123	20,40	3.26117279976359	NA	NA	NA	NA	10292
HIP05563	TRBV21-1	ap01	ap01	ap01	0.46,0.54	1	71,129	42.8289684402496	NA	NA	NA	NA	NA	NA	10292
HIP05563	TRBV12-5	ap01	ap01	ap01	0.46,0.54	1	41,22	22.5866369799083	NA	NA	NA	NA	NA	NA	10292
HIP05563	TRBV27	ap01	ap01	ap01	0.46,0.54	1	163,290	99.9428128648355	NA	NA	NA	NA	NA	NA	10292
HIP05563	TRBV7-8	ap01,ap03	ap01,ap03	ap01,ap03	0.46,0.54	0.63,0.37	49,49	42.9912056372575	27,30	10.4885528420287	NA	NA	NA	NA	10292
HIP05563	TRBV1	ap01	ap01	ap01	0.46,0.54	1	15,25	9.64046621808934	NA	NA	NA	NA	NA	NA	10292
HIP05563	TRBV25-1	ap01	ap01	ap01	0.46,0.54	1	19,58	5.29240842714787	NA	NA	NA	NA	NA	NA	10292
HIP05563	TRBV13	ap01	ap01	ap01	0.46,0.54	1	50,33	37.5293705198172	NA	NA	NA	NA	NA	NA	10292
HIP05563	TRBV11-1	ap01	ap01	ap01	0.46,0.54	1	7,22	1.78389294073632	NA	NA	NA	NA	NA	NA	10292
HIP05563	TRBV14	ap01	ap01	ap01	0.46,0.54	1	41,74	24.8617414690896	NA	NA	NA	NA	NA	NA	10292
HIP05563	TRBV7-2	ap01	ap01	ap01	0.46,0.54	1	276,115	98.4923762179447	NA	NA	NA	NA	NA	NA	10292
HIP05563	TRBV10-3	ap01	ap01	ap01	0.46,0.54	1	89,108	67.7973236451478	NA	NA	NA	NA	NA	NA	10292
HIP05563	TRBV23-1	ap01	ap01	ap01	0.46,0.54	1	8,31	0.499822673248143	NA	NA	NA	NA	NA	NA	10292
HIP05563	TRBV12-1	ap01	ap01	ap01	0.46,0.54	1	8,13	5.22916234731556	NA	NA	NA	NA	NA	NA	10292
HIP05563	TRBV7-7	ap01	ap01_C315T	ap01,ap01_C315T	0.46,0.54	0.35,0.65	18,0	5.1123553065988	6,28	3.07896120163618	NA	NA	NA	NA	10292
HIP05563	TRBV5-3	ap01	ap01	ap01	0.46,0.54	1	16,26	10.4583246946311	NA	NA	NA	NA	NA	NA	10292
HIP05563	TRBV15	ap02	ap02	ap02	0.46,0.54	1	34,45	24.9170361793795	NA	NA	NA	NA	NA	NA	10292
HIP05563	TRBV6-8	ap01	ap01	ap01	0.46,0.54	1	7,4	4.25090692322264	NA	NA	NA	NA	NA	NA	10292
HIP05563	TRBV5-5	ap01	ap01	ap01	0.46,0.54	1	25,25	32.5183015037635	NA	NA	NA	NA	NA	NA	10292
HIP05563	TRBV7-1	ap01_G291C_T296C	ap01_G291C_T296C	ap01_G291C_T296C	0.46,0.54	1	1,2	0.555117383538041	NA	NA	NA	NA	NA	NA	10292
HIP05563	TRBV16	Unk	ap01	ap01	0.46,0.54	1	0,3	0.788223279011237	NA	NA	NA	NA	NA	NA	10292
HIP05563	TRBV12-2	ap01	ap01	ap01	0.46,0.54	1	17,18	13.6408530082066	NA	NA	NA	NA	NA	NA	10292
HIP05563	TRBV6-7	ap01	ap01	ap01	0.46,0.54	1	10,9	11.3892481022284	NA	NA	NA	NA	NA	NA	10292
HIP05563	TRBV5-7	ap01	ap01	ap01	0.46,0.54	1	3,3	3.90219618045162	NA	NA	NA	NA	NA	NA	10292
HIP05563	TRBV6-9	Unk	ap01	ap01	0.46,0.54	1	0,3	0.788223279011237	NA	NA	NA	NA	NA	NA	10292
HIP05563	TRBV7-4	ap01	ap01	ap01	0.46,0.54	1	6,10	3.85618648723574	NA	NA	NA	NA	NA	NA	10292
HIP05563	TRBV17	Unk	Unk	NA	NA	NA	NA	NA	NA	NA	NA	NA	NA	NA	10292
HIP05563	TRBV26	Unk	Unk	NA	NA	NA	NA	NA	NA	NA	NA	NA	NA	NA	10292
