subject	gene	TRBD2_01	TRBD2_02	alleles	proirs_row	proirs_col	counts1	k1	counts2	k2	counts3	k3	counts4	k4	TOTAL
HIP01223	TRBV11-2	ap01	ap01	ap01	0.46,0.54	1	181,277	122.876038227457	NA	NA	NA	NA	NA	NA	21233
HIP01223	TRBV6-4	ap01	ap01	ap01	0.46,0.54	1	164,177	130.709427554084	NA	NA	NA	NA	NA	NA	21233
HIP01223	TRBV7-6	ap01	ap01	ap01	0.46,0.54	1	103,141	74.278831452822	NA	NA	NA	NA	NA	NA	21233
HIP01223	TRBV21-1	ap01	ap01	ap01	0.46,0.54	1	136,247	82.1484386127623	NA	NA	NA	NA	NA	NA	21233
HIP01223	TRBV27	ap01	ap01	ap01	0.46,0.54	1	341,511	234.340168985924	NA	NA	NA	NA	NA	NA	21233
HIP01223	TRBV4-2	ap01	ap01	ap01	0.46,0.54	1	275,210	252.444968933426	NA	NA	NA	NA	NA	NA	21233
HIP01223	TRBV9	ap01	ap01	ap01	0.46,0.54	1	588,346	37.2992886180003	NA	NA	NA	NA	NA	NA	21233
HIP01223	TRBV24-1	ap01	ap01	ap01	0.46,0.54	1	192,326	121.920314946679	NA	NA	NA	NA	NA	NA	21233
HIP01223	TRBV19	ap01	ap01	ap01	0.46,0.54	1	405,566	289.034104028037	NA	NA	NA	NA	NA	NA	21233
HIP01223	TRBV12-34	ap01	ap01	ap01	0.46,0.54	1	422,658	283.295695579902	NA	NA	NA	NA	NA	NA	21233
HIP01223	TRBV7-2	ap01	ap01	ap01	0.46,0.54	1	493,249	246.194158340798	NA	NA	NA	NA	NA	NA	21233
HIP01223	TRBV6-23	ap01	ap01	ap01	0.46,0.54	1	413,210	208.519499991077	NA	NA	NA	NA	NA	NA	21233
HIP01223	TRBV4-1	ap01	ap01	ap01	0.46,0.54	1	250,381	170.136412934253	NA	NA	NA	NA	NA	NA	21233
HIP01223	TRBV2	ap01	ap01	ap01	0.46,0.54	1	295,404	212.697120817628	NA	NA	NA	NA	NA	NA	21233
HIP01223	TRBV5-4	ap01	ap01	ap01	0.46,0.54	1	328,432	240.992791542868	NA	NA	NA	NA	NA	NA	21233
HIP01223	TRBV15	ap02	ap02	ap02	0.46,0.54	1	117,182	78.6570075778061	NA	NA	NA	NA	NA	NA	21233
HIP01223	TRBV10-2	ap01	ap01	ap01	0.46,0.54	1	49,112	23.5726036465077	NA	NA	NA	NA	NA	NA	21233
HIP01223	TRBV4-3	ap01	Del	ap01	0.46,0.54	1	301,14	73.1432766196858	NA	NA	NA	NA	NA	NA	21233
HIP01223	TRBV7-4	ap01	ap01	ap01	0.46,0.54	1	7,20	2.32002436739781	NA	NA	NA	NA	NA	NA	21233
HIP01223	TRBV14	ap01	ap01	ap01	0.46,0.54	1	110,177	72.4088940632353	NA	NA	NA	NA	NA	NA	21233
HIP01223	TRBV12-1	ap01	ap01	ap01	0.46,0.54	1	13,30	6.1791353238212	NA	NA	NA	NA	NA	NA	21233
HIP01223	TRBV7-9	ap01	ap01	ap01	0.46,0.54	1	338,480	239.219301362813	NA	NA	NA	NA	NA	NA	21233
HIP01223	TRBV5-1	ap01	ap01	ap01	0.46,0.54	1	611,854	43.6020531274811	NA	NA	NA	NA	NA	NA	21233
HIP01223	TRBV10-3	ap01	ap01	ap01	0.46,0.54	1	184,263	129.781173292088	NA	NA	NA	NA	NA	NA	21233
HIP01223	TRBV3-12	ap01	ap01	ap01	0.46,0.54	1	424,541	316.094069949622	NA	NA	NA	NA	NA	NA	21233
HIP01223	TRBV7-7	ap01	ap01	ap01	0.46,0.54	1	47,63	34.2450825090935	NA	NA	NA	NA	NA	NA	21233
HIP01223	TRBV29-1	ap01,ap02	ap01,ap02	ap01,ap02	0.46,0.54	0.82,0.18	178,263	52.6789670000213	35,64	7.25276405516598	NA	NA	NA	NA	21233
HIP01223	TRBV20-1	ap01,ap02	ap01,ap02	ap01,ap02	0.46,0.54	0.88,0.12	447,592	149.591569128473	67,78	25.1350028860896	NA	NA	NA	NA	21233
HIP01223	TRBV5-5	ap01	ap01	ap01	0.46,0.54	1	58,77	42.4549005717197	NA	NA	NA	NA	NA	NA	21233
HIP01223	TRBV12-5	ap01	ap01	ap01	0.46,0.54	1	52,110	27.3352673934002	NA	NA	NA	NA	NA	NA	21233
HIP01223	TRBV6-8	ap01	ap01	ap01	0.46,0.54	1	8,9	6.28026258441452	NA	NA	NA	NA	NA	NA	21233
HIP01223	TRBV25-1	ap01	ap01	ap01	0.46,0.54	1	84,149	51.6706999016236	NA	NA	NA	NA	NA	NA	21233
HIP01223	TRBV6-1	ap01	ap01	ap01	0.46,0.54	1	115,206	70.2127859241497	NA	NA	NA	NA	NA	NA	21233
HIP01223	TRBV18	ap01	ap01	ap01	0.46,0.54	1	154,221	108.390637631479	NA	NA	NA	NA	NA	NA	21233
HIP01223	TRBV6-56	ap01,ap02	ap01,ap02	ap01,ap02	0.46,0.54	0.72,0.28	254,322	88.6408823204398	96,125	32.6681783199132	NA	NA	NA	NA	21233
HIP01223	TRBV7-3	ap01	ap03	ap01,ap03	0.46,0.54	0.72,0.28	256,10	61.2975841492319	13,93	14.8038779956316	NA	NA	NA	NA	21233
HIP01223	TRBV5-6	ap01	ap01	ap01	0.46,0.54	1	149,182	113.20547186868	NA	NA	NA	NA	NA	NA	21233
HIP01223	TRBV10-1	ap01	ap01	ap01	0.46,0.54	1	105,174	67.7963143472209	NA	NA	NA	NA	NA	NA	21233
HIP01223	TRBV6-7	ap01	ap01	ap01	0.46,0.54	1	18,26	12.6248233085163	NA	NA	NA	NA	NA	NA	21233
HIP01223	TRBV7-1	ap01_G291C_T296C	ap01_G291C_T296C_C314T	ap01_G291C_T296C,ap01_G291C_T296C_C314T	0.46,0.54	0.5,0.5	6,0	1.70905741193716	1,5	0.594367752360902	NA	NA	NA	NA	21233
HIP01223	TRBV5-8	ap01	ap01	ap01	0.46,0.54	1	35,42	26.7887332060582	NA	NA	NA	NA	NA	NA	21233
HIP01223	TRBV30	ap01	ap01_G298A	ap01,ap01_G298A	0.46,0.54	0.58,0.42	240,12	54.4156579653821	22,159	25.4610106780847	NA	NA	NA	NA	21233
HIP01223	TRBV11-3	ap01	ap01	ap01	0.46,0.54	1	104,115	82.1671588170118	NA	NA	NA	NA	NA	NA	21233
HIP01223	TRBV28	ap01	ap01	ap01	0.46,0.54	1	36,68	21.0596848600481	NA	NA	NA	NA	NA	NA	21233
HIP01223	TRBV7-8	ap01,ap03	ap01,ap03	ap01,ap03	0.46,0.54	0.7,0.3	86,110	29.7654843248473	36,49	11.7134657420479	NA	NA	NA	NA	21233
HIP01223	TRBV12-2	ap01	ap01	ap01	0.46,0.54	1	21,57	7.74569093162805	NA	NA	NA	NA	NA	NA	21233
HIP01223	TRBV23-1	ap01	ap01	ap01	0.46,0.54	1	33,57	20.7013650407056	NA	NA	NA	NA	NA	NA	21233
HIP01223	TRBV1	ap01	ap01	ap01	0.46,0.54	1	34,39	26.494711526403	NA	NA	NA	NA	NA	NA	21233
HIP01223	TRBV11-1	ap01	ap01	ap01	0.46,0.54	1	53,25	23.6035980838724	NA	NA	NA	NA	NA	NA	21233
HIP01223	TRBV13	ap01	ap01	ap01	0.46,0.54	1	127,137	101.237670110223	NA	NA	NA	NA	NA	NA	21233
HIP01223	TRBV5-3	ap01	ap01	ap01	0.46,0.54	1	20,29	13.9984844972613	NA	NA	NA	NA	NA	NA	21233
HIP01223	TRBV6-9	ap01	Unk	ap01	0.46,0.54	1	8,1	0.927463014188696	NA	NA	NA	NA	NA	NA	21233
HIP01223	TRBV16	ap01	ap01	ap01	0.46,0.54	1	3,5	1.9295554782117	NA	NA	NA	NA	NA	NA	21233
HIP01223	TRBV5-7	ap01	ap01	ap01	0.46,0.54	1	2,8	0.0642981396872903	NA	NA	NA	NA	NA	NA	21233
HIP01223	TRBV17	Unk	Unk	NA	NA	NA	NA	NA	NA	NA	NA	NA	NA	NA	21233
HIP01223	TRBV26	Unk	Unk	NA	NA	NA	NA	NA	NA	NA	NA	NA	NA	NA	21233
