subject	gene	TRBD2_01	TRBD2_02	alleles	proirs_row	proirs_col	counts1	k1	counts2	k2	counts3	k3	counts4	k4	TOTAL
HIP09344	TRBV6-4	ap01	ap01	ap01	0.42,0.58	1	117,134	91.0284379784565	NA	NA	NA	NA	NA	NA	20276
HIP09344	TRBV5-1	ap01	ap01	ap01	0.42,0.58	1	503,573	39.2055606480709	NA	NA	NA	NA	NA	NA	20276
HIP09344	TRBV24-1	ap01	ap01	ap01	0.42,0.58	1	233,387	153.588307366311	NA	NA	NA	NA	NA	NA	20276
HIP09344	TRBV9	ap01	ap01	ap01	0.42,0.58	1	431,521	32.9017467914073	NA	NA	NA	NA	NA	NA	20276
HIP09344	TRBV6-1	ap01	ap01	ap01	0.42,0.58	1	112,104	131.768114423184	NA	NA	NA	NA	NA	NA	20276
HIP09344	TRBV4-3	ap01	ap01	ap01	0.42,0.58	1	289,375	214.705130190368	NA	NA	NA	NA	NA	NA	20276
HIP09344	TRBV6-23	ap01	ap01	ap01	0.42,0.58	1	380,506	279.333404704811	NA	NA	NA	NA	NA	NA	20276
HIP09344	TRBV25-1	ap01	ap01	ap01	0.42,0.58	1	58,100	37.3875354130516	NA	NA	NA	NA	NA	NA	20276
HIP09344	TRBV12-1	ap01	ap01	ap01	0.42,0.58	1	6,17	2.33382189531108	NA	NA	NA	NA	NA	NA	20276
HIP09344	TRBV12-34	ap01	ap01	ap01	0.42,0.58	1	369,341	43.1417607258578	NA	NA	NA	NA	NA	NA	20276
HIP09344	TRBV11-2	ap01	ap01	ap01	0.42,0.58	1	133,186	95.7154597070535	NA	NA	NA	NA	NA	NA	20276
HIP09344	TRBV5-6	ap01	ap01	ap01	0.42,0.58	1	127,201	86.0064218490259	NA	NA	NA	NA	NA	NA	20276
HIP09344	TRBV6-56	ap01,ap02	ap01,ap02	ap01,ap02	0.42,0.58	0.69,0.31	192,218	73.8067914708893	85,95	33.0113246287081	NA	NA	NA	NA	20276
HIP09344	TRBV20-1	ap01,ap02	ap01,ap02	ap01,ap02	0.42,0.58	0.85,0.15	318,568	76.1474887280696	54,103	11.4723336337732	NA	NA	NA	NA	20276
HIP09344	TRBV28	ap01	ap01	ap01	0.42,0.58	1	436,821	265.084739409861	NA	NA	NA	NA	NA	NA	20276
HIP09344	TRBV7-2	ap01	ap01	ap01	0.42,0.58	1	396,458	307.067976316897	NA	NA	NA	NA	NA	NA	20276
HIP09344	TRBV30	ap01	ap01	ap01	0.42,0.58	1	186,224	142.182554901615	NA	NA	NA	NA	NA	NA	20276
HIP09344	TRBV4-2	ap01	ap01	ap01	0.42,0.58	1	223,247	175.435034910688	NA	NA	NA	NA	NA	NA	20276
HIP09344	TRBV7-9	ap01	ap01	ap01	0.42,0.58	1	347,525	240.568890661675	NA	NA	NA	NA	NA	NA	20276
HIP09344	TRBV2	ap01	ap01	ap01	0.42,0.58	1	329,372	257.075925856901	NA	NA	NA	NA	NA	NA	20276
HIP09344	TRBV7-7	ap01	ap01_C315T	ap01,ap01_C315T	0.42,0.58	0.44,0.56	65,3	17.0231137765643	11,75	9.69558501349801	NA	NA	NA	NA	20276
HIP09344	TRBV10-3	ap01	ap01	ap01	0.42,0.58	1	144,208	102.106825254444	NA	NA	NA	NA	NA	NA	20276
HIP09344	TRBV27	ap01	ap01	ap01	0.42,0.58	1	270,546	155.496119533839	NA	NA	NA	NA	NA	NA	20276
HIP09344	TRBV7-6	ap01	ap01	ap01	0.42,0.58	1	145,170	111.90687843942	NA	NA	NA	NA	NA	NA	20276
HIP09344	TRBV7-8	ap03	ap01,ap03	ap01,ap03	0.42,0.58	0.64,0.36	17,135	19.2365565488028	26,61	2.98273375018209	NA	NA	NA	NA	20276
HIP09344	TRBV10-1	ap01	ap01	ap01	0.42,0.58	1	47,83	29.843792371487	NA	NA	NA	NA	NA	NA	20276
HIP09344	TRBV29-1	ap01,ap02	ap01,ap02	ap01,ap02	0.42,0.58	0.82,0.18	167,286	42.7268289406496	35,62	8.4958894751081	NA	NA	NA	NA	20276
HIP09344	TRBV7-3	ap01	ap01	ap01	0.42,0.58	1	269,307	209.537779526127	NA	NA	NA	NA	NA	NA	20276
HIP09344	TRBV21-1	ap01	ap01	ap01	0.42,0.58	1	89,163	55.1690900932252	NA	NA	NA	NA	NA	NA	20276
HIP09344	TRBV6-7	ap01	ap01	ap01	0.42,0.58	1	17,21	12.8737464217292	NA	NA	NA	NA	NA	NA	20276
HIP09344	TRBV5-5	ap01	ap01	ap01	0.42,0.58	1	57,54	68.8287776190623	NA	NA	NA	NA	NA	NA	20276
HIP09344	TRBV5-4	ap01	ap01	ap01	0.42,0.58	1	295,306	236.85984498548	NA	NA	NA	NA	NA	NA	20276
HIP09344	TRBV4-1	ap01	ap01	ap01	0.42,0.58	1	210,267	157.279729953731	NA	NA	NA	NA	NA	NA	20276
HIP09344	TRBV18	ap01	ap01	ap01	0.42,0.58	1	135,230	87.6585062168198	NA	NA	NA	NA	NA	NA	20276
HIP09344	TRBV19	ap01	ap01	ap01	0.42,0.58	1	301,471	205.083293053227	NA	NA	NA	NA	NA	NA	20276
HIP09344	TRBV12-2	ap01	ap01	ap01	0.42,0.58	1	20,25	15.0777971141417	NA	NA	NA	NA	NA	NA	20276
HIP09344	TRBV6-9	ap01	ap01	ap01	0.42,0.58	1	3,12	0.360246701733434	NA	NA	NA	NA	NA	NA	20276
HIP09344	TRBV12-5	ap01	ap01	ap01	0.42,0.58	1	54,44	53.3932640228673	NA	NA	NA	NA	NA	NA	20276
HIP09344	TRBV10-2	ap01	ap01	ap01	0.42,0.58	1	23,36	15.66851931471	NA	NA	NA	NA	NA	NA	20276
HIP09344	TRBV3-12	ap01	ap01	ap01	0.42,0.58	1	281,341	214.205423316749	NA	NA	NA	NA	NA	NA	20276
HIP09344	TRBV15	ap02	ap02	ap02	0.42,0.58	1	111,228	63.1118357124728	NA	NA	NA	NA	NA	NA	20276
HIP09344	TRBV6-8	ap01	ap01	ap01	0.42,0.58	1	12,9	10.581573487957	NA	NA	NA	NA	NA	NA	20276
HIP09344	TRBV14	ap01	ap01	ap01	0.42,0.58	1	79,161	45.210198798388	NA	NA	NA	NA	NA	NA	20276
HIP09344	TRBV5-3	ap01	ap01	ap01	0.42,0.58	1	26,43	17.1811435106179	NA	NA	NA	NA	NA	NA	20276
HIP09344	TRBV13	ap01	ap01	ap01	0.42,0.58	1	69,101	48.6188864359744	NA	NA	NA	NA	NA	NA	20276
HIP09344	TRBV11-3	ap01	ap01	ap01	0.42,0.58	1	60,82	43.620062850581	NA	NA	NA	NA	NA	NA	20276
HIP09344	TRBV16	Unk	ap01	ap01	0.42,0.58	1	0,5	1.15237749417444	NA	NA	NA	NA	NA	NA	20276
HIP09344	TRBV5-8	Del	ap01	ap01	0.42,0.58	1	5,51	6.5443292943258	NA	NA	NA	NA	NA	NA	20276
HIP09344	TRBV11-1	ap01	ap01	ap01	0.42,0.58	1	40,54	29.2336922329439	NA	NA	NA	NA	NA	NA	20276
HIP09344	TRBV7-4	ap01	ap01	ap01	0.42,0.58	1	4,11	1.63270642981902	NA	NA	NA	NA	NA	NA	20276
HIP09344	TRBV7-1	ap01_T296C	ap01_T296C	ap01_T296C	0.42,0.58	1	1,3	0.350557732746032	NA	NA	NA	NA	NA	NA	20276
HIP09344	TRBV23-1	ap01	ap01_T304C	ap01,ap01_T304C	0.42,0.58	0.23,0.77	17,2	3.00318720199858	10,53	5.43244155909778	NA	NA	NA	NA	20276
HIP09344	TRBV5-7	ap01	ap01	ap01	0.42,0.58	1	2,2	2.58876462804912	NA	NA	NA	NA	NA	NA	20276
HIP09344	TRBV1	ap01	ap01	ap01	0.42,0.58	1	20,27	14.6168461164719	NA	NA	NA	NA	NA	NA	20276
HIP09344	TRBV17	Unk	ap01	ap01	0.42,0.58	1	0,1	0.230475498834888	NA	NA	NA	NA	NA	NA	20276
HIP09344	TRBV26	Unk	Unk	NA	NA	NA	NA	NA	NA	NA	NA	NA	NA	NA	20276
