subject	gene	TRBD2_01	TRBD2_02	alleles	proirs_row	proirs_col	counts1	k1	counts2	k2	counts3	k3	counts4	k4	TOTAL
Keck0103_MC1	TRBV28	Del	ap01	ap01	0.44,0.56	1	90,428	10.5970102358956	NA	NA	NA	NA	NA	NA	11686
Keck0103_MC1	TRBV2	ap01	ap01	ap01	0.44,0.56	1	265,177	200.524587522098	NA	NA	NA	NA	NA	NA	11686
Keck0103_MC1	TRBV3-12	ap01	ap01	ap01	0.44,0.56	1	324,328	263.339348854213	NA	NA	NA	NA	NA	NA	11686
Keck0103_MC1	TRBV14	ap01	ap01	ap01	0.44,0.56	1	43,81	25.6349477691838	NA	NA	NA	NA	NA	NA	11686
Keck0103_MC1	TRBV6-56	ap01,ap02	ap01,ap02	ap01,ap02	0.44,0.56	0.73,0.27	118,145	42.6446139064523	48,49	19.7435973256244	NA	NA	NA	NA	11686
Keck0103_MC1	TRBV10-3	ap01	ap01	ap01	0.44,0.56	1	110,142	81.7880803657061	NA	NA	NA	NA	NA	NA	11686
Keck0103_MC1	TRBV6-7	ap01	ap01	ap01	0.44,0.56	1	7,15	3.72220237805261	NA	NA	NA	NA	NA	NA	11686
Keck0103_MC1	TRBV20-1	ap01,ap02	ap01,ap02	ap01,ap02	0.44,0.56	0.85,0.15	224,320	70.2103510072922	44,51	16.6378688391851	NA	NA	NA	NA	11686
Keck0103_MC1	TRBV21-1	ap01	ap01	ap01	0.44,0.56	1	55,120	28.7131853844786	NA	NA	NA	NA	NA	NA	11686
Keck0103_MC1	TRBV7-9	ap01	ap01	ap01	0.44,0.56	1	136,169	102.751455421427	NA	NA	NA	NA	NA	NA	11686
Keck0103_MC1	TRBV23-1	ap01	ap01	ap01	0.44,0.56	1	17,35	9.39476130875093	NA	NA	NA	NA	NA	NA	11686
Keck0103_MC1	TRBV5-1	ap01	ap01	ap01	0.44,0.56	1	505,422	52.0378115143873	NA	NA	NA	NA	NA	NA	11686
Keck0103_MC1	TRBV7-2	ap01	ap01	ap01	0.44,0.56	1	125,297	59.223309582227	NA	NA	NA	NA	NA	NA	11686
Keck0103_MC1	TRBV27	ap01	ap01	ap01	0.44,0.56	1	208,311	144.091057469327	NA	NA	NA	NA	NA	NA	11686
Keck0103_MC1	TRBV24-1	ap01	ap01	ap01	0.44,0.56	1	93,139	64.4384751069963	NA	NA	NA	NA	NA	NA	11686
Keck0103_MC1	TRBV9	ap01	ap01	ap01	0.44,0.56	1	294,309	236.129528251234	NA	NA	NA	NA	NA	NA	11686
Keck0103_MC1	TRBV29-1	ap01,ap02	ap01,ap02	ap01,ap02	0.44,0.56	0.83,0.17	74,131	17.1241375750628	15,26	3.60412098661076	NA	NA	NA	NA	11686
Keck0103_MC1	TRBV6-23	ap01	ap01	ap01	0.44,0.56	1	134,299	68.3060345948349	NA	NA	NA	NA	NA	NA	11686
Keck0103_MC1	TRBV4-2	ap01	ap01	ap01	0.44,0.56	1	120,121	97.6527831072891	NA	NA	NA	NA	NA	NA	11686
Keck0103_MC1	TRBV25-1	ap01	ap01	ap01	0.44,0.56	1	38,61	25.2845570381968	NA	NA	NA	NA	NA	NA	11686
Keck0103_MC1	TRBV15	ap02	ap02	ap02	0.44,0.56	1	56,79	39.9697628353056	NA	NA	NA	NA	NA	NA	11686
Keck0103_MC1	TRBV5-6	ap01	ap01	ap01	0.44,0.56	1	89,106	68.3841733706223	NA	NA	NA	NA	NA	NA	11686
Keck0103_MC1	TRBV4-1	ap01	ap01	ap01	0.44,0.56	1	160,87	88.6425315427133	NA	NA	NA	NA	NA	NA	11686
Keck0103_MC1	TRBV30	ap02	ap02	ap02	0.44,0.56	1	23,26	18.0186630093304	NA	NA	NA	NA	NA	NA	11686
Keck0103_MC1	TRBV6-1	ap01	ap01	ap01	0.44,0.56	1	84,63	74.8156223139068	NA	NA	NA	NA	NA	NA	11686
Keck0103_MC1	TRBV6-9	ap01	ap01	ap01	0.44,0.56	1	6,10	3.90071310529142	NA	NA	NA	NA	NA	NA	11686
Keck0103_MC1	TRBV13	ap01	ap01	ap01	0.44,0.56	1	55,59	43.8771066640876	NA	NA	NA	NA	NA	NA	11686
Keck0103_MC1	TRBV1	ap01	ap01	ap01	0.44,0.56	1	28,33	21.6007090949882	NA	NA	NA	NA	NA	NA	11686
Keck0103_MC1	TRBV7-6	ap01	ap01	ap01	0.44,0.56	1	86,89	69.4168832992111	NA	NA	NA	NA	NA	NA	11686
Keck0103_MC1	TRBV7-3	ap01	ap01	ap01	0.44,0.56	1	163,199	124.033497496782	NA	NA	NA	NA	NA	NA	11686
Keck0103_MC1	TRBV4-3	Del	ap01	ap01	0.44,0.56	1	25,189	20.3724560808876	NA	NA	NA	NA	NA	NA	11686
Keck0103_MC1	TRBV7-8	ap01,ap03	ap01,ap03	ap01,ap03	0.44,0.56	0.65,0.35	65,59	49.9593040636111	25,41	6.56703274746324	NA	NA	NA	NA	11686
Keck0103_MC1	TRBV5-4	ap01	ap01	ap01	0.44,0.56	1	161,154	197.66808133657	NA	NA	NA	NA	NA	NA	11686
Keck0103_MC1	TRBV10-2	ap01	ap01	ap01	0.44,0.56	1	39,21	21.2699707152747	NA	NA	NA	NA	NA	NA	11686
Keck0103_MC1	TRBV12-34	ap01	ap01	ap01	0.44,0.56	1	258,180	207.755806259741	NA	NA	NA	NA	NA	NA	11686
Keck0103_MC1	TRBV11-3	ap01	ap01	ap01	0.44,0.56	1	58,93	38.6183858870831	NA	NA	NA	NA	NA	NA	11686
Keck0103_MC1	TRBV11-2	ap01	ap01	ap01	0.44,0.56	1	110,128	85.268324593813	NA	NA	NA	NA	NA	NA	11686
Keck0103_MC1	TRBV19	ap01	ap01	ap01	0.44,0.56	1	146,225	99.4748149084217	NA	NA	NA	NA	NA	NA	11686
Keck0103_MC1	TRBV6-4	ap01	ap01	ap01	0.44,0.56	1	62,89	43.870475940597	NA	NA	NA	NA	NA	NA	11686
Keck0103_MC1	TRBV12-1	ap01	ap01	ap01	0.44,0.56	1	7,10	4.96514674523367	NA	NA	NA	NA	NA	NA	11686
Keck0103_MC1	TRBV7-7	ap01	ap01_C315T	ap01,ap01_C315T	0.44,0.56	0.37,0.63	23,1	5.67554648163656	5,36	5.36055259329872	NA	NA	NA	NA	11686
Keck0103_MC1	TRBV12-5	ap01	ap01	ap01	0.44,0.56	1	29,28	36.0306074344846	NA	NA	NA	NA	NA	NA	11686
Keck0103_MC1	TRBV10-1	ap01	ap01	ap01	0.44,0.56	1	72,55	65.7599009879076	NA	NA	NA	NA	NA	NA	11686
Keck0103_MC1	TRBV11-1	ap01	ap01	ap01	0.44,0.56	1	27,28	21.779219822227	NA	NA	NA	NA	NA	NA	11686
Keck0103_MC1	TRBV7-4	ap01	ap01	ap01	0.44,0.56	1	11,16	7.73134806438543	NA	NA	NA	NA	NA	NA	11686
Keck0103_MC1	TRBV18	ap01	ap01	ap01	0.44,0.56	1	120,127	96.1612498666718	NA	NA	NA	NA	NA	NA	11686
Keck0103_MC1	TRBV6-8	ap01	ap01	ap01	0.44,0.56	1	7,8	5.4623244921061	NA	NA	NA	NA	NA	NA	11686
Keck0103_MC1	TRBV5-3	ap01	ap01	ap01	0.44,0.56	1	20,37	12.0908844817053	NA	NA	NA	NA	NA	NA	11686
Keck0103_MC1	TRBV5-8	ap01	ap01	ap01	0.44,0.56	1	19,21	15.0038728167424	NA	NA	NA	NA	NA	NA	11686
Keck0103_MC1	TRBV5-5	ap01	ap01	ap01	0.44,0.56	1	22,27	16.7056404959519	NA	NA	NA	NA	NA	NA	11686
Keck0103_MC1	TRBV12-2	ap01	ap01	ap01	0.44,0.56	1	9,14	6.09965853137334	NA	NA	NA	NA	NA	NA	11686
Keck0103_MC1	TRBV7-1	ap01_G291C_T296C_C314T	ap01_G291C_T296C	ap01_G291C_T296C,ap01_G291C_T296C_C314T	0.44,0.56	0.83,0.17	1,4	0.30388500582045	1,0	0.297845624210657	NA	NA	NA	NA	11686
Keck0103_MC1	TRBV5-7	Unk	ap01	ap01	0.44,0.56	1	0,7	1.74012211405348	NA	NA	NA	NA	NA	NA	11686
Keck0103_MC1	TRBV16	ap01	Unk	ap01	0.44,0.56	1	2,0	0.667012737459564	NA	NA	NA	NA	NA	NA	11686
Keck0103_MC1	TRBV17	Unk	Unk	NA	NA	NA	NA	NA	NA	NA	NA	NA	NA	NA	11686
Keck0103_MC1	TRBV26	Unk	Unk	NA	NA	NA	NA	NA	NA	NA	NA	NA	NA	NA	11686
