subject	gene	TRBD2_01	TRBD2_02	alleles	proirs_row	proirs_col	counts1	k1	counts2	k2	counts3	k3	counts4	k4	TOTAL
Keck0087_MC1	TRBV28	ap01	ap01	ap01	0.41,0.59	1	356,614	230.068193674977	NA	NA	NA	NA	NA	NA	21915
Keck0087_MC1	TRBV6-56	ap01,ap02	ap01,ap02	ap01,ap02	0.41,0.59	0.76,0.24	335,372	130.571557953792	110,118	43.781274930912	NA	NA	NA	NA	21915
Keck0087_MC1	TRBV9	ap01	ap01	ap01	0.41,0.59	1	106,346	31.601379667928	NA	NA	NA	NA	NA	NA	21915
Keck0087_MC1	TRBV4-1	ap01	ap01	ap01	0.41,0.59	1	329,332	265.860787225433	NA	NA	NA	NA	NA	NA	21915
Keck0087_MC1	TRBV5-5	ap01	ap01	ap01	0.41,0.59	1	24,45	14.6945735719374	NA	NA	NA	NA	NA	NA	21915
Keck0087_MC1	TRBV7-9	ap01	ap01	ap01	0.41,0.59	1	243,370	168.146108113293	NA	NA	NA	NA	NA	NA	21915
Keck0087_MC1	TRBV10-1	ap01	ap01	ap01	0.41,0.59	1	90,183	51.882103771398	NA	NA	NA	NA	NA	NA	21915
Keck0087_MC1	TRBV27	ap01	ap01	ap01	0.41,0.59	1	584,883	40.5510412366538	NA	NA	NA	NA	NA	NA	21915
Keck0087_MC1	TRBV20-1	ap01,ap02	ap01,ap02	ap01,ap02	0.41,0.59	0.86,0.14	374,685	86.8173021714791	75,95	26.6712148361416	NA	NA	NA	NA	21915
Keck0087_MC1	TRBV3-12	ap01	ap01	ap01	0.41,0.59	1	694,655	83.2825961554478	NA	NA	NA	NA	NA	NA	21915
Keck0087_MC1	TRBV6-23	ap01	ap01	ap01	0.41,0.59	1	316,789	149.041323276707	NA	NA	NA	NA	NA	NA	21915
Keck0087_MC1	TRBV12-5	ap01	ap01	ap01	0.41,0.59	1	50,63	37.5676124182763	NA	NA	NA	NA	NA	NA	21915
Keck0087_MC1	TRBV12-2	ap01	ap01	ap01	0.41,0.59	1	40,56	28.7876854510521	NA	NA	NA	NA	NA	NA	21915
Keck0087_MC1	TRBV29-1	ap01,ap02	ap01,ap02	ap01,ap02	0.41,0.59	0.85,0.15	127,299	14.9671388387688	32,46	10.1846982049574	NA	NA	NA	NA	21915
Keck0087_MC1	TRBV6-4	ap01	ap01	ap01	0.41,0.59	1	82,199	39.9734591895672	NA	NA	NA	NA	NA	NA	21915
Keck0087_MC1	TRBV25-1	ap01	ap01	ap01	0.41,0.59	1	91,127	65.5824418642556	NA	NA	NA	NA	NA	NA	21915
Keck0087_MC1	TRBV13	ap01	ap01	ap01	0.41,0.59	1	100,111	78.527379703255	NA	NA	NA	NA	NA	NA	21915
Keck0087_MC1	TRBV24-1	ap01	ap01	ap01	0.41,0.59	1	246,385	167.862833018096	NA	NA	NA	NA	NA	NA	21915
Keck0087_MC1	TRBV5-1	ap01	ap01	ap01	0.41,0.59	1	779,814	62.3191509901233	NA	NA	NA	NA	NA	NA	21915
Keck0087_MC1	TRBV7-6	ap01	ap01	ap01	0.41,0.59	1	131,146	102.737442653174	NA	NA	NA	NA	NA	NA	21915
Keck0087_MC1	TRBV2	ap01	ap01	ap01	0.41,0.59	1	432,383	47.7507188264226	NA	NA	NA	NA	NA	NA	21915
Keck0087_MC1	TRBV6-1	ap01	ap01	ap01	0.41,0.59	1	244,155	168.232032480742	NA	NA	NA	NA	NA	NA	21915
Keck0087_MC1	TRBV30	ap02	ap02	ap02	0.41,0.59	1	177,68	48.506080529922	NA	NA	NA	NA	NA	NA	21915
Keck0087_MC1	TRBV11-2	ap01	ap01	ap01	0.41,0.59	1	244,308	183.203308152831	NA	NA	NA	NA	NA	NA	21915
Keck0087_MC1	TRBV19	ap01	ap01	ap01	0.41,0.59	1	248,460	152.974645198921	NA	NA	NA	NA	NA	NA	21915
Keck0087_MC1	TRBV7-2	ap01	ap01	ap01	0.41,0.59	1	211,520	101.063175216875	NA	NA	NA	NA	NA	NA	21915
Keck0087_MC1	TRBV12-34	ap01	ap01	ap01	0.41,0.59	1	375,375	48.4883693623921	NA	NA	NA	NA	NA	NA	21915
Keck0087_MC1	TRBV4-2	ap01	ap01	ap01	0.41,0.59	1	200,228	155.697897459829	NA	NA	NA	NA	NA	NA	21915
Keck0087_MC1	TRBV6-7	ap01	ap01	ap01	0.41,0.59	1	11,20	6.87635267325059	NA	NA	NA	NA	NA	NA	21915
Keck0087_MC1	TRBV4-3	Del	ap01	ap01	0.41,0.59	1	55,384	29.8430354433132	NA	NA	NA	NA	NA	NA	21915
Keck0087_MC1	TRBV5-6	ap01	ap01	ap01	0.41,0.59	1	144,218	99.926911636193	NA	NA	NA	NA	NA	NA	21915
Keck0087_MC1	TRBV1	ap01	ap01	ap01	0.41,0.59	1	52,46	57.3091859088466	NA	NA	NA	NA	NA	NA	21915
Keck0087_MC1	TRBV10-3	ap01	ap01	ap01	0.41,0.59	1	157,209	115.434016899405	NA	NA	NA	NA	NA	NA	21915
Keck0087_MC1	TRBV7-3	ap03	ap03	ap03	0.41,0.59	1	57,118	32.3837640405471	NA	NA	NA	NA	NA	NA	21915
Keck0087_MC1	TRBV11-3	ap01	ap01	ap01	0.41,0.59	1	98,163	64.6953229843495	NA	NA	NA	NA	NA	NA	21915
Keck0087_MC1	TRBV15	ap02	ap02	ap02	0.41,0.59	1	71,140	41.9167091697429	NA	NA	NA	NA	NA	NA	21915
Keck0087_MC1	TRBV12-1	ap01	ap01	ap01	0.41,0.59	1	17,33	10.1542446651197	NA	NA	NA	NA	NA	NA	21915
Keck0087_MC1	TRBV7-8	ap01,ap03	ap01,ap03	ap01,ap03	0.41,0.59	0.66,0.34	65,94	20.5647050299687	35,47	11.863630277128	NA	NA	NA	NA	21915
Keck0087_MC1	TRBV6-8	ap01	ap01	ap01	0.41,0.59	1	9,11	6.83905907893499	NA	NA	NA	NA	NA	NA	21915
Keck0087_MC1	TRBV6-9	ap01	ap01	ap01	0.41,0.59	1	16,16	20.688370927954	NA	NA	NA	NA	NA	NA	21915
Keck0087_MC1	TRBV5-4	ap01	ap01	ap01	0.41,0.59	1	267,264	34.027318005673	NA	NA	NA	NA	NA	NA	21915
Keck0087_MC1	TRBV5-3	ap01	ap01	ap01	0.41,0.59	1	9,32	2.09004226555158	NA	NA	NA	NA	NA	NA	21915
Keck0087_MC1	TRBV7-7	ap01_C315T	ap01_C315T	ap01_C315T	0.41,0.59	1	60,61	48.3828323055219	NA	NA	NA	NA	NA	NA	21915
Keck0087_MC1	TRBV14	ap01	ap01	ap01	0.41,0.59	1	66,149	34.6999499638788	NA	NA	NA	NA	NA	NA	21915
Keck0087_MC1	TRBV18	ap01	ap01	ap01	0.41,0.59	1	142,231	94.9144575707138	NA	NA	NA	NA	NA	NA	21915
Keck0087_MC1	TRBV23-1	ap01	ap01	ap01	0.41,0.59	1	40,50	30.1445473977331	NA	NA	NA	NA	NA	NA	21915
Keck0087_MC1	TRBV10-2	ap01	ap01	ap01	0.41,0.59	1	71,103	50.284024507609	NA	NA	NA	NA	NA	NA	21915
Keck0087_MC1	TRBV5-8	ap01	ap01	ap01	0.41,0.59	1	21,44	11.811837458212	NA	NA	NA	NA	NA	NA	21915
Keck0087_MC1	TRBV11-1	ap01	ap01	ap01	0.41,0.59	1	19,46	9.28696362831461	NA	NA	NA	NA	NA	NA	21915
Keck0087_MC1	TRBV21-1	ap01	ap01	ap01	0.41,0.59	1	67,148	35.9623868788275	NA	NA	NA	NA	NA	NA	21915
Keck0087_MC1	TRBV7-4	ap01	ap01	ap01	0.41,0.59	1	11,29	4.84105975322913	NA	NA	NA	NA	NA	NA	21915
Keck0087_MC1	TRBV5-7	Unk	ap01	ap01	0.41,0.59	1	1,5	0.0944250317322818	NA	NA	NA	NA	NA	NA	21915
Keck0087_MC1	TRBV16	Unk	ap01	ap01	0.41,0.59	1	1,5	0.0944250317322818	NA	NA	NA	NA	NA	NA	21915
Keck0087_MC1	TRBV7-1	ap01_G291C_T296C_C314T	ap01_G291C_T296C	ap01_G291C_T296C,ap01_G291C_T296C_C314T	0.41,0.59	0.5,0.5	1,5	0.460495107151382	6,0	1.93038842749118	NA	NA	NA	NA	21915
Keck0087_MC1	TRBV17	Unk	Unk	NA	NA	NA	NA	NA	NA	NA	NA	NA	NA	NA	21915
Keck0087_MC1	TRBV26	Unk	Unk	NA	NA	NA	NA	NA	NA	NA	NA	NA	NA	NA	21915
