subject	gene	TRBD2_01	TRBD2_02	alleles	proirs_row	proirs_col	counts1	k1	counts2	k2	counts3	k3	counts4	k4	TOTAL
HIP14059	TRBV12-34	ap01	ap01	ap01	0.46,0.54	1	318,511	209.09960538411	NA	NA	NA	NA	NA	NA	21515
HIP14059	TRBV5-1	ap01	ap01	ap01	0.46,0.54	1	633,774	48.0526539002468	NA	NA	NA	NA	NA	NA	21515
HIP14059	TRBV4-2	ap01	ap01	ap01	0.46,0.54	1	255,213	263.839975980942	NA	NA	NA	NA	NA	NA	21515
HIP14059	TRBV24-1	ap01	ap01	ap01	0.46,0.54	1	160,263	103.649136049998	NA	NA	NA	NA	NA	NA	21515
HIP14059	TRBV6-23	ap01	ap01	ap01	0.46,0.54	1	701,562	68.7249316260296	NA	NA	NA	NA	NA	NA	21515
HIP14059	TRBV7-3	ap02	ap01	ap01,ap02	0.46,0.54	0.86,0.14	50,382	63.8879556132202	68,1	18.0463450564179	NA	NA	NA	NA	21515
HIP14059	TRBV27	ap01	ap01	ap01	0.46,0.54	1	383,554	268.088240093641	NA	NA	NA	NA	NA	NA	21515
HIP14059	TRBV6-1	ap01	ap01	ap01	0.46,0.54	1	119,122	96.5515585592553	NA	NA	NA	NA	NA	NA	21515
HIP14059	TRBV4-3	ap01	ap01	ap01	0.46,0.54	1	513,308	33.599827724378	NA	NA	NA	NA	NA	NA	21515
HIP14059	TRBV6-4	ap01	ap01	ap01	0.46,0.54	1	142,159	111.664305551358	NA	NA	NA	NA	NA	NA	21515
HIP14059	TRBV7-9	ap01	ap01	ap01	0.46,0.54	1	349,359	282.846073557773	NA	NA	NA	NA	NA	NA	21515
HIP14059	TRBV6-56	ap01,ap02	ap01,ap02	ap01,ap02	0.46,0.54	0.73,0.27	262,281	104.306446223601	81,115	25.0702937019217	NA	NA	NA	NA	21515
HIP14059	TRBV12-1	ap01	ap01	ap01	0.46,0.54	1	12,19	7.96538526150313	NA	NA	NA	NA	NA	NA	21515
HIP14059	TRBV19	ap01	ap01	ap01	0.46,0.54	1	283,465	183.377334402873	NA	NA	NA	NA	NA	NA	21515
HIP14059	TRBV28	ap01	ap01	ap01	0.46,0.54	1	496,716	34.7568619320371	NA	NA	NA	NA	NA	NA	21515
HIP14059	TRBV10-3	ap01	ap01	ap01	0.46,0.54	1	201,235	155.432658037705	NA	NA	NA	NA	NA	NA	21515
HIP14059	TRBV20-1	ap01,ap02	ap01,ap02	ap01,ap02	0.46,0.54	0.87,0.13	464,623	152.739090849272	63,103	16.0400405050109	NA	NA	NA	NA	21515
HIP14059	TRBV4-1	ap01	ap01	ap01	0.46,0.54	1	191,217	149.367733710773	NA	NA	NA	NA	NA	NA	21515
HIP14059	TRBV7-7	ap01	ap01_C315T	ap01,ap01_C315T	0.46,0.54	0.42,0.58	45,2	10.3903548897158	12,54	5.7180099147174	NA	NA	NA	NA	21515
HIP14059	TRBV7-6	ap01	ap01	ap01	0.46,0.54	1	142,116	142.700997553313	NA	NA	NA	NA	NA	NA	21515
HIP14059	TRBV10-2	ap01	ap01	ap01	0.46,0.54	1	75,22	11.8980984539991	NA	NA	NA	NA	NA	NA	21515
HIP14059	TRBV3-12	ap01	ap01	ap01	0.46,0.54	1	454,389	48.554130822002	NA	NA	NA	NA	NA	NA	21515
HIP14059	TRBV21-1	ap01	ap01	ap01	0.46,0.54	1	107,181	67.9618912222303	NA	NA	NA	NA	NA	NA	21515
HIP14059	TRBV10-1	ap01	ap01	ap01	0.46,0.54	1	149,104	121.095682684065	NA	NA	NA	NA	NA	NA	21515
HIP14059	TRBV11-2	ap01	ap01	ap01	0.46,0.54	1	174,193	137.312230794751	NA	NA	NA	NA	NA	NA	21515
HIP14059	TRBV6-7	ap01	ap01	ap01	0.46,0.54	1	21,23	16.6496664034523	NA	NA	NA	NA	NA	NA	21515
HIP14059	TRBV7-2	ap01	ap01	ap01	0.46,0.54	1	507,472	60.2980846874713	NA	NA	NA	NA	NA	NA	21515
HIP14059	TRBV14	ap01	ap01	ap01	0.46,0.54	1	107,139	79.0672738782805	NA	NA	NA	NA	NA	NA	21515
HIP14059	TRBV9	ap01	ap01	ap01	0.46,0.54	1	450,477	36.0971414342077	NA	NA	NA	NA	NA	NA	21515
HIP14059	TRBV15	ap02	ap02	ap02	0.46,0.54	1	135,176	99.5922078887172	NA	NA	NA	NA	NA	NA	21515
HIP14059	TRBV5-4	ap01	ap01	ap01	0.46,0.54	1	290,305	233.260615870637	NA	NA	NA	NA	NA	NA	21515
HIP14059	TRBV5-6	ap01	ap01	ap01	0.46,0.54	1	159,170	127.1571888133	NA	NA	NA	NA	NA	NA	21515
HIP14059	TRBV29-1	ap01,ap02	ap01,ap02	ap01,ap02	0.46,0.54	0.81,0.19	113,87	68.9861262429093	28,19	14.1277046096386	NA	NA	NA	NA	21515
HIP14059	TRBV2	ap01	ap01	ap01	0.46,0.54	1	293,263	33.2670862966629	NA	NA	NA	NA	NA	NA	21515
HIP14059	TRBV12-2	ap01	ap01	ap01	0.46,0.54	1	34,26	31.2993041372831	NA	NA	NA	NA	NA	NA	21515
HIP14059	TRBV13	ap01	ap01	ap01	0.46,0.54	1	65,72	51.3206323994011	NA	NA	NA	NA	NA	NA	21515
HIP14059	TRBV12-5	ap01	ap01	ap01	0.46,0.54	1	40,53	29.2835608902291	NA	NA	NA	NA	NA	NA	21515
HIP14059	TRBV23-1	ap01	ap01	ap01	0.46,0.54	1	43,68	28.5646650097831	NA	NA	NA	NA	NA	NA	21515
HIP14059	TRBV30	ap01	ap01	ap01	0.46,0.54	1	72,242	13.947335855342	NA	NA	NA	NA	NA	NA	21515
HIP14059	TRBV18	ap01	ap01	ap01	0.46,0.54	1	168,273	109.664496551702	NA	NA	NA	NA	NA	NA	21515
HIP14059	TRBV5-5	ap01	ap01	ap01	0.46,0.54	1	42,48	32.7705050613783	NA	NA	NA	NA	NA	NA	21515
HIP14059	TRBV7-8	ap01,ap03	ap01,ap03	ap01,ap03	0.46,0.54	0.61,0.39	81,91	31.1945608563519	59,51	42.4854216349511	NA	NA	NA	NA	21515
HIP14059	TRBV6-9	ap01	ap01	ap01	0.46,0.54	1	12,16	8.75862687979243	NA	NA	NA	NA	NA	NA	21515
HIP14059	TRBV7-4	ap01	ap01	ap01	0.46,0.54	1	18,18	23.4161480612248	NA	NA	NA	NA	NA	NA	21515
HIP14059	TRBV5-7	Unk	ap01	ap01	0.46,0.54	1	1,8	1.03287357843796	NA	NA	NA	NA	NA	NA	21515
HIP14059	TRBV11-3	ap01	ap01	ap01	0.46,0.54	1	120,146	91.2880630166077	NA	NA	NA	NA	NA	NA	21515
HIP14059	TRBV11-1	Unk	ap01	ap01	0.46,0.54	1	11,47	0.520640579530493	NA	NA	NA	NA	NA	NA	21515
HIP14059	TRBV7-1	ap01_T296C	ap01_T296C	ap01_T296C	0.46,0.54	1	3,2	2.28629162401978	NA	NA	NA	NA	NA	NA	21515
HIP14059	TRBV6-8	ap01	ap01	ap01	0.46,0.54	1	10,15	6.85816594522186	NA	NA	NA	NA	NA	NA	21515
HIP14059	TRBV5-8	ap01	ap01	ap01	0.46,0.54	1	30,41	21.632153326718	NA	NA	NA	NA	NA	NA	21515
HIP14059	TRBV25-1	ap01	ap01	ap01	0.46,0.54	1	74,100	53.6589805950358	NA	NA	NA	NA	NA	NA	21515
HIP14059	TRBV5-3	ap01	ap01	ap01	0.46,0.54	1	24,40	15.4019427774801	NA	NA	NA	NA	NA	NA	21515
HIP14059	TRBV16	ap01	ap01	ap01	0.46,0.54	1	3,12	0.0743457378433099	NA	NA	NA	NA	NA	NA	21515
HIP14059	TRBV1	ap01	ap01	ap01	0.46,0.54	1	27,30	21.2933937161116	NA	NA	NA	NA	NA	NA	21515
HIP14059	TRBV17	Unk	Unk	NA	NA	NA	NA	NA	NA	NA	NA	NA	NA	NA	21515
HIP14059	TRBV26	Unk	Unk	NA	NA	NA	NA	NA	NA	NA	NA	NA	NA	NA	21515
