subject	gene	TRBD2_01	TRBD2_02	alleles	proirs_row	proirs_col	counts1	k1	counts2	k2	counts3	k3	counts4	k4	TOTAL
HIP03184	TRBV10-1	ap01	ap01	ap01	0.41,0.59	1	13,20	8.94719587843454	NA	NA	NA	NA	NA	NA	1919
HIP03184	TRBV29-1	ap01,ap02	ap01,ap02	ap01,ap02	0.41,0.59	0.85,0.15	45,102	6.13575292134688	8,18	1.12002822258049	NA	NA	NA	NA	1919
HIP03184	TRBV7-6	ap01	ap01	ap01	0.41,0.59	1	10,15	6.9696803202816	NA	NA	NA	NA	NA	NA	1919
HIP03184	TRBV5-1	ap01	ap01	ap01	0.41,0.59	1	73,92	54.8472651656595	NA	NA	NA	NA	NA	NA	1919
HIP03184	TRBV24-1	ap01	ap01	ap01	0.41,0.59	1	20,38	12.1251440336586	NA	NA	NA	NA	NA	NA	1919
HIP03184	TRBV5-6	ap01	ap01	ap01	0.41,0.59	1	22,30	16.0136279322087	NA	NA	NA	NA	NA	NA	1919
HIP03184	TRBV9	ap01	ap01	ap01	0.41,0.59	1	21,50	10.4409527691245	NA	NA	NA	NA	NA	NA	1919
HIP03184	TRBV7-2	ap01	ap01	ap01	0.41,0.59	1	26,27	20.8424937430891	NA	NA	NA	NA	NA	NA	1919
HIP03184	TRBV14	ap01	ap01	ap01	0.41,0.59	1	18,9	8.39181411647268	NA	NA	NA	NA	NA	NA	1919
HIP03184	TRBV10-2	Unk	ap01	ap01	0.41,0.59	1	3,17	0.743809352203962	NA	NA	NA	NA	NA	NA	1919
HIP03184	TRBV13	ap01	ap01	ap01	0.41,0.59	1	10,12	7.65001154787083	NA	NA	NA	NA	NA	NA	1919
HIP03184	TRBV12-34	ap01	ap01	ap01	0.41,0.59	1	34,32	40.6617521884919	NA	NA	NA	NA	NA	NA	1919
HIP03184	TRBV7-9	ap01	ap01	ap01	0.41,0.59	1	14,29	7.94333584148963	NA	NA	NA	NA	NA	NA	1919
HIP03184	TRBV6-4	ap01	ap01	ap01	0.41,0.59	1	21,16	18.8876506428489	NA	NA	NA	NA	NA	NA	1919
HIP03184	TRBV6-56	ap01,ap02	ap01,ap02	ap01,ap02	0.41,0.59	0.71,0.29	47,40	32.7426129381049	21,15	11.19503232435	NA	NA	NA	NA	1919
HIP03184	TRBV4-2	ap01	ap01	ap01	0.41,0.59	1	30,35	23.1768117194756	NA	NA	NA	NA	NA	NA	1919
HIP03184	TRBV18	ap01	ap01	ap01	0.41,0.59	1	5,8	3.37145162220926	NA	NA	NA	NA	NA	NA	1919
HIP03184	TRBV28	Unk	ap01	ap01	0.41,0.59	1	13,73	3.07198914230845	NA	NA	NA	NA	NA	NA	1919
HIP03184	TRBV4-1	ap01	ap01	ap01	0.41,0.59	1	45,38	46.6171012956563	NA	NA	NA	NA	NA	NA	1919
HIP03184	TRBV21-1	ap01	ap01	ap01	0.41,0.59	1	7,9	5.21894183799173	NA	NA	NA	NA	NA	NA	1919
HIP03184	TRBV2	ap01	ap01	ap01	0.41,0.59	1	29,32	22.820009301242	NA	NA	NA	NA	NA	NA	1919
HIP03184	TRBV5-4	ap01	ap01	ap01	0.41,0.59	1	49,47	60.0602044920187	NA	NA	NA	NA	NA	NA	1919
HIP03184	TRBV20-1	ap01	ap01,ap02	ap01,ap02	0.41,0.59	0.87,0.13	21,38	4.9677459958503	2,7	0.268012379916098	NA	NA	NA	NA	1919
HIP03184	TRBV30	ap02	ap02	ap02	0.41,0.59	1	12,16	8.81717053606407	NA	NA	NA	NA	NA	NA	1919
HIP03184	TRBV6-1	ap01	ap01	ap01	0.41,0.59	1	21,19	23.849760192102	NA	NA	NA	NA	NA	NA	1919
HIP03184	TRBV10-3	ap01	ap01	ap01	0.41,0.59	1	17,19	13.3225075375887	NA	NA	NA	NA	NA	NA	1919
HIP03184	TRBV19	ap01	ap01	ap01	0.41,0.59	1	10,14	7.19645739614467	NA	NA	NA	NA	NA	NA	1919
HIP03184	TRBV27	ap01	ap01	ap01	0.41,0.59	1	7,20	2.7243940034979	NA	NA	NA	NA	NA	NA	1919
HIP03184	TRBV25-1	ap01	ap01	ap01	0.41,0.59	1	13,26	7.58653342325609	NA	NA	NA	NA	NA	NA	1919
HIP03184	TRBV1	ap01	ap01	ap01	0.41,0.59	1	10,19	6.06257201682929	NA	NA	NA	NA	NA	NA	1919
HIP03184	TRBV3-12	ap01	ap01	ap01	0.41,0.59	1	24,25	19.2217806031697	NA	NA	NA	NA	NA	NA	1919
HIP03184	TRBV23-1	Unk	ap01	ap01	0.41,0.59	1	1,9	1.00386003694491	NA	NA	NA	NA	NA	NA	1919
HIP03184	TRBV5-8	ap01	ap01	ap01	0.41,0.59	1	3,4	2.20429263401602	NA	NA	NA	NA	NA	NA	1919
HIP03184	TRBV16	ap01	Unk	ap01	0.41,0.59	1	1,0	0.360806362849265	NA	NA	NA	NA	NA	NA	1919
HIP03184	TRBV7-8	ap01,ap03	ap01,ap03	ap01,ap03	0.41,0.59	0.56,0.44	6,8	2.04566392517005	6,5	4.05269893106166	NA	NA	NA	NA	1919
HIP03184	TRBV15	ap02	ap02	ap02	0.41,0.59	1	10,23	5.15546371337699	NA	NA	NA	NA	NA	NA	1919
HIP03184	TRBV12-5	ap01	ap01	ap01	0.41,0.59	1	3,4	2.20429263401602	NA	NA	NA	NA	NA	NA	1919
HIP03184	TRBV7-3	ap03	ap01,ap03	ap01,ap03	0.41,0.59	0.8,0.2	1,15	2.65489559353966	3,1	0.232701104911333	NA	NA	NA	NA	1919
HIP03184	TRBV11-2	ap01	ap01	ap01	0.41,0.59	1	4,6	2.78787212811264	NA	NA	NA	NA	NA	NA	1919
HIP03184	TRBV12-1	ap01	Unk	ap01	0.41,0.59	1	1,0	0.360806362849265	NA	NA	NA	NA	NA	NA	1919
HIP03184	TRBV6-8	Unk	ap01	ap01	0.41,0.59	1	0,1	0.226777075863075	NA	NA	NA	NA	NA	NA	1919
HIP03184	TRBV6-23	ap01	ap01	ap01	0.41,0.59	1	13,18	9.40075003016069	NA	NA	NA	NA	NA	NA	1919
HIP03184	TRBV7-7	ap01	ap01_C315T	ap01,ap01_C315T	0.41,0.59	0.3,0.7	6,0	1.92612893766999	1,13	2.21648004509068	NA	NA	NA	NA	1919
HIP03184	TRBV11-3	ap01	ap01	ap01	0.41,0.59	1	2,3	1.39393606405632	NA	NA	NA	NA	NA	NA	1919
HIP03184	TRBV6-7	ap01	ap01	ap01	0.41,0.59	1	2,2	2.5864603071369	NA	NA	NA	NA	NA	NA	1919
HIP03184	TRBV12-2	ap01	ap01	ap01	0.41,0.59	1	1,3	0.356802418233547	NA	NA	NA	NA	NA	NA	1919
HIP03184	TRBV5-5	ap01	Unk	ap01	0.41,0.59	1	1,0	0.360806362849265	NA	NA	NA	NA	NA	NA	1919
HIP03184	TRBV5-3	Unk	ap01	ap01	0.41,0.59	1	0,1	0.226777075863075	NA	NA	NA	NA	NA	NA	1919
HIP03184	TRBV5-7	ap01	Unk	ap01	0.41,0.59	1	2,0	0.72161272569853	NA	NA	NA	NA	NA	NA	1919
HIP03184	TRBV7-4	ap01	ap01	ap01	0.41,0.59	1	1,1	1.29323015356845	NA	NA	NA	NA	NA	NA	1919
HIP03184	TRBV6-9	ap01	ap01	ap01	0.41,0.59	1	1,3	0.356802418233547	NA	NA	NA	NA	NA	NA	1919
HIP03184	TRBV4-3	ap01	Unk	ap01	0.41,0.59	1	1,0	0.360806362849265	NA	NA	NA	NA	NA	NA	1919
HIP03184	TRBV11-1	Unk	ap01	ap01	0.41,0.59	1	0,1	0.226777075863075	NA	NA	NA	NA	NA	NA	1919
HIP03184	TRBV17	Unk	Unk	NA	NA	NA	NA	NA	NA	NA	NA	NA	NA	NA	1919
HIP03184	TRBV26	Unk	Unk	NA	NA	NA	NA	NA	NA	NA	NA	NA	NA	NA	1919
HIP03184	TRBV7-1	Unk	Unk	NA	NA	NA	NA	NA	NA	NA	NA	NA	NA	NA	1919
