subject	gene	TRBD2_01	TRBD2_02	alleles	proirs_row	proirs_col	counts1	k1	counts2	k2	counts3	k3	counts4	k4	TOTAL
HIP14226	TRBV11-2	ap01	ap01	ap01	0.45,0.55	1	153,149	192.432127007917	NA	NA	NA	NA	NA	NA	13398
HIP14226	TRBV4-2	ap01	ap01	ap01	0.45,0.55	1	116,144	87.5862938312868	NA	NA	NA	NA	NA	NA	13398
HIP14226	TRBV28	ap01	ap01	ap01	0.45,0.55	1	344,496	241.958678385225	NA	NA	NA	NA	NA	NA	13398
HIP14226	TRBV4-1	ap01	ap01	ap01	0.45,0.55	1	168,103	112.931262447347	NA	NA	NA	NA	NA	NA	13398
HIP14226	TRBV4-3	Del	ap01	ap01	0.45,0.55	1	27,189	19.6985136738048	NA	NA	NA	NA	NA	NA	13398
HIP14226	TRBV5-1	ap01	ap01	ap01	0.45,0.55	1	492,355	41.7326113896412	NA	NA	NA	NA	NA	NA	13398
HIP14226	TRBV6-1	ap01	ap01	ap01	0.45,0.55	1	174,82	76.9111067584036	NA	NA	NA	NA	NA	NA	13398
HIP14226	TRBV5-6	ap01	ap01	ap01	0.45,0.55	1	112,109	140.748661327787	NA	NA	NA	NA	NA	NA	13398
HIP14226	TRBV5-5	ap01	ap01	ap01	0.45,0.55	1	34,31	39.3363535475035	NA	NA	NA	NA	NA	NA	13398
HIP14226	TRBV7-6	ap01	ap01	ap01	0.45,0.55	1	90,99	71.2352905767185	NA	NA	NA	NA	NA	NA	13398
HIP14226	TRBV6-4	ap01	ap01	ap01	0.45,0.55	1	112,119	89.7311627588532	NA	NA	NA	NA	NA	NA	13398
HIP14226	TRBV10-1	ap01	ap01	ap01	0.45,0.55	1	73,68	86.7964998494028	NA	NA	NA	NA	NA	NA	13398
HIP14226	TRBV2	ap01	ap01	ap01	0.45,0.55	1	226,179	217.554482680714	NA	NA	NA	NA	NA	NA	13398
HIP14226	TRBV12-2	ap01	ap01	ap01	0.45,0.55	1	21,30	14.8426801939332	NA	NA	NA	NA	NA	NA	13398
HIP14226	TRBV6-23	ap01	ap01	ap01	0.45,0.55	1	177,363	96.7066824372898	NA	NA	NA	NA	NA	NA	13398
HIP14226	TRBV6-56	ap01,ap02	ap01,ap02	ap01,ap02	0.45,0.55	0.72,0.28	167,202	60.8664628340099	83,61	47.1667748850886	NA	NA	NA	NA	13398
HIP14226	TRBV5-4	ap01	ap01	ap01	0.45,0.55	1	207,192	244.787606043549	NA	NA	NA	NA	NA	NA	13398
HIP14226	TRBV7-3	ap01	ap01	ap01	0.45,0.55	1	171,190	134.857213479262	NA	NA	NA	NA	NA	NA	13398
HIP14226	TRBV7-8	ap01,ap03	ap01,ap03	ap01,ap03	0.45,0.55	0.67,0.33	68,65	56.1622139783374	20,45	2.11068413937208	NA	NA	NA	NA	13398
HIP14226	TRBV15	ap02	ap02	ap02	0.45,0.55	1	89,90	72.4804847535489	NA	NA	NA	NA	NA	NA	13398
HIP14226	TRBV6-7	ap01	ap01	ap01	0.45,0.55	1	4,12	1.20665844850805	NA	NA	NA	NA	NA	NA	13398
HIP14226	TRBV7-2	ap01	ap01	ap01	0.45,0.55	1	166,319	96.224279483648	NA	NA	NA	NA	NA	NA	13398
HIP14226	TRBV27	ap01	ap01	ap01	0.45,0.55	1	260,331	194.189398526672	NA	NA	NA	NA	NA	NA	13398
HIP14226	TRBV9	ap01	ap01	ap01	0.45,0.55	1	274,305	215.943769371302	NA	NA	NA	NA	NA	NA	13398
HIP14226	TRBV21-1	ap01	ap01	ap01	0.45,0.55	1	77,129	49.5247745460566	NA	NA	NA	NA	NA	NA	13398
HIP14226	TRBV5-3	ap01	ap01	ap01	0.45,0.55	1	26,34	19.1869110343236	NA	NA	NA	NA	NA	NA	13398
HIP14226	TRBV11-3	ap01	ap01	ap01	0.45,0.55	1	48,87	29.1750598771924	NA	NA	NA	NA	NA	NA	13398
HIP14226	TRBV3-12	ap01	ap01	ap01	0.45,0.55	1	218,228	175.589859459668	NA	NA	NA	NA	NA	NA	13398
HIP14226	TRBV20-1	ap01,ap02	ap01,ap02	ap01,ap02	0.45,0.55	0.85,0.15	275,340	98.3961645441821	52,59	19.9226018741641	NA	NA	NA	NA	13398
HIP14226	TRBV7-4	ap01	ap01	ap01	0.45,0.55	1	11,21	6.41202831131204	NA	NA	NA	NA	NA	NA	13398
HIP14226	TRBV13	ap01	ap01	ap01	0.45,0.55	1	38,51	27.7052725448797	NA	NA	NA	NA	NA	NA	13398
HIP14226	TRBV7-9	ap01	ap01	ap01	0.45,0.55	1	209,202	260.371951980629	NA	NA	NA	NA	NA	NA	13398
HIP14226	TRBV10-3	ap01	ap01	ap01	0.45,0.55	1	119,151	89.006907263987	NA	NA	NA	NA	NA	NA	13398
HIP14226	TRBV24-1	ap01	ap01	ap01	0.45,0.55	1	115,159	82.6440528522874	NA	NA	NA	NA	NA	NA	13398
HIP14226	TRBV6-9	ap01	ap01	ap01	0.45,0.55	1	8,12	5.507034474931	NA	NA	NA	NA	NA	NA	13398
HIP14226	TRBV19	ap01	ap01	ap01	0.45,0.55	1	216,306	153.330507190009	NA	NA	NA	NA	NA	NA	13398
HIP14226	TRBV11-1	ap01	ap01	ap01	0.45,0.55	1	19,31	12.4346823825622	NA	NA	NA	NA	NA	NA	13398
HIP14226	TRBV5-8	ap01	ap01	ap01	0.45,0.55	1	27,39	18.9729560501315	NA	NA	NA	NA	NA	NA	13398
HIP14226	TRBV7-7	ap01_C315T	ap01_C315T	ap01_C315T	0.45,0.55	1	40,41	32.4335585396869	NA	NA	NA	NA	NA	NA	13398
HIP14226	TRBV10-2	ap01	ap01	ap01	0.45,0.55	1	59,25	21.5271807311187	NA	NA	NA	NA	NA	NA	13398
HIP14226	TRBV25-1	ap01	ap01	ap01	0.45,0.55	1	39,62	25.9444587717301	NA	NA	NA	NA	NA	NA	13398
HIP14226	TRBV18	ap01	ap01	ap01	0.45,0.55	1	108,141	79.7589711729196	NA	NA	NA	NA	NA	NA	13398
HIP14226	TRBV12-34	ap01	ap01	ap01	0.45,0.55	1	219,217	281.488548871784	NA	NA	NA	NA	NA	NA	13398
HIP14226	TRBV29-1	ap01,ap02	ap01,ap02	ap01,ap02	0.45,0.55	0.84,0.16	87,156	19.0743073630602	22,26	8.17034467619243	NA	NA	NA	NA	13398
HIP14226	TRBV30	ap01	ap01	ap01	0.45,0.55	1	67,249	7.8366587008502	NA	NA	NA	NA	NA	NA	13398
HIP14226	TRBV14	ap01	ap01	ap01	0.45,0.55	1	60,100	38.7246605803868	NA	NA	NA	NA	NA	NA	13398
HIP14226	TRBV6-8	ap01	ap01	ap01	0.45,0.55	1	5,11	2.53956225327336	NA	NA	NA	NA	NA	NA	13398
HIP14226	TRBV23-1	ap01	ap01	ap01	0.45,0.55	1	26,47	15.8353836582492	NA	NA	NA	NA	NA	NA	13398
HIP14226	TRBV12-5	ap01	ap01	ap01	0.45,0.55	1	14,27	8.0904515421718	NA	NA	NA	NA	NA	NA	13398
HIP14226	TRBV12-1	ap01	ap01	ap01	0.45,0.55	1	11,11	14.3017357126041	NA	NA	NA	NA	NA	NA	13398
HIP14226	TRBV5-7	ap01	ap01	ap01	0.45,0.55	1	2,3	1.37675861873275	NA	NA	NA	NA	NA	NA	13398
HIP14226	TRBV16	ap01	ap01	ap01	0.45,0.55	1	5,7	3.57080144591166	NA	NA	NA	NA	NA	NA	13398
HIP14226	TRBV1	ap01	ap01	ap01	0.45,0.55	1	28,20	23.4203878245679	NA	NA	NA	NA	NA	NA	13398
HIP14226	TRBV17	Unk	Unk	NA	NA	NA	NA	NA	NA	NA	NA	NA	NA	NA	13398
HIP14226	TRBV26	Unk	Unk	NA	NA	NA	NA	NA	NA	NA	NA	NA	NA	NA	13398
HIP14226	TRBV7-1	Unk	Unk	NA	NA	NA	NA	NA	NA	NA	NA	NA	NA	NA	13398
