subject	gene	TRBD2_01	TRBD2_02	alleles	proirs_row	proirs_col	counts1	k1	counts2	k2	counts3	k3	counts4	k4	TOTAL
HIP01795	TRBV9	ap01	ap01	ap01	0.43,0.57	1	287,329	223.610802416847	NA	NA	NA	NA	NA	NA	13225
HIP01795	TRBV6-56	ap01,ap02	ap01,ap02	ap01,ap02	0.43,0.57	0.76,0.24	152,187	55.0201827678313	56,50	42.0078605195682	NA	NA	NA	NA	13225
HIP01795	TRBV5-4	ap01	ap01	ap01	0.43,0.57	1	157,169	124.985304964576	NA	NA	NA	NA	NA	NA	13225
HIP01795	TRBV2	ap01	ap01	ap01	0.43,0.57	1	214,162	192.471522879497	NA	NA	NA	NA	NA	NA	13225
HIP01795	TRBV24-1	ap01	ap01	ap01	0.43,0.57	1	130,156	99.5955121130813	NA	NA	NA	NA	NA	NA	13225
HIP01795	TRBV7-3	ap01	ap01	ap01	0.43,0.57	1	238,257	189.27200392413	NA	NA	NA	NA	NA	NA	13225
HIP01795	TRBV20-1	ap01,ap02	ap01,ap02	ap01,ap02	0.43,0.57	0.86,0.14	240,307	84.12456293163	39,51	13.4096331763493	NA	NA	NA	NA	13225
HIP01795	TRBV3-12	ap01	ap01	ap01	0.43,0.57	1	333,324	41.7320592974788	NA	NA	NA	NA	NA	NA	13225
HIP01795	TRBV6-4	ap01	ap01	ap01	0.43,0.57	1	103,99	127.088605273083	NA	NA	NA	NA	NA	NA	13225
HIP01795	TRBV5-8	ap01	ap01	ap01	0.43,0.57	1	29,19	21.2442163065048	NA	NA	NA	NA	NA	NA	13225
HIP01795	TRBV10-1	ap01	ap01	ap01	0.43,0.57	1	86,70	85.371494258012	NA	NA	NA	NA	NA	NA	13225
HIP01795	TRBV7-9	ap01	ap01	ap01	0.43,0.57	1	184,299	122.002168987358	NA	NA	NA	NA	NA	NA	13225
HIP01795	TRBV25-1	ap01	ap01	ap01	0.43,0.57	1	29,68	14.1663387097277	NA	NA	NA	NA	NA	NA	13225
HIP01795	TRBV5-6	ap01	ap01	ap01	0.43,0.57	1	85,134	57.3600252489905	NA	NA	NA	NA	NA	NA	13225
HIP01795	TRBV4-2	ap01	ap01	ap01	0.43,0.57	1	111,126	86.7852713475517	NA	NA	NA	NA	NA	NA	13225
HIP01795	TRBV5-1	ap01	ap01	ap01	0.43,0.57	1	463,341	40.086574449245	NA	NA	NA	NA	NA	NA	13225
HIP01795	TRBV4-3	Del	ap01	ap01	0.43,0.57	1	27,182	15.5933265677575	NA	NA	NA	NA	NA	NA	13225
HIP01795	TRBV28	Del	ap01	ap01	0.43,0.57	1	97,475	12.6482399188425	NA	NA	NA	NA	NA	NA	13225
HIP01795	TRBV18	ap01	ap01	ap01	0.43,0.57	1	97,162	63.2554072895955	NA	NA	NA	NA	NA	NA	13225
HIP01795	TRBV19	ap01	ap01	ap01	0.43,0.57	1	242,356	169.492635957825	NA	NA	NA	NA	NA	NA	13225
HIP01795	TRBV4-1	ap01	ap01	ap01	0.43,0.57	1	184,128	146.993473953302	NA	NA	NA	NA	NA	NA	13225
HIP01795	TRBV11-3	ap01	ap01	ap01	0.43,0.57	1	91,143	61.5202345953064	NA	NA	NA	NA	NA	NA	13225
HIP01795	TRBV6-23	ap01	ap01	ap01	0.43,0.57	1	127,345	50.5909482232053	NA	NA	NA	NA	NA	NA	13225
HIP01795	TRBV14	ap01	ap01	ap01	0.43,0.57	1	57,105	34.7931673185484	NA	NA	NA	NA	NA	NA	13225
HIP01795	TRBV5-3	ap01	ap01	ap01	0.43,0.57	1	18,52	6.41803640888063	NA	NA	NA	NA	NA	NA	13225
HIP01795	TRBV29-1	ap01,ap02	ap01,ap02	ap01,ap02	0.43,0.57	0.77,0.23	61,101	16.0006351828622	17,32	3.55673696645942	NA	NA	NA	NA	13225
HIP01795	TRBV7-6	ap01	ap01	ap01	0.43,0.57	1	90,86	110.221187945334	NA	NA	NA	NA	NA	NA	13225
HIP01795	TRBV12-34	ap01	ap01	ap01	0.43,0.57	1	280,236	291.212582575462	NA	NA	NA	NA	NA	NA	13225
HIP01795	TRBV7-2	ap01	ap01	ap01	0.43,0.57	1	169,356	92.3226042379555	NA	NA	NA	NA	NA	NA	13225
HIP01795	TRBV27	ap01	ap01	ap01	0.43,0.57	1	189,325	120.982692303038	NA	NA	NA	NA	NA	NA	13225
HIP01795	TRBV6-1	ap01	ap01	ap01	0.43,0.57	1	90,87	111.859497872412	NA	NA	NA	NA	NA	NA	13225
HIP01795	TRBV5-5	ap01	ap01	ap01	0.43,0.57	1	40,31	37.1549562801397	NA	NA	NA	NA	NA	NA	13225
HIP01795	TRBV5-7	ap01	ap01	ap01	0.43,0.57	1	4,3	3.55166463530616	NA	NA	NA	NA	NA	NA	13225
HIP01795	TRBV12-5	ap01	ap01	ap01	0.43,0.57	1	27,41	18.59969022582	NA	NA	NA	NA	NA	NA	13225
HIP01795	TRBV11-2	ap01	ap01	ap01	0.43,0.57	1	124,164	91.3127404583199	NA	NA	NA	NA	NA	NA	13225
HIP01795	TRBV15	ap02	ap02	ap02	0.43,0.57	1	76,80	60.9411096702252	NA	NA	NA	NA	NA	NA	13225
HIP01795	TRBV10-3	ap01	ap01	ap01	0.43,0.57	1	92,132	65.2448986347259	NA	NA	NA	NA	NA	NA	13225
HIP01795	TRBV23-1	ap01	ap01	ap01	0.43,0.57	1	25,47	15.030420790224	NA	NA	NA	NA	NA	NA	13225
HIP01795	TRBV6-9	Unk	ap01	ap01	0.43,0.57	1	3,15	0.466183811470184	NA	NA	NA	NA	NA	NA	13225
HIP01795	TRBV11-1	ap01	ap01	ap01	0.43,0.57	1	43,37	45.9623669831623	NA	NA	NA	NA	NA	NA	13225
HIP01795	TRBV13	ap01	ap01	ap01	0.43,0.57	1	48,47	60.6413848215332	NA	NA	NA	NA	NA	NA	13225
HIP01795	TRBV7-8	ap02	ap01,ap03	ap01,ap02,ap03	0.43,0.57	0.35,0.37,0.28	9,46	4.92418619132084	55,3	13.1818454489038	11,32	0.344281558796453	NA	NA	13225
HIP01795	TRBV21-1	ap01	ap01	ap01	0.43,0.57	1	83,163	48.2131715137329	NA	NA	NA	NA	NA	NA	13225
HIP01795	TRBV10-2	ap01	ap01	ap01	0.43,0.57	1	46,24	23.6418890717006	NA	NA	NA	NA	NA	NA	13225
HIP01795	TRBV30	ap01	ap01	ap01	0.43,0.57	1	171,165	212.041552979459	NA	NA	NA	NA	NA	NA	13225
HIP01795	TRBV7-4	ap01	ap01	ap01	0.43,0.57	1	6,13	3.19019468550515	NA	NA	NA	NA	NA	NA	13225
HIP01795	TRBV12-1	ap01	ap01	ap01	0.43,0.57	1	11,9	10.9958101924005	NA	NA	NA	NA	NA	NA	13225
HIP01795	TRBV12-2	ap01	ap01	ap01	0.43,0.57	1	20,22	15.8073938093409	NA	NA	NA	NA	NA	NA	13225
HIP01795	TRBV7-7	ap01_C315T	ap01_C315T	ap01_C315T	0.43,0.57	1	36,48	26.4162780691112	NA	NA	NA	NA	NA	NA	13225
HIP01795	TRBV16	ap01	ap01	ap01	0.43,0.57	1	2,5	0.901729118366597	NA	NA	NA	NA	NA	NA	13225
HIP01795	TRBV1	ap01	ap01	ap01	0.43,0.57	1	16,18	12.5489135813917	NA	NA	NA	NA	NA	NA	13225
HIP01795	TRBV6-8	ap01	ap01	ap01	0.43,0.57	1	4,10	1.80345823673319	NA	NA	NA	NA	NA	NA	13225
HIP01795	TRBV7-1	ap01_G291C_T296C	ap01_G291C_T296C	ap01_G291C_T296C	0.43,0.57	1	3,9	0.98883817974588	NA	NA	NA	NA	NA	NA	13225
HIP01795	TRBV6-7	ap01	ap01	ap01	0.43,0.57	1	7,8	5.45983673370853	NA	NA	NA	NA	NA	NA	13225
HIP01795	TRBV17	Unk	Unk	NA	NA	NA	NA	NA	NA	NA	NA	NA	NA	NA	13225
HIP01795	TRBV26	Unk	Unk	NA	NA	NA	NA	NA	NA	NA	NA	NA	NA	NA	13225
