subject	gene	TRBD2_01	TRBD2_02	alleles	proirs_row	proirs_col	counts1	k1	counts2	k2	counts3	k3	counts4	k4	TOTAL
Keck0110_MC1	TRBV5-1	ap01	ap01	ap01	0.47,0.53	1	566,366	41.3839967432478	NA	NA	NA	NA	NA	NA	14924
Keck0110_MC1	TRBV27	ap01	ap01	ap01	0.47,0.53	1	226,299	165.395813923533	NA	NA	NA	NA	NA	NA	14924
Keck0110_MC1	TRBV30	ap01	ap01	ap01	0.47,0.53	1	216,198	252.017897772237	NA	NA	NA	NA	NA	NA	14924
Keck0110_MC1	TRBV2	ap01	ap01	ap01	0.47,0.53	1	344,233	268.547343454215	NA	NA	NA	NA	NA	NA	14924
Keck0110_MC1	TRBV29-1	ap01,ap02	ap01,ap02	ap01,ap02	0.47,0.53	0.84,0.16	97,108	37.5642030049136	11,27	0.449346065617583	NA	NA	NA	NA	14924
Keck0110_MC1	TRBV3-12	ap01	ap01	ap01	0.47,0.53	1	419,345	42.5821495458805	NA	NA	NA	NA	NA	NA	14924
Keck0110_MC1	TRBV4-2	ap01	ap01	ap01	0.47,0.53	1	178,170	218.704481026554	NA	NA	NA	NA	NA	NA	14924
Keck0110_MC1	TRBV6-56	ap01,ap02	ap01,ap02	ap01,ap02	0.47,0.53	0.71,0.29	172,196	65.44769529059	83,67	54.3075313608693	NA	NA	NA	NA	14924
Keck0110_MC1	TRBV6-1	ap01	ap01	ap01	0.47,0.53	1	158,96	105.571836830762	NA	NA	NA	NA	NA	NA	14924
Keck0110_MC1	TRBV19	ap01	ap01	ap01	0.47,0.53	1	198,310	132.043712523637	NA	NA	NA	NA	NA	NA	14924
Keck0110_MC1	TRBV5-6	ap01	ap01	ap01	0.47,0.53	1	135,144	108.061842923625	NA	NA	NA	NA	NA	NA	14924
Keck0110_MC1	TRBV24-1	ap01	ap01	ap01	0.47,0.53	1	191,269	135.416778584157	NA	NA	NA	NA	NA	NA	14924
Keck0110_MC1	TRBV28	ap01	ap01	ap01	0.47,0.53	1	43,161	3.60056689214963	NA	NA	NA	NA	NA	NA	14924
Keck0110_MC1	TRBV6-4	ap01	ap01	ap01	0.47,0.53	1	97,99	78.8400819517736	NA	NA	NA	NA	NA	NA	14924
Keck0110_MC1	TRBV5-4	ap01	ap01	ap01	0.47,0.53	1	222,206	263.051223689822	NA	NA	NA	NA	NA	NA	14924
Keck0110_MC1	TRBV11-2	ap01	ap01	ap01	0.47,0.53	1	160,182	125.039564970552	NA	NA	NA	NA	NA	NA	14924
Keck0110_MC1	TRBV25-1	ap01	ap01	ap01	0.47,0.53	1	49,75	33.1371405254967	NA	NA	NA	NA	NA	NA	14924
Keck0110_MC1	TRBV4-1	ap01	ap01	ap01	0.47,0.53	1	262,190	224.762945606124	NA	NA	NA	NA	NA	NA	14924
Keck0110_MC1	TRBV20-1	ap01,ap02	ap01,ap02	ap01,ap02	0.47,0.53	0.88,0.12	335,381	127.663021159214	47,52	18.286422376188	NA	NA	NA	NA	14924
Keck0110_MC1	TRBV6-23	ap01	ap01	ap01	0.47,0.53	1	159,421	59.9775599503418	NA	NA	NA	NA	NA	NA	14924
Keck0110_MC1	TRBV9	ap01	ap01	ap01	0.47,0.53	1	370,375	301.433909844833	NA	NA	NA	NA	NA	NA	14924
Keck0110_MC1	TRBV13	ap01	ap01	ap01	0.47,0.53	1	108,93	116.33015986873	NA	NA	NA	NA	NA	NA	14924
Keck0110_MC1	TRBV4-3	Del	ap01	ap01	0.47,0.53	1	37,228	20.8500470429257	NA	NA	NA	NA	NA	NA	14924
Keck0110_MC1	TRBV12-34	ap01	ap01	ap01	0.47,0.53	1	345,391	270.00135497124	NA	NA	NA	NA	NA	NA	14924
Keck0110_MC1	TRBV15	ap02	ap02	ap02	0.47,0.53	1	100,99	128.504583693585	NA	NA	NA	NA	NA	NA	14924
Keck0110_MC1	TRBV7-9	ap01	ap01	ap01	0.47,0.53	1	244,251	197.792296053203	NA	NA	NA	NA	NA	NA	14924
Keck0110_MC1	TRBV7-7	ap01_C315T	ap01_C315T	ap01_C315T	0.47,0.53	1	43,44	34.9193713499284	NA	NA	NA	NA	NA	NA	14924
Keck0110_MC1	TRBV1	ap01	ap01	ap01	0.47,0.53	1	32,34	25.6503500086289	NA	NA	NA	NA	NA	NA	14924
Keck0110_MC1	TRBV7-6	ap01	ap01	ap01	0.47,0.53	1	94,111	72.3699399059645	NA	NA	NA	NA	NA	NA	14924
Keck0110_MC1	TRBV7-3	ap01	ap01	ap01	0.47,0.53	1	213,228	170.283428719103	NA	NA	NA	NA	NA	NA	14924
Keck0110_MC1	TRBV18	ap01	ap01	ap01	0.47,0.53	1	144,160	113.552800413151	NA	NA	NA	NA	NA	NA	14924
Keck0110_MC1	TRBV10-1	ap01	ap01	ap01	0.47,0.53	1	54,62	42.0469359761661	NA	NA	NA	NA	NA	NA	14924
Keck0110_MC1	TRBV6-7	ap01	ap01	ap01	0.47,0.53	1	7,20	2.24825781651709	NA	NA	NA	NA	NA	NA	14924
Keck0110_MC1	TRBV11-1	ap01	ap01	ap01	0.47,0.53	1	27,21	25.4529940856619	NA	NA	NA	NA	NA	NA	14924
Keck0110_MC1	TRBV11-3	ap01	ap01	ap01	0.47,0.53	1	73,191	28.1496739428318	NA	NA	NA	NA	NA	NA	14924
Keck0110_MC1	TRBV5-3	ap01	ap01	ap01	0.47,0.53	1	28,37	20.5033611095255	NA	NA	NA	NA	NA	NA	14924
Keck0110_MC1	TRBV5-5	ap01	ap01	ap01	0.47,0.53	1	32,35	25.3826679192461	NA	NA	NA	NA	NA	NA	14924
Keck0110_MC1	TRBV7-8	ap02,ap03	ap01,ap03	ap01,ap02,ap03	0.47,0.53	0.33,0.43,0.24	13,49	3.88344527684869	78,3	18.3229200267238	13,33	0.249269352799322	NA	NA	14924
Keck0110_MC1	TRBV7-2	ap01	ap01	ap01	0.47,0.53	1	147,358	63.8097036885878	NA	NA	NA	NA	NA	NA	14924
Keck0110_MC1	TRBV14	ap01	ap01	ap01	0.47,0.53	1	57,102	34.5976093740735	NA	NA	NA	NA	NA	NA	14924
Keck0110_MC1	TRBV10-3	ap01	ap01	ap01	0.47,0.53	1	80,115	56.0954123400904	NA	NA	NA	NA	NA	NA	14924
Keck0110_MC1	TRBV12-5	ap01	ap01	ap01	0.47,0.53	1	32,45	22.7058470254189	NA	NA	NA	NA	NA	NA	14924
Keck0110_MC1	TRBV7-1	ap01_G291C_T296C	ap01_G291C_T296C	ap01_G291C_T296C	0.47,0.53	1	3,5	1.91954652630277	NA	NA	NA	NA	NA	NA	14924
Keck0110_MC1	TRBV6-9	ap01	ap01	ap01	0.47,0.53	1	5,9	3.02078948424946	NA	NA	NA	NA	NA	NA	14924
Keck0110_MC1	TRBV10-2	ap01	ap01	ap01	0.47,0.53	1	54,23	20.2564896162605	NA	NA	NA	NA	NA	NA	14924
Keck0110_MC1	TRBV12-1	ap01	ap01	ap01	0.47,0.53	1	8,12	5.47570018931768	NA	NA	NA	NA	NA	NA	14924
Keck0110_MC1	TRBV23-1	ap01	ap01	ap01	0.47,0.53	1	25,41	16.1746757787782	NA	NA	NA	NA	NA	NA	14924
Keck0110_MC1	TRBV6-8	ap01	ap01	ap01	0.47,0.53	1	7,14	3.85435035281344	NA	NA	NA	NA	NA	NA	14924
Keck0110_MC1	TRBV5-8	ap01	ap01	ap01	0.47,0.53	1	23,24	18.5532999828069	NA	NA	NA	NA	NA	NA	14924
Keck0110_MC1	TRBV21-1	ap01	ap01	ap01	0.47,0.53	1	70,119	44.1648274051716	NA	NA	NA	NA	NA	NA	14924
Keck0110_MC1	TRBV12-2	ap01	ap01	ap01	0.47,0.53	1	14,20	9.85015742068867	NA	NA	NA	NA	NA	NA	14924
Keck0110_MC1	TRBV7-4	ap01	ap01	ap01	0.47,0.53	1	7,13	4.12203244219616	NA	NA	NA	NA	NA	NA	14924
Keck0110_MC1	TRBV5-7	ap01	ap01	ap01	0.47,0.53	1	2,4	1.1012429579467	NA	NA	NA	NA	NA	NA	14924
Keck0110_MC1	TRBV16	ap01	ap01	ap01	0.47,0.53	1	1,1	1.30117715196483	NA	NA	NA	NA	NA	NA	14924
Keck0110_MC1	TRBV17	Unk	ap01	ap01	0.47,0.53	1	0,1	0.267682089382724	NA	NA	NA	NA	NA	NA	14924
Keck0110_MC1	TRBV26	Unk	Unk	NA	NA	NA	NA	NA	NA	NA	NA	NA	NA	NA	14924
