subject	gene	TRBD2_01	TRBD2_02	alleles	proirs_row	proirs_col	counts1	k1	counts2	k2	counts3	k3	counts4	k4	TOTAL
HIP14911	TRBV19	ap01	ap01	ap01	0.44,0.56	1	233,377	154.202359059034	NA	NA	NA	NA	NA	NA	15525
HIP14911	TRBV4-3	ap01	ap01	ap01	0.44,0.56	1	269,257	32.982347192306	NA	NA	NA	NA	NA	NA	15525
HIP14911	TRBV6-56	ap01,ap02	ap01,ap02	ap01,ap02	0.44,0.56	0.72,0.28	197,212	78.4114289187719	71,87	25.7074775693181	NA	NA	NA	NA	15525
HIP14911	TRBV6-23	ap01	ap01	ap01	0.44,0.56	1	351,435	265.461193950096	NA	NA	NA	NA	NA	NA	15525
HIP14911	TRBV6-4	ap01	ap01	ap01	0.44,0.56	1	128,99	118.948727849565	NA	NA	NA	NA	NA	NA	15525
HIP14911	TRBV4-2	ap01	ap01	ap01	0.44,0.56	1	58,157	22.6282581890445	NA	NA	NA	NA	NA	NA	15525
HIP14911	TRBV5-6	ap01	ap01	ap01	0.44,0.56	1	108,116	86.1329344454065	NA	NA	NA	NA	NA	NA	15525
HIP14911	TRBV20-1	ap01,ap02	ap01,ap02	ap01,ap02	0.44,0.56	0.84,0.16	283,361	99.0404000193707	55,65	20.4911378692192	NA	NA	NA	NA	15525
HIP14911	TRBV9	ap01	ap01	ap01	0.44,0.56	1	389,407	312.93633645886	NA	NA	NA	NA	NA	NA	15525
HIP14911	TRBV12-34	ap01	ap01	ap01	0.44,0.56	1	311,391	233.818845052008	NA	NA	NA	NA	NA	NA	15525
HIP14911	TRBV15	ap02	ap02	ap02	0.44,0.56	1	103,97	123.996951847471	NA	NA	NA	NA	NA	NA	15525
HIP14911	TRBV30	ap01	ap01	ap01	0.44,0.56	1	209,224	166.803307021565	NA	NA	NA	NA	NA	NA	15525
HIP14911	TRBV18	ap01	ap01	ap01	0.44,0.56	1	138,166	105.623242136954	NA	NA	NA	NA	NA	NA	15525
HIP14911	TRBV7-3	ap02	ap01	ap01,ap02	0.44,0.56	0.79,0.21	41,247	32.5620057414032	72,3	17.8569287464593	NA	NA	NA	NA	15525
HIP14911	TRBV29-1	ap01,ap02	ap01,ap02	ap01,ap02	0.44,0.56	0.88,0.12	81,150	17.1014753036339	9,23	0.37422093117641	NA	NA	NA	NA	15525
HIP14911	TRBV28	ap01	ap01	ap01	0.44,0.56	1	126,499	9.75457461018673	NA	NA	NA	NA	NA	NA	15525
HIP14911	TRBV2	ap01	ap01	ap01	0.44,0.56	1	216,184	228.356398064194	NA	NA	NA	NA	NA	NA	15525
HIP14911	TRBV5-5	ap01	ap01	ap01	0.44,0.56	1	36,29	35.3405391786642	NA	NA	NA	NA	NA	NA	15525
HIP14911	TRBV5-4	ap01	ap01	ap01	0.44,0.56	1	160,229	113.346039060178	NA	NA	NA	NA	NA	NA	15525
HIP14911	TRBV3-12	ap01	ap01	ap01	0.44,0.56	1	329,326	42.2438240738066	NA	NA	NA	NA	NA	NA	15525
HIP14911	TRBV11-2	ap01	ap01	ap01	0.44,0.56	1	151,141	179.818024348201	NA	NA	NA	NA	NA	NA	15525
HIP14911	TRBV5-1	ap01	ap01	ap01	0.44,0.56	1	442,491	34.845036831719	NA	NA	NA	NA	NA	NA	15525
HIP14911	TRBV27	ap01	ap01	ap01	0.44,0.56	1	228,550	105.711798635579	NA	NA	NA	NA	NA	NA	15525
HIP14911	TRBV10-2	ap01	ap01	ap01	0.44,0.56	1	65,29	25.6999455269004	NA	NA	NA	NA	NA	NA	15525
HIP14911	TRBV7-2	ap01	ap01	ap01	0.44,0.56	1	407,393	50.5806560205259	NA	NA	NA	NA	NA	NA	15525
HIP14911	TRBV7-6	ap01	ap01	ap01	0.44,0.56	1	116,100	124.569255315033	NA	NA	NA	NA	NA	NA	15525
HIP14911	TRBV24-1	ap01	ap01	ap01	0.44,0.56	1	135,100	118.253004301808	NA	NA	NA	NA	NA	NA	15525
HIP14911	TRBV14	ap01	ap01	ap01	0.44,0.56	1	83,96	64.4852366861519	NA	NA	NA	NA	NA	NA	15525
HIP14911	TRBV7-9	ap01	ap01	ap01	0.44,0.56	1	209,308	145.845534404533	NA	NA	NA	NA	NA	NA	15525
HIP14911	TRBV11-1	Unk	ap01	ap01	0.44,0.56	1	10,49	1.5703099117545	NA	NA	NA	NA	NA	NA	15525
HIP14911	TRBV21-1	ap01	ap01	ap01	0.44,0.56	1	85,129	58.3828375048111	NA	NA	NA	NA	NA	NA	15525
HIP14911	TRBV5-3	ap01	ap01	ap01	0.44,0.56	1	21,39	12.6452262118438	NA	NA	NA	NA	NA	NA	15525
HIP14911	TRBV11-3	ap01	ap01	ap01	0.44,0.56	1	78,91	60.4051944273609	NA	NA	NA	NA	NA	NA	15525
HIP14911	TRBV10-1	ap01	ap01	ap01	0.44,0.56	1	93,75	91.432335903151	NA	NA	NA	NA	NA	NA	15525
HIP14911	TRBV12-5	ap01	ap01	ap01	0.44,0.56	1	31,66	16.5638567474074	NA	NA	NA	NA	NA	NA	15525
HIP14911	TRBV25-1	ap01	ap01	ap01	0.44,0.56	1	51,72	36.3769878854102	NA	NA	NA	NA	NA	NA	15525
HIP14911	TRBV5-8	ap01	ap01	ap01	0.44,0.56	1	35,46	25.815825587878	NA	NA	NA	NA	NA	NA	15525
HIP14911	TRBV7-8	ap01,ap03	ap02,ap03	ap01,ap02,ap03	0.44,0.56	0.24,0.52,0.24	57,1	15.7510333563509	17,112	15.810801850311	34,25	19.2552197248375	NA	NA	15525
HIP14911	TRBV12-2	ap01	ap01_G301A	ap01,ap01_G301A	0.44,0.56	0.31,0.69	11,0	3.26624125806593	4,20	2.18952139750456	NA	NA	NA	NA	15525
HIP14911	TRBV4-1	ap01	ap01	ap01	0.44,0.56	1	103,115	81.0549030143758	NA	NA	NA	NA	NA	NA	15525
HIP14911	TRBV6-1	ap01	ap01	ap01	0.44,0.56	1	82,99	62.671239062154	NA	NA	NA	NA	NA	NA	15525
HIP14911	TRBV10-3	ap01	ap01	ap01	0.44,0.56	1	150,135	170.36256081673	NA	NA	NA	NA	NA	NA	15525
HIP14911	TRBV1	ap01	ap01	ap01	0.44,0.56	1	31,24	28.8461290018295	NA	NA	NA	NA	NA	NA	15525
HIP14911	TRBV23-1	ap01	ap01	ap01	0.44,0.56	1	17,42	7.63471135339166	NA	NA	NA	NA	NA	NA	15525
HIP14911	TRBV6-7	ap01	ap01	ap01	0.44,0.56	1	7,11	4.71406999006777	NA	NA	NA	NA	NA	NA	15525
HIP14911	TRBV13	ap01	ap01	ap01	0.44,0.56	1	59,45	53.795611897558	NA	NA	NA	NA	NA	NA	15525
HIP14911	TRBV7-7	ap01	ap01_C315T	ap01,ap01_C315T	0.44,0.56	0.42,0.58	32,0	9.50179275073724	5,40	6.35097725294549	NA	NA	NA	NA	15525
HIP14911	TRBV7-1	Unk	ap01_G291C_T296C	ap01_G291C_T296C	0.44,0.56	1	1,7	0.680975306601263	NA	NA	NA	NA	NA	NA	15525
HIP14911	TRBV6-9	ap01	ap01	ap01	0.44,0.56	1	11,8	9.39375349137387	NA	NA	NA	NA	NA	NA	15525
HIP14911	TRBV7-4	ap01	ap01	ap01	0.44,0.56	1	20,18	22.7150081088973	NA	NA	NA	NA	NA	NA	15525
HIP14911	TRBV6-8	ap01	ap01	ap01	0.44,0.56	1	8,12	5.53007844182597	NA	NA	NA	NA	NA	NA	15525
HIP14911	TRBV12-1	ap01	ap01	ap01	0.44,0.56	1	10,15	6.91259805228247	NA	NA	NA	NA	NA	NA	15525
HIP14911	TRBV5-7	ap01	ap01	ap01	0.44,0.56	1	2,4	1.13302231739658	NA	NA	NA	NA	NA	NA	15525
HIP14911	TRBV16	ap01	ap01	ap01	0.44,0.56	1	1,1	1.29888203536696	NA	NA	NA	NA	NA	NA	15525
HIP14911	TRBV17	Unk	Unk	NA	NA	NA	NA	NA	NA	NA	NA	NA	NA	NA	15525
HIP14911	TRBV26	Unk	Unk	NA	NA	NA	NA	NA	NA	NA	NA	NA	NA	NA	15525
