subject	gene	TRBD2_01	TRBD2_02	alleles	proirs_row	proirs_col	counts1	k1	counts2	k2	counts3	k3	counts4	k4	TOTAL
HIP05377	TRBV15	ap02	ap02	ap02	0.46,0.54	1	60,111	35.716381686535	NA	NA	NA	NA	NA	NA	13678
HIP05377	TRBV4-1	ap01	ap01	ap01	0.46,0.54	1	185,213	143.955497912421	NA	NA	NA	NA	NA	NA	13678
HIP05377	TRBV14	ap01	ap01	ap01	0.46,0.54	1	72,97	52.3346719904512	NA	NA	NA	NA	NA	NA	13678
HIP05377	TRBV28	Del	ap01	ap01	0.46,0.54	1	101,512	24.9824183942314	NA	NA	NA	NA	NA	NA	13678
HIP05377	TRBV4-3	ap01	Del	ap01	0.46,0.54	1	202,10	48.1354952654239	NA	NA	NA	NA	NA	NA	13678
HIP05377	TRBV6-7	ap01	ap01	ap01	0.46,0.54	1	14,23	9.0928704737228	NA	NA	NA	NA	NA	NA	13678
HIP05377	TRBV6-56	ap01,ap02	ap01,ap02	ap01,ap02	0.46,0.54	0.75,0.25	194,220	74.2611386924407	60,80	19.9462485477718	NA	NA	NA	NA	13678
HIP05377	TRBV7-7	ap01	ap01	ap01	0.46,0.54	1	47,40	49.7959222824529	NA	NA	NA	NA	NA	NA	13678
HIP05377	TRBV7-6	ap01	ap01	ap01	0.46,0.54	1	93,106	72.6483659924314	NA	NA	NA	NA	NA	NA	13678
HIP05377	TRBV12-34	ap01	ap01	ap01	0.46,0.54	1	355,267	319.270197358208	NA	NA	NA	NA	NA	NA	13678
HIP05377	TRBV5-1	ap01	ap01	ap01	0.46,0.54	1	485,656	35.1852366683777	NA	NA	NA	NA	NA	NA	13678
HIP05377	TRBV27	ap01	ap01	ap01	0.46,0.54	1	169,307	102.079976803206	NA	NA	NA	NA	NA	NA	13678
HIP05377	TRBV6-4	ap01	ap01	ap01	0.46,0.54	1	68,88	50.3723650257109	NA	NA	NA	NA	NA	NA	13678
HIP05377	TRBV7-9	ap01	ap01	ap01	0.46,0.54	1	181,239	132.832265841844	NA	NA	NA	NA	NA	NA	13678
HIP05377	TRBV4-2	ap01	ap01	ap01	0.46,0.54	1	82,241	25.4389422491796	NA	NA	NA	NA	NA	NA	13678
HIP05377	TRBV7-8	ap01,ap03	ap01,ap03	ap01,ap03	0.46,0.54	0.61,0.39	49,54	19.1525494622142	37,29	23.1642026710708	NA	NA	NA	NA	13678
HIP05377	TRBV6-23	ap01	ap01	ap01	0.46,0.54	1	281,121	106.424308226691	NA	NA	NA	NA	NA	NA	13678
HIP05377	TRBV5-4	ap01	ap01	ap01	0.46,0.54	1	189,250	138.589064792491	NA	NA	NA	NA	NA	NA	13678
HIP05377	TRBV13	ap01	ap01	ap01	0.46,0.54	1	60,57	73.1803546609388	NA	NA	NA	NA	NA	NA	13678
HIP05377	TRBV9	ap01	ap01	ap01	0.46,0.54	1	346,362	278.754561209498	NA	NA	NA	NA	NA	NA	13678
HIP05377	TRBV24-1	ap01	ap01	ap01	0.46,0.54	1	101,198	57.2041668409979	NA	NA	NA	NA	NA	NA	13678
HIP05377	TRBV19	ap01	ap01	ap01	0.46,0.54	1	238,327	171.330203961105	NA	NA	NA	NA	NA	NA	13678
HIP05377	TRBV11-2	ap01	ap01	ap01	0.46,0.54	1	103,69	78.9160230583607	NA	NA	NA	NA	NA	NA	13678
HIP05377	TRBV21-1	ap01	ap01	ap01	0.46,0.54	1	69,123	42.2909332750051	NA	NA	NA	NA	NA	NA	13678
HIP05377	TRBV18	ap01	ap01	ap01	0.46,0.54	1	116,142	88.0540473373147	NA	NA	NA	NA	NA	NA	13678
HIP05377	TRBV7-4	ap01	ap01	ap01	0.46,0.54	1	8,11	5.75679895064799	NA	NA	NA	NA	NA	NA	13678
HIP05377	TRBV12-5	ap01	ap01	ap01	0.46,0.54	1	39,34	42.6290582609482	NA	NA	NA	NA	NA	NA	13678
HIP05377	TRBV20-1	ap01,ap02	ap01,ap02	ap01,ap02	0.46,0.54	0.86,0.14	213,226	85.4615849265577	33,37	12.7388301163396	NA	NA	NA	NA	13678
HIP05377	TRBV2	ap01	ap01	ap01	0.46,0.54	1	182,246	132.079574175808	NA	NA	NA	NA	NA	NA	13678
HIP05377	TRBV3-12	ap01	ap01	ap01	0.46,0.54	1	295,270	34.3207913447828	NA	NA	NA	NA	NA	NA	13678
HIP05377	TRBV7-3	ap02	ap01	ap01,ap02	0.46,0.54	0.8,0.2	34,217	32.0648690971444	64,0	18.2379643314145	NA	NA	NA	NA	13678
HIP05377	TRBV7-2	ap01	ap01	ap01	0.46,0.54	1	374,240	269.478441569012	NA	NA	NA	NA	NA	NA	13678
HIP05377	TRBV5-5	ap01	ap01	ap01	0.46,0.54	1	25,29	19.3968530763143	NA	NA	NA	NA	NA	NA	13678
HIP05377	TRBV23-1	ap01	ap01	ap01	0.46,0.54	1	23,45	13.0500148890964	NA	NA	NA	NA	NA	NA	13678
HIP05377	TRBV7-1	ap01_G291C_T296C	ap01_G291C_T296C,ap01_G291C_T296C_C314T	ap01_G291C_T296C,ap01_G291C_T296C_C314T	0.46,0.54	0.22,0.78	1,1	0.877377524568884	0,7	1.76839341506508	NA	NA	NA	NA	13678
HIP05377	TRBV29-1	ap01,ap02	ap01,ap02	ap01,ap02	0.46,0.54	0.85,0.15	107,212	18.0552941800246	27,30	10.4915776308388	NA	NA	NA	NA	13678
HIP05377	TRBV25-1	ap01	ap01	ap01	0.46,0.54	1	59,102	36.99255478719	NA	NA	NA	NA	NA	NA	13678
HIP05377	TRBV6-1	ap01	ap01	ap01	0.46,0.54	1	91,137	62.3754170455688	NA	NA	NA	NA	NA	NA	13678
HIP05377	TRBV10-1	ap01	ap01	ap01	0.46,0.54	1	59,80	42.7508505680023	NA	NA	NA	NA	NA	NA	13678
HIP05377	TRBV5-3	ap01	ap01	ap01	0.46,0.54	1	18,48	6.86732596150867	NA	NA	NA	NA	NA	NA	13678
HIP05377	TRBV5-8	ap01	ap01	ap01	0.46,0.54	1	21,31	14.555398221168	NA	NA	NA	NA	NA	NA	13678
HIP05377	TRBV11-1	ap01	ap01	ap01	0.46,0.54	1	5,17	0.947874581394811	NA	NA	NA	NA	NA	NA	13678
HIP05377	TRBV10-3	ap01	ap01	ap01	0.46,0.54	1	89,130	62.0486153564728	NA	NA	NA	NA	NA	NA	13678
HIP05377	TRBV12-1	ap01	ap01	ap01	0.46,0.54	1	7,14	3.89208344358728	NA	NA	NA	NA	NA	NA	13678
HIP05377	TRBV30	ap01	Del	ap01	0.46,0.54	1	273,41	20.5539485426779	NA	NA	NA	NA	NA	NA	13678
HIP05377	TRBV10-2	ap01	ap01	ap01	0.46,0.54	1	49,18	13.5394257260072	NA	NA	NA	NA	NA	NA	13678
HIP05377	TRBV5-6	ap01	ap01	ap01	0.46,0.54	1	107,115	85.4056065084893	NA	NA	NA	NA	NA	NA	13678
HIP05377	TRBV6-8	ap01	ap01	ap01	0.46,0.54	1	11,11	14.3068884357396	NA	NA	NA	NA	NA	NA	13678
HIP05377	TRBV6-9	ap01	ap01	ap01	0.46,0.54	1	4,2	1.96435913578119	NA	NA	NA	NA	NA	NA	13678
HIP05377	TRBV12-2	ap01	ap01	ap01	0.46,0.54	1	20,22	15.831571321823	NA	NA	NA	NA	NA	NA	13678
HIP05377	TRBV1	ap01	ap01	ap01	0.46,0.54	1	41,42	33.2661174333971	NA	NA	NA	NA	NA	NA	13678
HIP05377	TRBV11-3	ap01	ap01	ap01	0.46,0.54	1	36,40	28.3921320923576	NA	NA	NA	NA	NA	NA	13678
HIP05377	TRBV5-7	ap01	ap01	ap01	0.46,0.54	1	2,3	1.37376455833459	NA	NA	NA	NA	NA	NA	13678
HIP05377	TRBV16	Unk	ap01	ap01	0.46,0.54	1	0,4	1.04696286923859	NA	NA	NA	NA	NA	NA	13678
HIP05377	TRBV17	Unk	Unk	NA	NA	NA	NA	NA	NA	NA	NA	NA	NA	NA	13678
HIP05377	TRBV26	Unk	Unk	NA	NA	NA	NA	NA	NA	NA	NA	NA	NA	NA	13678
