subject	gene	TRBD2_01	TRBD2_02	alleles	proirs_row	proirs_col	counts1	k1	counts2	k2	counts3	k3	counts4	k4	TOTAL
HIP05551	TRBV5-4	ap01	ap01	ap01	0.43,0.57	1	188,222	144.907376982174	NA	NA	NA	NA	NA	NA	11556
HIP05551	TRBV10-1	ap01	ap01	ap01	0.43,0.57	1	60,73	45.7247069602079	NA	NA	NA	NA	NA	NA	11556
HIP05551	TRBV7-9	ap01	ap01	ap01	0.43,0.57	1	194,259	142.260857581124	NA	NA	NA	NA	NA	NA	11556
HIP05551	TRBV5-1	ap01	ap01	ap01	0.43,0.57	1	418,546	309.450109579224	NA	NA	NA	NA	NA	NA	11556
HIP05551	TRBV4-1	ap01	ap01	ap01	0.43,0.57	1	144,201	103.468254801993	NA	NA	NA	NA	NA	NA	11556
HIP05551	TRBV6-23	ap01	ap01	ap01	0.43,0.57	1	96,112	74.3262366065663	NA	NA	NA	NA	NA	NA	11556
HIP05551	TRBV12-2	ap01	ap01	ap01	0.43,0.57	1	19,29	13.0494661242309	NA	NA	NA	NA	NA	NA	11556
HIP05551	TRBV27	ap01	ap01	ap01	0.43,0.57	1	168,296	105.764550098291	NA	NA	NA	NA	NA	NA	11556
HIP05551	TRBV7-2	ap01	ap01	ap01	0.43,0.57	1	145,140	179.965544358966	NA	NA	NA	NA	NA	NA	11556
HIP05551	TRBV18	ap01	ap01	ap01	0.43,0.57	1	115,171	80.0837935418372	NA	NA	NA	NA	NA	NA	11556
HIP05551	TRBV24-1	ap01	ap01	ap01	0.43,0.57	1	100,191	59.3554325858613	NA	NA	NA	NA	NA	NA	11556
HIP05551	TRBV6-4	ap01	ap01	ap01	0.43,0.57	1	54,83	36.9472352985536	NA	NA	NA	NA	NA	NA	11556
HIP05551	TRBV11-2	ap01	ap01	ap01	0.43,0.57	1	150,196	111.030408265488	NA	NA	NA	NA	NA	NA	11556
HIP05551	TRBV3-12	ap01	ap01	ap01	0.43,0.57	1	272,305	213.588788607399	NA	NA	NA	NA	NA	NA	11556
HIP05551	TRBV28	Del	ap01	ap01	0.43,0.57	1	86,441	16.2197596079187	NA	NA	NA	NA	NA	NA	11556
HIP05551	TRBV9	ap01	ap01	ap01	0.43,0.57	1	306,226	266.050445177037	NA	NA	NA	NA	NA	NA	11556
HIP05551	TRBV5-6	ap01	ap01	ap01	0.43,0.57	1	92,49	48.9574076170906	NA	NA	NA	NA	NA	NA	11556
HIP05551	TRBV6-7	ap01	ap01	ap01	0.43,0.57	1	5,13	2.12920207256267	NA	NA	NA	NA	NA	NA	11556
HIP05551	TRBV19	ap01	ap01	ap01	0.43,0.57	1	182,302	119.115450546279	NA	NA	NA	NA	NA	NA	11556
HIP05551	TRBV12-34	ap01	ap01	ap01	0.43,0.57	1	207,195	248.953475625439	NA	NA	NA	NA	NA	NA	11556
HIP05551	TRBV6-56	ap01,ap02	ap01,ap02	ap01,ap02	0.43,0.57	0.72,0.28	118,163	38.5177565425469	47,62	16.0282805339904	NA	NA	NA	NA	11556
HIP05551	TRBV21-1	ap01	ap01	ap01	0.43,0.57	1	83,138	54.2551055679098	NA	NA	NA	NA	NA	NA	11556
HIP05551	TRBV4-2	ap01	ap01	ap01	0.43,0.57	1	117,117	151.821051119301	NA	NA	NA	NA	NA	NA	11556
HIP05551	TRBV25-1	ap01	ap01	ap01	0.43,0.57	1	39,50	29.1012472430736	NA	NA	NA	NA	NA	NA	11556
HIP05551	TRBV30	ap01	ap01	ap01	0.43,0.57	1	145,148	117.408433580045	NA	NA	NA	NA	NA	NA	11556
HIP05551	TRBV6-1	ap01	ap01	ap01	0.43,0.57	1	66,87	48.6686512706943	NA	NA	NA	NA	NA	NA	11556
HIP05551	TRBV2	ap01	ap01	ap01	0.43,0.57	1	173,184	138.276707124854	NA	NA	NA	NA	NA	NA	11556
HIP05551	TRBV10-2	ap01	ap01	ap01	0.43,0.57	1	43,54	32.3602161947685	NA	NA	NA	NA	NA	NA	11556
HIP05551	TRBV20-1	ap01,ap02	ap01,ap02	ap01,ap02	0.43,0.57	0.85,0.15	260,350	87.0185583644929	40,67	10.2990791502992	NA	NA	NA	NA	11556
HIP05551	TRBV14	ap01	ap01	ap01	0.43,0.57	1	38,97	16.6194503028139	NA	NA	NA	NA	NA	NA	11556
HIP05551	TRBV10-3	ap01	ap01	ap01	0.43,0.57	1	102,124	77.7563081963167	NA	NA	NA	NA	NA	NA	11556
HIP05551	TRBV7-3	ap01	ap03	ap01,ap03	0.43,0.57	0.63,0.37	137,3	38.0378953561965	10,72	10.3973769935601	NA	NA	NA	NA	11556
HIP05551	TRBV7-8	ap01,ap03	ap02,ap03	ap01,ap02,ap03	0.43,0.57	0.17,0.57,0.25	28,1	7.31760110833182	12,85	12.1481464104878	26,17	12.1723172723304	NA	NA	11556
HIP05551	TRBV11-3	ap01	ap01	ap01	0.43,0.57	1	61,73	46.7825128377637	NA	NA	NA	NA	NA	NA	11556
HIP05551	TRBV7-6	ap01	ap01	ap01	0.43,0.57	1	72,64	80.3263395291486	NA	NA	NA	NA	NA	NA	11556
HIP05551	TRBV29-1	ap01,ap02	ap01,ap02	ap01,ap02	0.43,0.57	0.86,0.14	76,104	25.0388570824091	8,22	0.0406219419555771	NA	NA	NA	NA	11556
HIP05551	TRBV23-1	ap01	ap01	ap01	0.43,0.57	1	24,24	31.1427797167797	NA	NA	NA	NA	NA	NA	11556
HIP05551	TRBV5-8	ap01	ap01	ap01	0.43,0.57	1	20,25	15.0795265603146	NA	NA	NA	NA	NA	NA	11556
HIP05551	TRBV7-7	ap01_C315T	ap01	ap01,ap01_C315T	0.43,0.57	0.6,0.4	3,34	6.03060893673	23,2	4.61995623497241	NA	NA	NA	NA	11556
HIP05551	TRBV13	ap01	ap01	ap01	0.43,0.57	1	42,49	32.5177285153727	NA	NA	NA	NA	NA	NA	11556
HIP05551	TRBV5-5	ap01	ap01	ap01	0.43,0.57	1	29,57	16.8217429900923	NA	NA	NA	NA	NA	NA	11556
HIP05551	TRBV16	ap01	ap01	ap01	0.43,0.57	1	1,3	0.328614958659734	NA	NA	NA	NA	NA	NA	11556
HIP05551	TRBV6-9	ap01	ap01	ap01	0.43,0.57	1	5,11	2.61532935182667	NA	NA	NA	NA	NA	NA	11556
HIP05551	TRBV12-1	ap01	ap01	ap01	0.43,0.57	1	14,15	11.1633276913002	NA	NA	NA	NA	NA	NA	11556
HIP05551	TRBV6-8	ap01	ap01	ap01	0.43,0.57	1	4,8	2.28671439316693	NA	NA	NA	NA	NA	NA	11556
HIP05551	TRBV5-3	ap01	ap01	ap01	0.43,0.57	1	14,18	10.4341367724042	NA	NA	NA	NA	NA	NA	11556
HIP05551	TRBV11-1	ap01	ap01	ap01	0.43,0.57	1	17,14	17.1462191081059	NA	NA	NA	NA	NA	NA	11556
HIP05551	TRBV15	ap02	ap02	ap02	0.43,0.57	1	55,73	40.4356775724293	NA	NA	NA	NA	NA	NA	11556
HIP05551	TRBV7-4	ap01	ap01	ap01	0.43,0.57	1	11,10	12.6360240842086	NA	NA	NA	NA	NA	NA	11556
HIP05551	TRBV12-5	ap01	ap01	ap01	0.43,0.57	1	25,35	17.9379195517733	NA	NA	NA	NA	NA	NA	11556
HIP05551	TRBV7-1	ap01_G291C_T296C	Unk	ap01_G291C_T296C	0.43,0.57	1	3,0	1.02040239334892	NA	NA	NA	NA	NA	NA	11556
HIP05551	TRBV1	ap01	ap01	ap01	0.43,0.57	1	27,24	30.1223773234307	NA	NA	NA	NA	NA	NA	11556
HIP05551	TRBV5-7	Unk	ap01	ap01	0.43,0.57	1	0,3	0.729190918895997	NA	NA	NA	NA	NA	NA	11556
HIP05551	TRBV17	Unk	Unk	NA	NA	NA	NA	NA	NA	NA	NA	NA	NA	NA	11556
HIP05551	TRBV26	Unk	Unk	NA	NA	NA	NA	NA	NA	NA	NA	NA	NA	NA	11556
HIP05551	TRBV4-3	Del	Del	Del	NA	NA	NA	1000	NA	NA	NA	NA	NA	NA	11556
