subject	gene	TRBD2_01	TRBD2_02	alleles	proirs_row	proirs_col	counts1	k1	counts2	k2	counts3	k3	counts4	k4	TOTAL
HIP14241	TRBV5-1	ap01	ap01	ap01	0.42,0.58	1	318,347	251.519964682427	NA	NA	NA	NA	NA	NA	9591
HIP14241	TRBV19	ap01	ap01	ap01	0.42,0.58	1	151,244	100.992377531506	NA	NA	NA	NA	NA	NA	9591
HIP14241	TRBV10-3	ap01	ap01	ap01	0.42,0.58	1	68,66	84.7666983259415	NA	NA	NA	NA	NA	NA	9591
HIP14241	TRBV4-3	Del	ap01	ap01	0.42,0.58	1	28,188	14.498035342209	NA	NA	NA	NA	NA	NA	9591
HIP14241	TRBV9	ap01	ap01	ap01	0.42,0.58	1	212,293	153.327543522159	NA	NA	NA	NA	NA	NA	9591
HIP14241	TRBV25-1	ap01	ap01	ap01	0.42,0.58	1	49,72	34.4431721575278	NA	NA	NA	NA	NA	NA	9591
HIP14241	TRBV5-4	ap01	ap01	ap01	0.42,0.58	1	115,149	85.4861095615019	NA	NA	NA	NA	NA	NA	9591
HIP14241	TRBV7-9	ap01	ap01	ap01	0.42,0.58	1	151,170	118.215297050856	NA	NA	NA	NA	NA	NA	9591
HIP14241	TRBV7-6	ap01	ap01	ap01	0.42,0.58	1	55,70	41.1781185952549	NA	NA	NA	NA	NA	NA	9591
HIP14241	TRBV27	ap01	ap01	ap01	0.42,0.58	1	83,175	45.9976821733986	NA	NA	NA	NA	NA	NA	9591
HIP14241	TRBV5-7	ap01	ap01	ap01	0.42,0.58	1	2,7	0.460625619129434	NA	NA	NA	NA	NA	NA	9591
HIP14241	TRBV1	ap01	ap01	ap01	0.42,0.58	1	44,17	12.4839096344168	NA	NA	NA	NA	NA	NA	9591
HIP14241	TRBV29-1	ap01,ap02	ap01,ap02	ap01,ap02	0.42,0.58	0.85,0.15	82,122	25.0236632888771	20,17	13.9421027436032	NA	NA	NA	NA	9591
HIP14241	TRBV30	ap01	ap01_G298A	ap01,ap01_G298A	0.42,0.58	0.57,0.43	205,5	58.5103469470809	24,134	14.7837758162241	NA	NA	NA	NA	9591
HIP14241	TRBV4-2	ap01	ap01	ap01	0.42,0.58	1	126,185	88.6014058558811	NA	NA	NA	NA	NA	NA	9591
HIP14241	TRBV6-1	ap01	ap01	ap01	0.42,0.58	1	141,92	101.845390915961	NA	NA	NA	NA	NA	NA	9591
HIP14241	TRBV5-6	ap01	ap01	ap01	0.42,0.58	1	67,106	45.3383252440329	NA	NA	NA	NA	NA	NA	9591
HIP14241	TRBV11-2	ap01	ap01	ap01	0.42,0.58	1	52,75	36.8796767537237	NA	NA	NA	NA	NA	NA	9591
HIP14241	TRBV12-1	ap01	ap01	ap01	0.42,0.58	1	1,3	0.346683887398168	NA	NA	NA	NA	NA	NA	9591
HIP14241	TRBV12-34	ap01	ap01	ap01	0.42,0.58	1	215,281	159.255180453358	NA	NA	NA	NA	NA	NA	9591
HIP14241	TRBV12-5	ap01	ap01	ap01	0.42,0.58	1	17,17	22.0157102997923	NA	NA	NA	NA	NA	NA	9591
HIP14241	TRBV7-1	ap01_G291C_T296C_C314T	ap01_G291C_T296C_C314T	ap01_G291C_T296C_C314T	0.42,0.58	1	2,1	0.942012128067558	NA	NA	NA	NA	NA	NA	9591
HIP14241	TRBV20-1	ap01,ap02	ap01,ap02	ap01,ap02	0.42,0.58	0.83,0.17	310,433	100.948724734576	70,80	26.7926059864946	NA	NA	NA	NA	9591
HIP14241	TRBV2	ap01	ap01	ap01	0.42,0.58	1	114,100	124.561763074248	NA	NA	NA	NA	NA	NA	9591
HIP14241	TRBV7-8	ap01,ap03	ap01,ap03	ap01,ap03	0.42,0.58	0.62,0.38	25,24	20.7002811632693	11,19	2.76436645803628	NA	NA	NA	NA	9591
HIP14241	TRBV7-2	ap01	ap01	ap01	0.42,0.58	1	75,206	30.4233925125337	NA	NA	NA	NA	NA	NA	9591
HIP14241	TRBV28	ap01	ap01	ap01	0.42,0.58	1	17,35	9.61750057643927	NA	NA	NA	NA	NA	NA	9591
HIP14241	TRBV7-7	ap01	ap01	ap01	0.42,0.58	1	17,33	10.0829848877731	NA	NA	NA	NA	NA	NA	9591
HIP14241	TRBV4-1	ap01	ap01	ap01	0.42,0.58	1	207,187	235.112220212252	NA	NA	NA	NA	NA	NA	9591
HIP14241	TRBV5-3	ap01	ap01	ap01	0.42,0.58	1	7,20	2.65952936745408	NA	NA	NA	NA	NA	NA	9591
HIP14241	TRBV14	ap01	ap01	ap01	0.42,0.58	1	41,72	26.0838893223368	NA	NA	NA	NA	NA	NA	9591
HIP14241	TRBV7-3	ap01	ap01	ap01	0.42,0.58	1	82,112	59.6155276260145	NA	NA	NA	NA	NA	NA	9591
HIP14241	TRBV13	ap01	ap01	ap01	0.42,0.58	1	42,51	32.0163849457406	NA	NA	NA	NA	NA	NA	9591
HIP14241	TRBV18	ap01	ap01	ap01	0.42,0.58	1	82,135	54.2624580456758	NA	NA	NA	NA	NA	NA	9591
HIP14241	TRBV12-2	ap01	ap01	ap01	0.42,0.58	1	5,14	1.96616159265774	NA	NA	NA	NA	NA	NA	9591
HIP14241	TRBV6-56	ap01,ap02	ap01,ap02	ap01,ap02	0.42,0.58	0.69,0.31	105,176	27.5935117082342	61,65	24.4081691707814	NA	NA	NA	NA	9591
HIP14241	TRBV24-1	ap01	ap01	ap01	0.42,0.58	1	43,122	16.5366022477895	NA	NA	NA	NA	NA	NA	9591
HIP14241	TRBV23-1	ap01	ap01	ap01	0.42,0.58	1	12,21	7.65133898378153	NA	NA	NA	NA	NA	NA	9591
HIP14241	TRBV15	ap02	ap02	ap02	0.42,0.58	1	31,72	15.6347857783481	NA	NA	NA	NA	NA	NA	9591
HIP14241	TRBV21-1	ap01	ap01	ap01	0.42,0.58	1	10,30	3.46683887398168	NA	NA	NA	NA	NA	NA	9591
HIP14241	TRBV6-23	ap01	ap01	ap01	0.42,0.58	1	88,319	17.7073635293592	NA	NA	NA	NA	NA	NA	9591
HIP14241	TRBV10-1	ap01	ap01	ap01	0.42,0.58	1	37,30	36.3800458903096	NA	NA	NA	NA	NA	NA	9591
HIP14241	TRBV11-3	ap01	ap01	ap01	0.42,0.58	1	30,43	21.3393979382894	NA	NA	NA	NA	NA	NA	9591
HIP14241	TRBV11-1	ap01	ap01	ap01	0.42,0.58	1	18,10	10.1261805892219	NA	NA	NA	NA	NA	NA	9591
HIP14241	TRBV5-5	ap01	ap01	ap01	0.42,0.58	1	27,29	21.4630570544294	NA	NA	NA	NA	NA	NA	9591
HIP14241	TRBV5-8	ap01	ap01	ap01	0.42,0.58	1	6,11	3.70929841405732	NA	NA	NA	NA	NA	NA	9591
HIP14241	TRBV10-2	ap01	ap01	ap01	0.42,0.58	1	15,8	7.88912667881363	NA	NA	NA	NA	NA	NA	9591
HIP14241	TRBV7-4	ap01	ap01	ap01	0.42,0.58	1	3,9	1.0400516621945	NA	NA	NA	NA	NA	NA	9591
HIP14241	TRBV3-12	ap01	ap01	ap01	0.42,0.58	1	141,168	108.231677818202	NA	NA	NA	NA	NA	NA	9591
HIP14241	TRBV6-4	ap01	ap01	ap01	0.42,0.58	1	59,66	46.2887286355179	NA	NA	NA	NA	NA	NA	9591
HIP14241	TRBV6-7	ap01	ap01	ap01	0.42,0.58	1	6,13	3.24381410272351	NA	NA	NA	NA	NA	NA	9591
HIP14241	TRBV6-8	Unk	ap01	ap01	0.42,0.58	1	1,5	0.118800423935635	NA	NA	NA	NA	NA	NA	9591
HIP14241	TRBV6-9	ap01	ap01	ap01	0.42,0.58	1	6,2	1.17796494758878	NA	NA	NA	NA	NA	NA	9591
HIP14241	TRBV16	Unk	ap01	ap01	0.42,0.58	1	0,3	0.698226467000704	NA	NA	NA	NA	NA	NA	9591
HIP14241	TRBV17	Unk	Unk	NA	NA	NA	NA	NA	NA	NA	NA	NA	NA	NA	9591
HIP14241	TRBV26	Unk	Unk	NA	NA	NA	NA	NA	NA	NA	NA	NA	NA	NA	9591
