subject	gene	TRBD2_01	TRBD2_02	alleles	proirs_row	proirs_col	counts1	k1	counts2	k2	counts3	k3	counts4	k4	TOTAL
Keck0003_MC1	TRBV27	ap01	ap01	ap01	0.46,0.54	1	287,455	191.007310324383	NA	NA	NA	NA	NA	NA	14090
Keck0003_MC1	TRBV20-1	ap01,ap02	ap01,ap02	ap01,ap02	0.46,0.54	0.84,0.16	268,359	88.8547524901007	51,68	16.988413952922	NA	NA	NA	NA	14090
Keck0003_MC1	TRBV4-1	ap01	ap01	ap01	0.46,0.54	1	254,254	33.0297993856352	NA	NA	NA	NA	NA	NA	14090
Keck0003_MC1	TRBV6-1	ap01	ap01	ap01	0.46,0.54	1	142,177	106.999506652509	NA	NA	NA	NA	NA	NA	14090
Keck0003_MC1	TRBV15	ap02	ap02	ap02	0.46,0.54	1	61,88	42.8580977022479	NA	NA	NA	NA	NA	NA	14090
Keck0003_MC1	TRBV3-12	ap01	ap01	ap01	0.46,0.54	1	310,330	248.236085915497	NA	NA	NA	NA	NA	NA	14090
Keck0003_MC1	TRBV6-4	ap01	ap01	ap01	0.46,0.54	1	132,116	145.712070038083	NA	NA	NA	NA	NA	NA	14090
Keck0003_MC1	TRBV24-1	ap01	ap01	ap01	0.46,0.54	1	104,153	72.2991509546524	NA	NA	NA	NA	NA	NA	14090
Keck0003_MC1	TRBV29-1	ap01,ap02	ap01,ap02	ap01,ap02	0.46,0.54	0.85,0.15	85,102	31.1543649065983	18,15	12.2997112858817	NA	NA	NA	NA	14090
Keck0003_MC1	TRBV6-56	ap01,ap02	ap01,ap02	ap01,ap02	0.46,0.54	0.7,0.3	162,169	65.7422611708607	74,65	54.4466629539669	NA	NA	NA	NA	14090
Keck0003_MC1	TRBV25-1	ap01	ap01	ap01	0.46,0.54	1	31,93	9.24550269100298	NA	NA	NA	NA	NA	NA	14090
Keck0003_MC1	TRBV12-34	ap01	ap01	ap01	0.46,0.54	1	239,123	122.735501520743	NA	NA	NA	NA	NA	NA	14090
Keck0003_MC1	TRBV6-23	ap01	ap01	ap01	0.46,0.54	1	108,132	82.0600772891149	NA	NA	NA	NA	NA	NA	14090
Keck0003_MC1	TRBV2	ap01	ap01	ap01	0.46,0.54	1	315,321	255.958538387168	NA	NA	NA	NA	NA	NA	14090
Keck0003_MC1	TRBV30	ap01	ap01	ap01	0.46,0.54	1	183,275	125.718307024977	NA	NA	NA	NA	NA	NA	14090
Keck0003_MC1	TRBV4-2	ap01	ap01	ap01	0.46,0.54	1	130,157	99.2664408115443	NA	NA	NA	NA	NA	NA	14090
Keck0003_MC1	TRBV5-1	ap01	ap01	ap01	0.46,0.54	1	566,616	44.9730161022904	NA	NA	NA	NA	NA	NA	14090
Keck0003_MC1	TRBV9	ap01	ap01	ap01	0.46,0.54	1	402,382	49.0331522760027	NA	NA	NA	NA	NA	NA	14090
Keck0003_MC1	TRBV1	ap01	ap01	ap01	0.46,0.54	1	30,45	20.6308400941226	NA	NA	NA	NA	NA	NA	14090
Keck0003_MC1	TRBV5-4	ap01	ap01	ap01	0.46,0.54	1	215,172	209.872272316225	NA	NA	NA	NA	NA	NA	14090
Keck0003_MC1	TRBV28	ap01	ap01	ap01	0.46,0.54	1	334,479	235.401991878099	NA	NA	NA	NA	NA	NA	14090
Keck0003_MC1	TRBV5-6	ap01	ap01	ap01	0.46,0.54	1	119,113	145.018839543874	NA	NA	NA	NA	NA	NA	14090
Keck0003_MC1	TRBV11-2	ap01	ap01	ap01	0.46,0.54	1	139,135	174.268912583432	NA	NA	NA	NA	NA	NA	14090
Keck0003_MC1	TRBV10-1	ap01	ap01	ap01	0.46,0.54	1	72,78	57.3030691761677	NA	NA	NA	NA	NA	NA	14090
Keck0003_MC1	TRBV7-6	ap01	ap01	ap01	0.46,0.54	1	82,79	101.768100330078	NA	NA	NA	NA	NA	NA	14090
Keck0003_MC1	TRBV13	ap01	ap01	ap01	0.46,0.54	1	58,83	40.9248312420069	NA	NA	NA	NA	NA	NA	14090
Keck0003_MC1	TRBV5-3	ap01	ap01	ap01	0.46,0.54	1	23,28	17.5046055447199	NA	NA	NA	NA	NA	NA	14090
Keck0003_MC1	TRBV5-7	ap01	ap01	ap01	0.46,0.54	1	2,6	0.596484044580837	NA	NA	NA	NA	NA	NA	14090
Keck0003_MC1	TRBV10-2	ap01	ap01	ap01	0.46,0.54	1	36,61	22.93956242455	NA	NA	NA	NA	NA	NA	14090
Keck0003_MC1	TRBV7-9	ap01	ap01	ap01	0.46,0.54	1	218,252	169.390070392975	NA	NA	NA	NA	NA	NA	14090
Keck0003_MC1	TRBV7-3	ap01	ap01	ap01	0.46,0.54	1	193,228	148.692629820249	NA	NA	NA	NA	NA	NA	14090
Keck0003_MC1	TRBV12-5	ap01	ap01	ap01	0.46,0.54	1	39,38	49.0938678068402	NA	NA	NA	NA	NA	NA	14090
Keck0003_MC1	TRBV6-8	ap01	ap01	ap01	0.46,0.54	1	7,12	4.42441004111495	NA	NA	NA	NA	NA	NA	14090
Keck0003_MC1	TRBV10-3	ap01	ap01	ap01	0.46,0.54	1	115,120	92.7157296904485	NA	NA	NA	NA	NA	NA	14090
Keck0003_MC1	TRBV18	ap01	ap01	ap01	0.46,0.54	1	110,139	82.3969262353532	NA	NA	NA	NA	NA	NA	14090
Keck0003_MC1	TRBV7-2	ap01	ap01	ap01	0.46,0.54	1	148,283	85.9410701321158	NA	NA	NA	NA	NA	NA	14090
Keck0003_MC1	TRBV7-7	ap01	ap01_C307A_C315T	ap01,ap01_C307A_C315T	0.46,0.54	0.56,0.44	29,2	5.99366691760457	4,20	2.34331163141919	NA	NA	NA	NA	14090
Keck0003_MC1	TRBV11-3	ap01	ap01	ap01	0.46,0.54	1	39,46	30.06553085164	NA	NA	NA	NA	NA	NA	14090
Keck0003_MC1	TRBV7-8	Unk	ap01,ap03	ap01,ap03	0.46,0.54	0.6,0.4	9,66	10.535437172425	12,37	1.26571213045606	NA	NA	NA	NA	14090
Keck0003_MC1	TRBV19	ap01	ap01	ap01	0.46,0.54	1	220,293	160.89932599557	NA	NA	NA	NA	NA	NA	14090
Keck0003_MC1	TRBV7-4	ap01	ap01	ap01	0.46,0.54	1	8,15	4.72265206340536	NA	NA	NA	NA	NA	NA	14090
Keck0003_MC1	TRBV6-7	ap01	ap01	ap01	0.46,0.54	1	10,10	13.0038580258406	NA	NA	NA	NA	NA	NA	14090
Keck0003_MC1	TRBV6-9	ap01	ap01	ap01	0.46,0.54	1	3,10	0.63509096852881	NA	NA	NA	NA	NA	NA	14090
Keck0003_MC1	TRBV5-8	ap01	ap01	ap01	0.46,0.54	1	10,25	4.28059571461642	NA	NA	NA	NA	NA	NA	14090
Keck0003_MC1	TRBV14	ap01	ap01	ap01	0.46,0.54	1	54,77	38.1740525627905	NA	NA	NA	NA	NA	NA	14090
Keck0003_MC1	TRBV12-2	ap01	ap01	ap01	0.46,0.54	1	20,15	17.9018235819896	NA	NA	NA	NA	NA	NA	14090
Keck0003_MC1	TRBV12-1	ap01	ap01	ap01	0.46,0.54	1	5,17	0.971939914767202	NA	NA	NA	NA	NA	NA	14090
Keck0003_MC1	TRBV21-1	ap01	ap01	ap01	0.46,0.54	1	75,125	48.331661506026	NA	NA	NA	NA	NA	NA	14090
Keck0003_MC1	TRBV23-1	ap01	ap01	ap01	0.46,0.54	1	13,41	3.35787609309055	NA	NA	NA	NA	NA	NA	14090
Keck0003_MC1	TRBV11-1	ap01	ap01	ap01	0.46,0.54	1	23,28	17.5046055447199	NA	NA	NA	NA	NA	NA	14090
Keck0003_MC1	TRBV5-5	ap01	ap01	ap01	0.46,0.54	1	26,30	20.2167772999883	NA	NA	NA	NA	NA	NA	14090
Keck0003_MC1	TRBV4-3	ap01	Unk	ap01	0.46,0.54	1	1,0	0.320792691354281	NA	NA	NA	NA	NA	NA	14090
Keck0003_MC1	TRBV16	Unk	ap01	ap01	0.46,0.54	1	1,6	0.480663272736919	NA	NA	NA	NA	NA	NA	14090
Keck0003_MC1	TRBV7-1	ap01_T296C	ap01_T296C	ap01_T296C	0.46,0.54	1	1,1	1.30038580258406	NA	NA	NA	NA	NA	NA	14090
Keck0003_MC1	TRBV17	Unk	Unk	NA	NA	NA	NA	NA	NA	NA	NA	NA	NA	NA	14090
Keck0003_MC1	TRBV26	Unk	Unk	NA	NA	NA	NA	NA	NA	NA	NA	NA	NA	NA	14090
