subject	gene	TRBD2_01	TRBD2_02	alleles	proirs_row	proirs_col	counts1	k1	counts2	k2	counts3	k3	counts4	k4	TOTAL
HIP10377	TRBV7-3	ap01	ap03	ap01,ap03	0.51,0.49	0.68,0.32	436,12	96.0677357757411	38,169	22.1735190678066	NA	NA	NA	NA	30553
HIP10377	TRBV3-12	ap01	ap01	ap01	0.51,0.49	1	775,713	91.0401904722067	NA	NA	NA	NA	NA	NA	30553
HIP10377	TRBV12-34	ap01	ap01	ap01	0.51,0.49	1	694,702	56.5489263046956	NA	NA	NA	NA	NA	NA	30553
HIP10377	TRBV29-1	ap01,ap02	ap01,ap02	ap01,ap02	0.51,0.49	0.83,0.17	179,243	55.5332446826038	38,47	13.1158862588962	NA	NA	NA	NA	30553
HIP10377	TRBV11-2	ap01	ap01	ap01	0.51,0.49	1	285,380	204.691570702341	NA	NA	NA	NA	NA	NA	30553
HIP10377	TRBV24-1	ap01	ap01	ap01	0.51,0.49	1	206,292	142.748830130858	NA	NA	NA	NA	NA	NA	30553
HIP10377	TRBV5-1	ap01	ap01	ap01	0.51,0.49	1	1279,1661	93.1907707980017	NA	NA	NA	NA	NA	NA	30553
HIP10377	TRBV7-9	ap01	ap01	ap01	0.51,0.49	1	488,547	38.161139730838	NA	NA	NA	NA	NA	NA	30553
HIP10377	TRBV5-6	ap01	ap01	ap01	0.51,0.49	1	208,224	165.400239210429	NA	NA	NA	NA	NA	NA	30553
HIP10377	TRBV4-3	ap01	Del	ap01	0.51,0.49	1	398,17	84.347443569593	NA	NA	NA	NA	NA	NA	30553
HIP10377	TRBV6-4	ap01	ap01	ap01	0.51,0.49	1	225,246	177.810053141309	NA	NA	NA	NA	NA	NA	30553
HIP10377	TRBV4-2	ap01	ap01	ap01	0.51,0.49	1	457,258	280.090513151473	NA	NA	NA	NA	NA	NA	30553
HIP10377	TRBV30	ap01	ap01	ap01	0.51,0.49	1	386,544	268.425173625321	NA	NA	NA	NA	NA	NA	30553
HIP10377	TRBV25-1	ap01	ap01	ap01	0.51,0.49	1	105,156	70.6092929230882	NA	NA	NA	NA	NA	NA	30553
HIP10377	TRBV5-4	ap01	ap01	ap01	0.51,0.49	1	622,529	66.2325732548907	NA	NA	NA	NA	NA	NA	30553
HIP10377	TRBV4-1	ap01	ap01	ap01	0.51,0.49	1	325,389	246.72960815534	NA	NA	NA	NA	NA	NA	30553
HIP10377	TRBV14	ap01	ap01	ap01	0.51,0.49	1	103,189	58.4653016995028	NA	NA	NA	NA	NA	NA	30553
HIP10377	TRBV6-23	ap01	ap01	ap01	0.51,0.49	1	646,249	213.050676291056	NA	NA	NA	NA	NA	NA	30553
HIP10377	TRBV6-56	ap01,ap02	ap01,ap02	ap01,ap02	0.51,0.49	0.72,0.28	344,382	131.308371896693	142,139	120.786811090521	NA	NA	NA	NA	30553
HIP10377	TRBV27	ap01	ap01	ap01	0.51,0.49	1	404,455	315.277011374371	NA	NA	NA	NA	NA	NA	30553
HIP10377	TRBV10-2	ap01	ap01	ap01	0.51,0.49	1	95,153	60.3249425138953	NA	NA	NA	NA	NA	NA	30553
HIP10377	TRBV20-1	ap01,ap02	ap01,ap02	ap01,ap02	0.51,0.49	0.86,0.14	638,768	226.313681173308	106,116	40.955729024498	NA	NA	NA	NA	30553
HIP10377	TRBV5-8	ap01	ap01	ap01	0.51,0.49	1	71,57	70.2539558364538	NA	NA	NA	NA	NA	NA	30553
HIP10377	TRBV13	ap01	ap01	ap01	0.51,0.49	1	79,87	62.2429525102256	NA	NA	NA	NA	NA	NA	30553
HIP10377	TRBV2	ap01	ap01	ap01	0.51,0.49	1	450,567	33.3104210876934	NA	NA	NA	NA	NA	NA	30553
HIP10377	TRBV7-2	ap01	ap01	ap01	0.51,0.49	1	947,360	30.4385602608676	NA	NA	NA	NA	NA	NA	30553
HIP10377	TRBV7-6	ap01	ap01	ap01	0.51,0.49	1	172,209	129.637467880053	NA	NA	NA	NA	NA	NA	30553
HIP10377	TRBV18	ap01	ap01	ap01	0.51,0.49	1	307,409	220.592394174734	NA	NA	NA	NA	NA	NA	30553
HIP10377	TRBV21-1	ap01	ap01	ap01	0.51,0.49	1	211,347	131.829666612732	NA	NA	NA	NA	NA	NA	30553
HIP10377	TRBV12-2	ap01	ap01	ap01	0.51,0.49	1	42,77	23.8606228635953	NA	NA	NA	NA	NA	NA	30553
HIP10377	TRBV5-5	ap01	ap01	ap01	0.51,0.49	1	94,93	120.728463482843	NA	NA	NA	NA	NA	NA	30553
HIP10377	TRBV11-3	ap01	ap01	ap01	0.51,0.49	1	146,139	178.905187466846	NA	NA	NA	NA	NA	NA	30553
HIP10377	TRBV10-3	ap01	ap01	ap01	0.51,0.49	1	339,341	276.798761930566	NA	NA	NA	NA	NA	NA	30553
HIP10377	TRBV19	ap01	ap01	ap01	0.51,0.49	1	450,661	304.884288640702	NA	NA	NA	NA	NA	NA	30553
HIP10377	TRBV28	ap01	ap01	ap01	0.51,0.49	1	598,217	175.88460991207	NA	NA	NA	NA	NA	NA	30553
HIP10377	TRBV12-5	ap01	ap01	ap01	0.51,0.49	1	80,111	56.1563646029485	NA	NA	NA	NA	NA	NA	30553
HIP10377	TRBV10-1	ap01	ap01	ap01	0.51,0.49	1	129,251	68.9331256835626	NA	NA	NA	NA	NA	NA	30553
HIP10377	TRBV15	ap02	ap02	ap02	0.51,0.49	1	174,168	216.918276607817	NA	NA	NA	NA	NA	NA	30553
HIP10377	TRBV6-1	ap01	ap01	ap01	0.51,0.49	1	196,260	141.170625945196	NA	NA	NA	NA	NA	NA	30553
HIP10377	TRBV9	ap01	ap01	ap01	0.51,0.49	1	683,423	47.7736032719914	NA	NA	NA	NA	NA	NA	30553
HIP10377	TRBV7-8	ap01,ap03	ap01,ap03	ap01,ap03	0.51,0.49	0.6,0.4	107,98	83.4287228471673	66,70	26.1447440274017	NA	NA	NA	NA	30553
HIP10377	TRBV12-1	ap01	ap01	ap01	0.51,0.49	1	22,44	11.3976443912561	NA	NA	NA	NA	NA	NA	30553
HIP10377	TRBV1	ap01	ap01	ap01	0.51,0.49	1	75,100	53.8662028164054	NA	NA	NA	NA	NA	NA	30553
HIP10377	TRBV7-7	ap01	ap01	ap01	0.51,0.49	1	93,120	67.9949392473126	NA	NA	NA	NA	NA	NA	30553
HIP10377	TRBV11-1	ap01	ap01	ap01	0.51,0.49	1	57,41	48.8765087856607	NA	NA	NA	NA	NA	NA	30553
HIP10377	TRBV6-7	ap01	ap01	ap01	0.51,0.49	1	42,39	49.9069262705342	NA	NA	NA	NA	NA	NA	30553
HIP10377	TRBV7-4	ap01	ap01	ap01	0.51,0.49	1	20,47	8.26001132994466	NA	NA	NA	NA	NA	NA	30553
HIP10377	TRBV6-8	ap01	ap01	ap01	0.51,0.49	1	15,12	14.7755990505097	NA	NA	NA	NA	NA	NA	30553
HIP10377	TRBV23-1	ap01	ap01	ap01	0.51,0.49	1	66,90	46.8018346009518	NA	NA	NA	NA	NA	NA	30553
HIP10377	TRBV6-9	ap01	ap01	ap01	0.51,0.49	1	18,4	1.2924616638131	NA	NA	NA	NA	NA	NA	30553
HIP10377	TRBV5-3	ap01	ap01	ap01	0.51,0.49	1	52,55	41.6502717413498	NA	NA	NA	NA	NA	NA	30553
HIP10377	TRBV7-1	ap01_G291C_T296C_C314T	ap01_G291C_T296C_C314T	ap01_G291C_T296C_C314T	0.51,0.49	1	11,16	7.50009382808285	NA	NA	NA	NA	NA	NA	30553
HIP10377	TRBV16	ap01	ap01	ap01	0.51,0.49	1	3,4	2.15464811265622	NA	NA	NA	NA	NA	NA	30553
HIP10377	TRBV5-7	ap01	ap01	ap01	0.51,0.49	1	14,5	3.99082886187147	NA	NA	NA	NA	NA	NA	30553
HIP10377	TRBV17	Unk	Unk	NA	NA	NA	NA	NA	NA	NA	NA	NA	NA	NA	30553
HIP10377	TRBV26	Unk	Unk	NA	NA	NA	NA	NA	NA	NA	NA	NA	NA	NA	30553
