subject	gene	TRBD2_01	TRBD2_02	alleles	proirs_row	proirs_col	counts1	k1	counts2	k2	counts3	k3	counts4	k4	TOTAL
HIP01465	TRBV5-4	ap01	ap01	ap01	0.5,0.5	1	230,246	183.603858594754	NA	NA	NA	NA	NA	NA	15951
HIP01465	TRBV24-1	ap01	ap01	ap01	0.5,0.5	1	143,143	186.123003999959	NA	NA	NA	NA	NA	NA	15951
HIP01465	TRBV21-1	ap01	ap01	ap01	0.5,0.5	1	127,211	79.3301589637753	NA	NA	NA	NA	NA	NA	15951
HIP01465	TRBV4-3	ap01	Del	ap01	0.5,0.5	1	257,5	65.5353965781253	NA	NA	NA	NA	NA	NA	15951
HIP01465	TRBV4-1	ap01	ap01	ap01	0.5,0.5	1	166,207	123.873751120024	NA	NA	NA	NA	NA	NA	15951
HIP01465	TRBV7-3	ap02	ap03	ap02,ap03	0.5,0.5	0.4,0.6	71,4	13.7116710113459	16,97	16.2697015512996	NA	NA	NA	NA	15951
HIP01465	TRBV3-12	ap01	ap01	ap01	0.5,0.5	1	387,313	38.6232572578285	NA	NA	NA	NA	NA	NA	15951
HIP01465	TRBV19	ap01	ap01	ap01	0.5,0.5	1	311,461	210.606045172709	NA	NA	NA	NA	NA	NA	15951
HIP01465	TRBV11-2	ap01	ap01	ap01	0.5,0.5	1	212,229	168.574144232563	NA	NA	NA	NA	NA	NA	15951
HIP01465	TRBV10-2	ap01	ap01	ap01	0.5,0.5	1	75,106	52.3070199279611	NA	NA	NA	NA	NA	NA	15951
HIP01465	TRBV6-56	ap01,ap02	ap01,ap02	ap01,ap02	0.5,0.5	0.7,0.3	187,211	70.7404611434891	83,91	32.1481482903716	NA	NA	NA	NA	15951
HIP01465	TRBV5-1	ap01	ap01	ap01	0.5,0.5	1	571,707	42.757153332277	NA	NA	NA	NA	NA	NA	15951
HIP01465	TRBV7-6	ap01	ap01	ap01	0.5,0.5	1	140,152	111.095602686087	NA	NA	NA	NA	NA	NA	15951
HIP01465	TRBV6-23	ap01	ap01	ap01	0.5,0.5	1	340,116	86.9425037533673	NA	NA	NA	NA	NA	NA	15951
HIP01465	TRBV7-9	ap01	ap01	ap01	0.5,0.5	1	290,362	216.296379409185	NA	NA	NA	NA	NA	NA	15951
HIP01465	TRBV25-1	ap01	ap01	ap01	0.5,0.5	1	63,80	46.5899473791209	NA	NA	NA	NA	NA	NA	15951
HIP01465	TRBV20-1	ap01,ap02	ap01,ap02	ap01,ap02	0.5,0.5	0.87,0.13	328,350	129.76180097321	53,52	45.2592743117449	NA	NA	NA	NA	15951
HIP01465	TRBV4-2	ap01	ap01	ap01	0.5,0.5	1	206,138	160.174979726299	NA	NA	NA	NA	NA	NA	15951
HIP01465	TRBV6-4	ap01	ap01	ap01	0.5,0.5	1	99,140	69.0217968302217	NA	NA	NA	NA	NA	NA	15951
HIP01465	TRBV5-6	ap01	ap01	ap01	0.5,0.5	1	120,142	91.7882006517605	NA	NA	NA	NA	NA	NA	15951
HIP01465	TRBV9	ap01	ap01	ap01	0.5,0.5	1	360,232	265.36842835852	NA	NA	NA	NA	NA	NA	15951
HIP01465	TRBV10-3	ap01	ap01	ap01	0.5,0.5	1	118,120	96.0181975536712	NA	NA	NA	NA	NA	NA	15951
HIP01465	TRBV7-2	ap01	ap01	ap01	0.5,0.5	1	535,292	310.623182158741	NA	NA	NA	NA	NA	NA	15951
HIP01465	TRBV2	ap01	ap01	ap01	0.5,0.5	1	265,248	317.9266914355	NA	NA	NA	NA	NA	NA	15951
HIP01465	TRBV28	ap01	ap01	ap01	0.5,0.5	1	49,50	39.8222399276113	NA	NA	NA	NA	NA	NA	15951
HIP01465	TRBV27	ap01	ap01	ap01	0.5,0.5	1	239,322	171.316346508675	NA	NA	NA	NA	NA	NA	15951
HIP01465	TRBV30	ap01	ap01	ap01	0.5,0.5	1	244,275	190.664934479852	NA	NA	NA	NA	NA	NA	15951
HIP01465	TRBV6-1	ap01	ap01	ap01	0.5,0.5	1	118,117	151.996572127987	NA	NA	NA	NA	NA	NA	15951
HIP01465	TRBV10-1	ap01	ap01	ap01	0.5,0.5	1	101,129	74.4729582367077	NA	NA	NA	NA	NA	NA	15951
HIP01465	TRBV5-8	ap01	ap01	ap01	0.5,0.5	1	42,49	32.3312281316276	NA	NA	NA	NA	NA	NA	15951
HIP01465	TRBV14	ap01	ap01	ap01	0.5,0.5	1	78,91	60.0437093873084	NA	NA	NA	NA	NA	NA	15951
HIP01465	TRBV18	ap01	ap01	ap01	0.5,0.5	1	179,221	134.223299190428	NA	NA	NA	NA	NA	NA	15951
HIP01465	TRBV6-7	ap01	ap01	ap01	0.5,0.5	1	14,21	9.40802335379958	NA	NA	NA	NA	NA	NA	15951
HIP01465	TRBV15	ap02	ap02	ap02	0.5,0.5	1	82,124	54.8107683529526	NA	NA	NA	NA	NA	NA	15951
HIP01465	TRBV12-34	ap01	ap01	ap01	0.5,0.5	1	383,392	310.916378023001	NA	NA	NA	NA	NA	NA	15951
HIP01465	TRBV13	ap01	ap01	ap01	0.5,0.5	1	53,42	51.5207550865296	NA	NA	NA	NA	NA	NA	15951
HIP01465	TRBV7-8	ap01,ap03	ap01,ap03	ap01,ap03	0.5,0.5	0.7,0.3	90,81	68.5880261877087	38,36	30.997385579501	NA	NA	NA	NA	15951
HIP01465	TRBV7-4	ap01	ap01	ap01	0.5,0.5	1	12,22	6.89054628319138	NA	NA	NA	NA	NA	NA	15951
HIP01465	TRBV12-1	ap01	ap01	ap01	0.5,0.5	1	13,18	9.1760743360527	NA	NA	NA	NA	NA	NA	15951
HIP01465	TRBV1	ap01	ap01	ap01	0.5,0.5	1	40,43	31.8673300961339	NA	NA	NA	NA	NA	NA	15951
HIP01465	TRBV5-5	ap01	ap01	ap01	0.5,0.5	1	49,49	63.776413958028	NA	NA	NA	NA	NA	NA	15951
HIP01465	TRBV6-8	ap01	ap01	ap01	0.5,0.5	1	5,6	3.80006099102437	NA	NA	NA	NA	NA	NA	15951
HIP01465	TRBV29-1	ap01,ap02	ap01,ap02	ap01,ap02	0.5,0.5	0.87,0.13	82,129	20.7062034717697	14,18	4.67311362083573	NA	NA	NA	NA	15951
HIP01465	TRBV11-3	ap01	ap01	ap01	0.5,0.5	1	96,74	90.0259154877473	NA	NA	NA	NA	NA	NA	15951
HIP01465	TRBV12-5	ap01	ap01	ap01	0.5,0.5	1	35,68	18.9728476638884	NA	NA	NA	NA	NA	NA	15951
HIP01465	TRBV5-3	ap01	ap01	ap01	0.5,0.5	1	25,17	19.8394254437355	NA	NA	NA	NA	NA	NA	15951
HIP01465	TRBV7-7	ap01	ap01	ap01	0.5,0.5	1	46,43	55.1094000763554	NA	NA	NA	NA	NA	NA	15951
HIP01465	TRBV12-2	ap01	ap01	ap01	0.5,0.5	1	16,39	6.35150018624	NA	NA	NA	NA	NA	NA	15951
HIP01465	TRBV23-1	ap01	ap01	ap01	0.5,0.5	1	22,42	12.1437207965379	NA	NA	NA	NA	NA	NA	15951
HIP01465	TRBV11-1	ap01	ap01	ap01	0.5,0.5	1	5,16	0.866376655146598	NA	NA	NA	NA	NA	NA	15951
HIP01465	TRBV6-9	ap01	ap01	ap01	0.5,0.5	1	6,6	7.8093568111871	NA	NA	NA	NA	NA	NA	15951
HIP01465	TRBV7-1	ap01_G291C_T296C	ap01_G291C_T296C_C314T	ap01_G291C_T296C,ap01_G291C_T296C_C314T	0.5,0.5	0.33,0.67	4,0	1.02763676992755	0,8	2.2620234740304	NA	NA	NA	NA	15951
HIP01465	TRBV16	ap01	ap01	ap01	0.5,0.5	1	2,4	1.05063490266931	NA	NA	NA	NA	NA	NA	15951
HIP01465	TRBV5-7	ap01	ap01	ap01	0.5,0.5	1	3,6	1.57595235400396	NA	NA	NA	NA	NA	NA	15951
HIP01465	TRBV17	Unk	Unk	NA	NA	NA	NA	NA	NA	NA	NA	NA	NA	NA	15951
HIP01465	TRBV26	Unk	Unk	NA	NA	NA	NA	NA	NA	NA	NA	NA	NA	NA	15951
