subject	gene	TRBD2_01	TRBD2_02	alleles	proirs_row	proirs_col	counts1	k1	counts2	k2	counts3	k3	counts4	k4	TOTAL
HIP01255	TRBV12-34	ap01	ap01	ap01	0.46,0.54	1	599,428	50.200281212445	NA	NA	NA	NA	NA	NA	28250
HIP01255	TRBV27	ap01	ap01	ap01	0.46,0.54	1	394,670	250.160402771249	NA	NA	NA	NA	NA	NA	28250
HIP01255	TRBV4-2	ap01	ap01	ap01	0.46,0.54	1	355,249	289.971498065372	NA	NA	NA	NA	NA	NA	28250
HIP01255	TRBV10-1	ap01	ap01	ap01	0.46,0.54	1	114,126	90.0823435859588	NA	NA	NA	NA	NA	NA	28250
HIP01255	TRBV7-2	ap01	ap01	ap01	0.46,0.54	1	832,805	103.830014991801	NA	NA	NA	NA	NA	NA	28250
HIP01255	TRBV7-7	ap01	ap01_C315T	ap01,ap01_C315T	0.46,0.54	0.39,0.61	81,3	19.6613312077266	18,112	16.1676750061264	NA	NA	NA	NA	28250
HIP01255	TRBV5-8	ap01	ap01	ap01	0.46,0.54	1	45,57	33.6642055789119	NA	NA	NA	NA	NA	NA	28250
HIP01255	TRBV6-1	ap01	ap01	ap01	0.46,0.54	1	152,136	171.760844684705	NA	NA	NA	NA	NA	NA	28250
HIP01255	TRBV4-1	ap01	ap01	ap01	0.46,0.54	1	278,280	226.786155000923	NA	NA	NA	NA	NA	NA	28250
HIP01255	TRBV5-3	ap01	ap01	ap01	0.46,0.54	1	42,65	28.3418634927432	NA	NA	NA	NA	NA	NA	28250
HIP01255	TRBV7-6	ap01	ap01	ap01	0.46,0.54	1	204,218	163.149513872029	NA	NA	NA	NA	NA	NA	28250
HIP01255	TRBV5-1	ap01	ap01	ap01	0.46,0.54	1	877,786	99.3146401114559	NA	NA	NA	NA	NA	NA	28250
HIP01255	TRBV6-23	ap01	ap01	ap01	0.46,0.54	1	642,707	50.7978555020648	NA	NA	NA	NA	NA	NA	28250
HIP01255	TRBV4-3	ap01	ap01	ap01	0.46,0.54	1	357,408	278.59905305339	NA	NA	NA	NA	NA	NA	28250
HIP01255	TRBV20-1	ap01,ap02	ap01,ap02	ap01,ap02	0.46,0.54	0.85,0.15	451,647	138.559536284363	79,113	24.3547015770229	NA	NA	NA	NA	28250
HIP01255	TRBV25-1	ap01	ap01	ap01	0.46,0.54	1	87,137	58.0932787569416	NA	NA	NA	NA	NA	NA	28250
HIP01255	TRBV11-1	ap01	ap01	ap01	0.46,0.54	1	70,72	56.7140868057669	NA	NA	NA	NA	NA	NA	28250
HIP01255	TRBV7-9	ap01	ap01	ap01	0.46,0.54	1	369,432	285.280670889802	NA	NA	NA	NA	NA	NA	28250
HIP01255	TRBV19	ap01	ap01	ap01	0.46,0.54	1	480,673	34.2129434811302	NA	NA	NA	NA	NA	NA	28250
HIP01255	TRBV24-1	ap01	ap01	ap01	0.46,0.54	1	304,397	224.307568949388	NA	NA	NA	NA	NA	NA	28250
HIP01255	TRBV10-2	ap01	ap01	ap01	0.46,0.54	1	41,48	31.6978523210891	NA	NA	NA	NA	NA	NA	28250
HIP01255	TRBV6-4	ap01	ap01	ap01	0.46,0.54	1	193,222	150.242527643149	NA	NA	NA	NA	NA	NA	28250
HIP01255	TRBV3-12	ap01	ap01	ap01	0.46,0.54	1	695,650	83.0968550840133	NA	NA	NA	NA	NA	NA	28250
HIP01255	TRBV7-3	ap01	ap01	ap01	0.46,0.54	1	505,561	39.8307607369398	NA	NA	NA	NA	NA	NA	28250
HIP01255	TRBV14	ap01	ap01	ap01	0.46,0.54	1	115,170	79.6833321911286	NA	NA	NA	NA	NA	NA	28250
HIP01255	TRBV6-56	ap01,ap02	ap01,ap02	ap01,ap02	0.46,0.54	0.74,0.26	340,374	133.099960821966	100,153	28.3204944657637	NA	NA	NA	NA	28250
HIP01255	TRBV30	ap01	ap01	ap01	0.46,0.54	1	122,440	16.8026545579248	NA	NA	NA	NA	NA	NA	28250
HIP01255	TRBV11-2	ap01	ap01	ap01	0.46,0.54	1	241,306	180.099231240565	NA	NA	NA	NA	NA	NA	28250
HIP01255	TRBV7-8	ap01,ap03	ap01,ap03	ap01,ap03	0.46,0.54	0.56,0.44	88,101	33.3919243708759	69,80	25.9791634136144	NA	NA	NA	NA	28250
HIP01255	TRBV28	Del	ap01	ap01	0.46,0.54	1	189,807	6.67032207732859	NA	NA	NA	NA	NA	NA	28250
HIP01255	TRBV9	ap01	ap01	ap01	0.46,0.54	1	802,904	62.9151673420116	NA	NA	NA	NA	NA	NA	28250
HIP01255	TRBV5-4	ap01	ap01	ap01	0.46,0.54	1	449,370	45.5960051707118	NA	NA	NA	NA	NA	NA	28250
HIP01255	TRBV5-5	ap01	ap01	ap01	0.46,0.54	1	72,66	83.9182331211233	NA	NA	NA	NA	NA	NA	28250
HIP01255	TRBV21-1	ap01	ap01	ap01	0.46,0.54	1	203,324	134.420622119724	NA	NA	NA	NA	NA	NA	28250
HIP01255	TRBV18	ap01	ap01	ap01	0.46,0.54	1	210,303	147.448076591962	NA	NA	NA	NA	NA	NA	28250
HIP01255	TRBV29-1	ap01,ap02	ap01,ap02	ap01,ap02	0.46,0.54	0.84,0.16	126,214	30.3410450930305	25,39	6.89128839257788	NA	NA	NA	NA	28250
HIP01255	TRBV5-6	ap01	ap01	ap01	0.46,0.54	1	198,226	154.591651200872	NA	NA	NA	NA	NA	NA	28250
HIP01255	TRBV2	ap01	ap01	ap01	0.46,0.54	1	319,286	36.1409644829136	NA	NA	NA	NA	NA	NA	28250
HIP01255	TRBV12-2	ap01	ap01	ap01	0.46,0.54	1	43,44	34.8982767950048	NA	NA	NA	NA	NA	NA	28250
HIP01255	TRBV10-3	ap01	ap01	ap01	0.46,0.54	1	252,298	194.049628220035	NA	NA	NA	NA	NA	NA	28250
HIP01255	TRBV11-3	ap01	ap01	ap01	0.46,0.54	1	161,199	121.729919885835	NA	NA	NA	NA	NA	NA	28250
HIP01255	TRBV15	ap02	ap02	ap02	0.46,0.54	1	133,176	97.5313395751725	NA	NA	NA	NA	NA	NA	28250
HIP01255	TRBV12-1	ap01	ap01	ap01	0.46,0.54	1	19,31	12.4051970545175	NA	NA	NA	NA	NA	NA	28250
HIP01255	TRBV6-9	ap01	ap01	ap01	0.46,0.54	1	10,23	4.78545680073335	NA	NA	NA	NA	NA	NA	28250
HIP01255	TRBV23-1	ap01	ap01	ap01	0.46,0.54	1	59,71	45.1113640151243	NA	NA	NA	NA	NA	NA	28250
HIP01255	TRBV5-7	ap01	ap01	ap01	0.46,0.54	1	7,8	5.46272653045863	NA	NA	NA	NA	NA	NA	28250
HIP01255	TRBV6-7	ap01	ap01	ap01	0.46,0.54	1	28,40	19.764084620654	NA	NA	NA	NA	NA	NA	28250
HIP01255	TRBV12-5	ap01	ap01	ap01	0.46,0.54	1	78,108	55.9514449437564	NA	NA	NA	NA	NA	NA	28250
HIP01255	TRBV13	ap01	ap01	ap01	0.46,0.54	1	89,66	78.4878696219652	NA	NA	NA	NA	NA	NA	28250
HIP01255	TRBV7-4	ap01	ap01	ap01	0.46,0.54	1	27,24	30.2543667419463	NA	NA	NA	NA	NA	NA	28250
HIP01255	TRBV1	ap01	ap01	ap01	0.46,0.54	1	63,48	57.6338351608089	NA	NA	NA	NA	NA	NA	28250
HIP01255	TRBV16	ap01	ap01	ap01	0.46,0.54	1	3,6	1.67040445910282	NA	NA	NA	NA	NA	NA	28250
HIP01255	TRBV6-8	ap01	ap01	ap01	0.46,0.54	1	9,11	6.83718219084141	NA	NA	NA	NA	NA	NA	28250
HIP01255	TRBV7-1	ap01_G291C_T296C,ap01_G291C_T296C_C314T	ap01_G291C_T296C	ap01_G291C_T296C,ap01_G291C_T296C_C314T	0.46,0.54	0.47,0.53	3,6	0.494604613110383	10,0	2.85813708101073	NA	NA	NA	NA	28250
HIP01255	TRBV17	Unk	Unk	NA	NA	NA	NA	NA	NA	NA	NA	NA	NA	NA	28250
HIP01255	TRBV26	Unk	Unk	NA	NA	NA	NA	NA	NA	NA	NA	NA	NA	NA	28250
