subject	gene	TRBD2_01	TRBD2_02	alleles	proirs_row	proirs_col	counts1	k1	counts2	k2	counts3	k3	counts4	k4	TOTAL
Keck0054_MC1	TRBV11-2	ap01	ap01	ap01	0.44,0.56	1	158,250	106.279455469737	NA	NA	NA	NA	NA	NA	18695
Keck0054_MC1	TRBV3-12	ap01	ap01	ap01	0.44,0.56	1	484,491	39.2777328817935	NA	NA	NA	NA	NA	NA	18695
Keck0054_MC1	TRBV7-6	ap01	ap01	ap01	0.44,0.56	1	113,167	78.8952544746237	NA	NA	NA	NA	NA	NA	18695
Keck0054_MC1	TRBV7-2	ap01	ap01	ap01	0.44,0.56	1	399,379	48.5150764667573	NA	NA	NA	NA	NA	NA	18695
Keck0054_MC1	TRBV28	Del	ap01	ap01	0.44,0.56	1	116,613	27.0024718603318	NA	NA	NA	NA	NA	NA	18695
Keck0054_MC1	TRBV10-3	ap01	ap01	ap01	0.44,0.56	1	143,174	108.972097008918	NA	NA	NA	NA	NA	NA	18695
Keck0054_MC1	TRBV2	ap01	ap01	ap01	0.44,0.56	1	363,401	286.573447552662	NA	NA	NA	NA	NA	NA	18695
Keck0054_MC1	TRBV27	ap01	ap01	ap01	0.44,0.56	1	270,492	165.772604271892	NA	NA	NA	NA	NA	NA	18695
Keck0054_MC1	TRBV6-23	ap01	ap01	ap01	0.44,0.56	1	453,601	33.3026592502679	NA	NA	NA	NA	NA	NA	18695
Keck0054_MC1	TRBV20-1	ap01,ap02	ap01,ap02	ap01,ap02	0.44,0.56	0.85,0.15	452,441	38.3349546432058	80,79	68.9656358031134	NA	NA	NA	NA	18695
Keck0054_MC1	TRBV24-1	ap01	ap01	ap01	0.44,0.56	1	121,181	83.9483403635374	NA	NA	NA	NA	NA	NA	18695
Keck0054_MC1	TRBV6-4	ap01	ap01	ap01	0.44,0.56	1	126,155	95.6052008719691	NA	NA	NA	NA	NA	NA	18695
Keck0054_MC1	TRBV5-4	ap01	ap01	ap01	0.44,0.56	1	197,310	132.930921842359	NA	NA	NA	NA	NA	NA	18695
Keck0054_MC1	TRBV30	ap01	ap01	ap01	0.44,0.56	1	178,255	126.249161698088	NA	NA	NA	NA	NA	NA	18695
Keck0054_MC1	TRBV29-1	ap01,ap02	ap01,ap02	ap01,ap02	0.44,0.56	0.85,0.15	132,203	38.1496821605153	26,32	9.40056381856296	NA	NA	NA	NA	18695
Keck0054_MC1	TRBV9	ap01	ap01	ap01	0.44,0.56	1	369,453	280.213757052621	NA	NA	NA	NA	NA	NA	18695
Keck0054_MC1	TRBV6-56	ap01,ap02	ap01,ap02	ap01,ap02	0.44,0.56	0.7,0.3	185,260	59.2566954154497	77,116	22.824861869759	NA	NA	NA	NA	18695
Keck0054_MC1	TRBV5-1	ap01	ap01	ap01	0.44,0.56	1	463,671	32.6503214728204	NA	NA	NA	NA	NA	NA	18695
Keck0054_MC1	TRBV25-1	ap01	ap01	ap01	0.44,0.56	1	81,95	62.5959730555381	NA	NA	NA	NA	NA	NA	18695
Keck0054_MC1	TRBV1	ap01	ap01	ap01	0.44,0.56	1	35,59	22.6575251269522	NA	NA	NA	NA	NA	NA	18695
Keck0054_MC1	TRBV5-6	ap01	ap01	ap01	0.44,0.56	1	184,208	144.101543168068	NA	NA	NA	NA	NA	NA	18695
Keck0054_MC1	TRBV4-2	ap01	ap01	ap01	0.44,0.56	1	284,233	285.164678848388	NA	NA	NA	NA	NA	NA	18695
Keck0054_MC1	TRBV5-5	ap01	ap01	ap01	0.44,0.56	1	28,47	18.1749333782689	NA	NA	NA	NA	NA	NA	18695
Keck0054_MC1	TRBV6-1	ap01	ap01	ap01	0.44,0.56	1	150,153	121.525379414275	NA	NA	NA	NA	NA	NA	18695
Keck0054_MC1	TRBV18	ap01	ap01	ap01	0.44,0.56	1	119,158	87.4541133702524	NA	NA	NA	NA	NA	NA	18695
Keck0054_MC1	TRBV7-8	ap01,ap03	ap03	ap01,ap03	0.44,0.56	0.52,0.48	73,3	18.5055330154712	52,19	6.69520141660815	NA	NA	NA	NA	18695
Keck0054_MC1	TRBV4-3	ap01	ap01	ap01	0.44,0.56	1	252,291	195.857163031114	NA	NA	NA	NA	NA	NA	18695
Keck0054_MC1	TRBV12-34	ap01	ap01	ap01	0.44,0.56	1	365,297	36.2481138997064	NA	NA	NA	NA	NA	NA	18695
Keck0054_MC1	TRBV4-1	ap01	ap01	ap01	0.44,0.56	1	213,240	167.004599206671	NA	NA	NA	NA	NA	NA	18695
Keck0054_MC1	TRBV14	ap01	ap01	ap01	0.44,0.56	1	58,120	32.1103945992161	NA	NA	NA	NA	NA	NA	18695
Keck0054_MC1	TRBV5-7	Unk	ap01	ap01	0.44,0.56	1	3,13	0.000482264057973358	NA	NA	NA	NA	NA	NA	18695
Keck0054_MC1	TRBV7-9	ap01	ap01	ap01	0.44,0.56	1	220,289	162.438234764539	NA	NA	NA	NA	NA	NA	18695
Keck0054_MC1	TRBV15	ap02	ap02	ap02	0.44,0.56	1	124,177	88.1054866195839	NA	NA	NA	NA	NA	NA	18695
Keck0054_MC1	TRBV19	ap01	ap01	ap01	0.44,0.56	1	200,299	138.800032783155	NA	NA	NA	NA	NA	NA	18695
Keck0054_MC1	TRBV7-3	ap01	ap01	ap01	0.44,0.56	1	176,252	124.863607034092	NA	NA	NA	NA	NA	NA	18695
Keck0054_MC1	TRBV10-2	ap01	ap01	ap01	0.44,0.56	1	23,79	5.05067456862377	NA	NA	NA	NA	NA	NA	18695
Keck0054_MC1	TRBV13	ap01	ap01	ap01	0.44,0.56	1	119,125	95.5248040269258	NA	NA	NA	NA	NA	NA	18695
Keck0054_MC1	TRBV6-7	ap01	ap01	ap01	0.44,0.56	1	12,22	7.33506244983491	NA	NA	NA	NA	NA	NA	18695
Keck0054_MC1	TRBV21-1	ap01	ap01	ap01	0.44,0.56	1	85,133	57.5409581103926	NA	NA	NA	NA	NA	NA	18695
Keck0054_MC1	TRBV7-7	ap01,ap01_C315T	ap01	ap01,ap01_C315T	0.44,0.56	0.63,0.37	14,35	0.864279590847341	28,1	7.27563205768387	NA	NA	NA	NA	18695
Keck0054_MC1	TRBV12-2	ap01	ap01	ap01	0.44,0.56	1	17,35	9.45383400037981	NA	NA	NA	NA	NA	NA	18695
Keck0054_MC1	TRBV10-1	ap01	ap01	ap01	0.44,0.56	1	56,106	33.415070154111	NA	NA	NA	NA	NA	NA	18695
Keck0054_MC1	TRBV5-3	ap01	ap01	ap01	0.44,0.56	1	27,36	19.8055366898586	NA	NA	NA	NA	NA	NA	18695
Keck0054_MC1	TRBV6-8	ap01	ap01	ap01	0.44,0.56	1	8,15	4.80851950537809	NA	NA	NA	NA	NA	NA	18695
Keck0054_MC1	TRBV5-8	ap01	Unk	ap01	0.44,0.56	1	19,1	4.7917017172962	NA	NA	NA	NA	NA	NA	18695
Keck0054_MC1	TRBV11-1	ap01	ap01	ap01	0.44,0.56	1	40,45	31.3795890329572	NA	NA	NA	NA	NA	NA	18695
Keck0054_MC1	TRBV12-5	ap01	ap01	ap01	0.44,0.56	1	44,34	40.7466286370314	NA	NA	NA	NA	NA	NA	18695
Keck0054_MC1	TRBV11-3	ap01	ap01	ap01	0.44,0.56	1	67,96	47.5166299697824	NA	NA	NA	NA	NA	NA	18695
Keck0054_MC1	TRBV6-9	ap01	Unk	ap01	0.44,0.56	1	9,1	1.40857070359018	NA	NA	NA	NA	NA	NA	18695
Keck0054_MC1	TRBV23-1	ap01	ap01	ap01	0.44,0.56	1	34,55	22.576163753793	NA	NA	NA	NA	NA	NA	18695
Keck0054_MC1	TRBV12-1	ap01	ap01	ap01	0.44,0.56	1	18,15	18.4540723065076	NA	NA	NA	NA	NA	NA	18695
Keck0054_MC1	TRBV7-1	ap01_G291C_T296C,ap01_G291C_T296C_C314T	ap01_G291C_T296C_C314T	ap01_G291C_T296C,ap01_G291C_T296C_C314T	0.44,0.56	0.33,0.67	4,0	1.20776842093835	3,5	0.775768917182929	NA	NA	NA	NA	18695
Keck0054_MC1	TRBV7-4	ap01	ap01	ap01	0.44,0.56	1	7,19	2.77062706393441	NA	NA	NA	NA	NA	NA	18695
Keck0054_MC1	TRBV16	ap01	ap01	ap01	0.44,0.56	1	1,3	0.325927756694756	NA	NA	NA	NA	NA	NA	18695
Keck0054_MC1	TRBV17	Unk	Unk	NA	NA	NA	NA	NA	NA	NA	NA	NA	NA	NA	18695
Keck0054_MC1	TRBV26	Unk	Unk	NA	NA	NA	NA	NA	NA	NA	NA	NA	NA	NA	18695
