subject	gene	TRBD2_01	TRBD2_02	alleles	proirs_row	proirs_col	counts1	k1	counts2	k2	counts3	k3	counts4	k4	TOTAL
HIP12538	TRBV4-1	ap01	ap01	ap01	0.45,0.55	1	330,331	269.135182623463	NA	NA	NA	NA	NA	NA	21991
HIP12538	TRBV7-3	ap01	ap01	ap01	0.45,0.55	1	282,328	218.642149060852	NA	NA	NA	NA	NA	NA	21991
HIP12538	TRBV19	ap01	ap01	ap01	0.45,0.55	1	301,427	214.046429098569	NA	NA	NA	NA	NA	NA	21991
HIP12538	TRBV20-1	ap01	ap01	ap01	0.45,0.55	1	1071,1369	79.938736053042	NA	NA	NA	NA	NA	NA	21991
HIP12538	TRBV7-9	ap01	ap01	ap01	0.45,0.55	1	359,448	270.692104897608	NA	NA	NA	NA	NA	NA	21991
HIP12538	TRBV28	ap01	ap01	ap01	0.45,0.55	1	447,743	290.504614095298	NA	NA	NA	NA	NA	NA	21991
HIP12538	TRBV5-8	ap01	ap01	ap01	0.45,0.55	1	30,55	18.2066035578713	NA	NA	NA	NA	NA	NA	21991
HIP12538	TRBV9	ap01	ap01	ap01	0.45,0.55	1	473,531	37.1543915495427	NA	NA	NA	NA	NA	NA	21991
HIP12538	TRBV14	ap01	ap01	ap01	0.45,0.55	1	82,140	52.3617222894385	NA	NA	NA	NA	NA	NA	21991
HIP12538	TRBV12-5	ap01	ap01	ap01	0.45,0.55	1	62,54	67.5142488326778	NA	NA	NA	NA	NA	NA	21991
HIP12538	TRBV6-56	ap01,ap02	ap01,ap02	ap01,ap02	0.45,0.55	0.73,0.27	257,260	106.301064426205	82,111	27.1115731917277	NA	NA	NA	NA	21991
HIP12538	TRBV15	ap02	ap02	ap02	0.45,0.55	1	123,157	91.862710458992	NA	NA	NA	NA	NA	NA	21991
HIP12538	TRBV3-12	ap01	ap01	ap01	0.45,0.55	1	439,558	32.8458229937037	NA	NA	NA	NA	NA	NA	21991
HIP12538	TRBV4-3	Del	ap01	ap01	0.45,0.55	1	42,332	38.5981586290318	NA	NA	NA	NA	NA	NA	21991
HIP12538	TRBV21-1	ap01	ap01	ap01	0.45,0.55	1	158,224	112.391665680841	NA	NA	NA	NA	NA	NA	21991
HIP12538	TRBV5-5	ap01	ap01	ap01	0.45,0.55	1	50,70	35.7896742103781	NA	NA	NA	NA	NA	NA	21991
HIP12538	TRBV24-1	ap01	ap01	ap01	0.45,0.55	1	154,264	98.0681560396254	NA	NA	NA	NA	NA	NA	21991
HIP12538	TRBV29-1	ap01,ap02	ap01,ap02	ap01,ap02	0.45,0.55	0.85,0.15	150,229	43.2964336723195	28,40	8.74856895988288	NA	NA	NA	NA	21991
HIP12538	TRBV10-3	ap01	ap01	ap01	0.45,0.55	1	207,237	161.439113625517	NA	NA	NA	NA	NA	NA	21991
HIP12538	TRBV6-4	ap01	ap01	ap01	0.45,0.55	1	179,200	140.843985134599	NA	NA	NA	NA	NA	NA	21991
HIP12538	TRBV5-4	ap01	ap01	ap01	0.45,0.55	1	267,337	200.365552255379	NA	NA	NA	NA	NA	NA	21991
HIP12538	TRBV5-1	ap01	ap01	ap01	0.45,0.55	1	683,711	55.0511386439979	NA	NA	NA	NA	NA	NA	21991
HIP12538	TRBV6-23	ap01	ap01	ap01	0.45,0.55	1	172,482	62.4973351631342	NA	NA	NA	NA	NA	NA	21991
HIP12538	TRBV25-1	ap01	ap01	ap01	0.45,0.55	1	86,110	64.1720004165348	NA	NA	NA	NA	NA	NA	21991
HIP12538	TRBV11-2	ap01	ap01	ap01	0.45,0.55	1	175,210	134.060170035742	NA	NA	NA	NA	NA	NA	21991
HIP12538	TRBV7-7	ap01_C315T	ap01	ap01,ap01_C315T	0.45,0.55	0.56,0.44	8,40	4.43419535664151	35,2	7.98406863467962	NA	NA	NA	NA	21991
HIP12538	TRBV1	ap01	ap01	ap01	0.45,0.55	1	43,41	52.6064612386498	NA	NA	NA	NA	NA	NA	21991
HIP12538	TRBV7-6	ap01	ap01	ap01	0.45,0.55	1	112,138	84.893745477792	NA	NA	NA	NA	NA	NA	21991
HIP12538	TRBV4-2	ap01	Unk	ap01	0.45,0.55	1	174,33	3.69799102419232	NA	NA	NA	NA	NA	NA	21991
HIP12538	TRBV12-34	ap01	ap01	ap01	0.45,0.55	1	423,375	47.1344505743503	NA	NA	NA	NA	NA	NA	21991
HIP12538	TRBV6-1	ap01	ap01	ap01	0.45,0.55	1	150,102	116.663908095462	NA	NA	NA	NA	NA	NA	21991
HIP12538	TRBV23-1	ap01	ap01	ap01	0.45,0.55	1	44,81	26.6192441677406	NA	NA	NA	NA	NA	NA	21991
HIP12538	TRBV27	ap01	ap01	ap01	0.45,0.55	1	352,558	235.573036969002	NA	NA	NA	NA	NA	NA	21991
HIP12538	TRBV2	ap01	ap01	ap01	0.45,0.55	1	363,303	37.3838840750211	NA	NA	NA	NA	NA	NA	21991
HIP12538	TRBV18	ap01	ap01	ap01	0.45,0.55	1	140,185	102.97564245459	NA	NA	NA	NA	NA	NA	21991
HIP12538	TRBV13	ap01	ap01	ap01	0.45,0.55	1	69,98	49.037897998345	NA	NA	NA	NA	NA	NA	21991
HIP12538	TRBV5-6	ap01	ap01	ap01	0.45,0.55	1	154,175	120.43591651529	NA	NA	NA	NA	NA	NA	21991
HIP12538	TRBV5-3	ap01	ap01	ap01	0.45,0.55	1	31,72	15.0017558800522	NA	NA	NA	NA	NA	NA	21991
HIP12538	TRBV10-1	ap01	ap01	ap01	0.45,0.55	1	94,115	71.4565518289495	NA	NA	NA	NA	NA	NA	21991
HIP12538	TRBV11-3	ap01	ap01	ap01	0.45,0.55	1	79,113	55.9445096890087	NA	NA	NA	NA	NA	NA	21991
HIP12538	TRBV7-2	ap01	ap01	ap01	0.45,0.55	1	334,457	241.739049130293	NA	NA	NA	NA	NA	NA	21991
HIP12538	TRBV7-8	ap01,ap03	ap01,ap03	ap01,ap03	0.45,0.55	0.62,0.38	90,95	36.267599351638	53,60	20.3733738139127	NA	NA	NA	NA	21991
HIP12538	TRBV30	ap02	Del	ap02	0.45,0.55	1	192,9	48.7510556298231	NA	NA	NA	NA	NA	NA	21991
HIP12538	TRBV12-2	ap01	ap01	ap01	0.45,0.55	1	21,32	14.3782229746877	NA	NA	NA	NA	NA	NA	21991
HIP12538	TRBV11-1	ap01	ap01	ap01	0.45,0.55	1	36,41	28.1310030547447	NA	NA	NA	NA	NA	NA	21991
HIP12538	TRBV12-1	ap01	ap01	ap01	0.45,0.55	1	17,17	22.0863375824787	NA	NA	NA	NA	NA	NA	21991
HIP12538	TRBV10-2	ap01	ap01	ap01	0.45,0.55	1	28,30	22.3543905508018	NA	NA	NA	NA	NA	NA	21991
HIP12538	TRBV6-8	ap01	ap01	ap01	0.45,0.55	1	10,10	12.991963283811	NA	NA	NA	NA	NA	NA	21991
HIP12538	TRBV7-1	ap01_T296C	ap01_T296C	ap01_T296C	0.45,0.55	1	3,2	2.26809854427448	NA	NA	NA	NA	NA	NA	21991
HIP12538	TRBV6-7	ap01	ap01	ap01	0.45,0.55	1	17,20	13.123517206894	NA	NA	NA	NA	NA	NA	21991
HIP12538	TRBV6-9	ap01	ap01	ap01	0.45,0.55	1	8,16	4.51999674688306	NA	NA	NA	NA	NA	NA	21991
HIP12538	TRBV7-4	ap01	ap01	ap01	0.45,0.55	1	20,14	16.2069839224091	NA	NA	NA	NA	NA	NA	21991
HIP12538	TRBV5-7	ap01	ap01	ap01	0.45,0.55	1	2,4	1.12999918672076	NA	NA	NA	NA	NA	NA	21991
HIP12538	TRBV16	Unk	ap01	ap01	0.45,0.55	1	0,4	1.00529260564787	NA	NA	NA	NA	NA	NA	21991
HIP12538	TRBV17	Unk	Unk	NA	NA	NA	NA	NA	NA	NA	NA	NA	NA	NA	21991
HIP12538	TRBV26	Unk	Unk	NA	NA	NA	NA	NA	NA	NA	NA	NA	NA	NA	21991
