subject	gene	TRBD2_01	TRBD2_02	alleles	proirs_row	proirs_col	counts1	k1	counts2	k2	counts3	k3	counts4	k4	TOTAL
HIP13695	TRBV29-1	ap01,ap02	ap01,ap02	ap01,ap02	0.43,0.57	0.89,0.11	59,43	32.8118303979761	7,5	3.77276581446931	NA	NA	NA	NA	7138
HIP13695	TRBV30	ap01	ap01	ap01	0.43,0.57	1	140,31	2.94336844133704	NA	NA	NA	NA	NA	NA	7138
HIP13695	TRBV1	ap01	ap01	ap01	0.43,0.57	1	16,26	10.6148491033114	NA	NA	NA	NA	NA	NA	7138
HIP13695	TRBV4-2	ap01	ap01	ap01	0.43,0.57	1	121,112	142.218604614519	NA	NA	NA	NA	NA	NA	7138
HIP13695	TRBV24-1	ap01	ap01	ap01	0.43,0.57	1	68,101	47.4080871984223	NA	NA	NA	NA	NA	NA	7138
HIP13695	TRBV12-34	ap01	ap01	ap01	0.43,0.57	1	170,210	128.787227116827	NA	NA	NA	NA	NA	NA	7138
HIP13695	TRBV19	ap01	ap01	ap01	0.43,0.57	1	132,218	86.7269867041378	NA	NA	NA	NA	NA	NA	7138
HIP13695	TRBV9	ap01	ap01	ap01	0.43,0.57	1	113,206	69.5620934609071	NA	NA	NA	NA	NA	NA	7138
HIP13695	TRBV5-4	ap01	ap01	ap01	0.43,0.57	1	55,54	69.7115525375933	NA	NA	NA	NA	NA	NA	7138
HIP13695	TRBV5-6	ap01	ap01	ap01	0.43,0.57	1	41,60	28.8009963666498	NA	NA	NA	NA	NA	NA	7138
HIP13695	TRBV7-8	ap01,ap03	ap01,ap03	ap01,ap03	0.43,0.57	0.71,0.29	23,30	7.93067506251372	14,8	5.18232171822404	NA	NA	NA	NA	7138
HIP13695	TRBV7-2	ap01	ap01	ap01	0.43,0.57	1	121,197	80.1842050868444	NA	NA	NA	NA	NA	NA	7138
HIP13695	TRBV20-1	ap01,ap02	ap01,ap02	ap01,ap02	0.43,0.57	0.85,0.15	200,319	55.3965857208024	36,58	9.83603176202858	NA	NA	NA	NA	7138
HIP13695	TRBV11-2	ap01	ap01	ap01	0.43,0.57	1	32,61	19.0555080398712	NA	NA	NA	NA	NA	NA	7138
HIP13695	TRBV7-7	ap01	ap01	ap01	0.43,0.57	1	18,19	14.4178662644702	NA	NA	NA	NA	NA	NA	7138
HIP13695	TRBV7-6	ap01	ap01	ap01	0.43,0.57	1	48,46	58.9913060648207	NA	NA	NA	NA	NA	NA	7138
HIP13695	TRBV7-3	ap03	ap01	ap01,ap03	0.43,0.57	0.84,0.16	19,120	15.6693023319943	25,2	5.26271495470376	NA	NA	NA	NA	7138
HIP13695	TRBV7-9	ap01	ap01	ap01	0.43,0.57	1	89,129	62.8197338433356	NA	NA	NA	NA	NA	NA	7138
HIP13695	TRBV5-1	ap01	ap01	ap01	0.43,0.57	1	252,202	244.954499010405	NA	NA	NA	NA	NA	NA	7138
HIP13695	TRBV4-3	ap01	ap01	ap01	0.43,0.57	1	35,148	1.2063069751338	NA	NA	NA	NA	NA	NA	7138
HIP13695	TRBV28	ap01	ap01	ap01	0.43,0.57	1	141,205	99.3713952532519	NA	NA	NA	NA	NA	NA	7138
HIP13695	TRBV27	ap01	ap01	ap01	0.43,0.57	1	81,134	53.1639289581767	NA	NA	NA	NA	NA	NA	7138
HIP13695	TRBV6-9	ap01	ap01	ap01	0.43,0.57	1	3,6	1.71851043602694	NA	NA	NA	NA	NA	NA	7138
HIP13695	TRBV4-1	ap01	ap01	ap01	0.43,0.57	1	66,49	57.7539199131505	NA	NA	NA	NA	NA	NA	7138
HIP13695	TRBV12-2	ap01	ap01	ap01	0.43,0.57	1	6,10	3.92017424244312	NA	NA	NA	NA	NA	NA	7138
HIP13695	TRBV11-3	ap01	ap01	ap01	0.43,0.57	1	24,37	16.4054270253563	NA	NA	NA	NA	NA	NA	7138
HIP13695	TRBV18	ap01	ap01	ap01	0.43,0.57	1	112,156	80.5849375382399	NA	NA	NA	NA	NA	NA	7138
HIP13695	TRBV21-1	ap01	ap01	ap01	0.43,0.57	1	12,13	9.53138528124859	NA	NA	NA	NA	NA	NA	7138
HIP13695	TRBV6-23	ap01	ap01	ap01	0.43,0.57	1	65,206	18.8745647057924	NA	NA	NA	NA	NA	NA	7138
HIP13695	TRBV6-1	ap01	ap01	ap01	0.43,0.57	1	65,60	76.1274757173722	NA	NA	NA	NA	NA	NA	7138
HIP13695	TRBV12-1	ap01	Unk	ap01	0.43,0.57	1	6,1	0.412462050556725	NA	NA	NA	NA	NA	NA	7138
HIP13695	TRBV15	ap02	ap02	ap02	0.43,0.57	1	33,55	21.5609583334371	NA	NA	NA	NA	NA	NA	7138
HIP13695	TRBV2	ap01	ap01	ap01	0.43,0.57	1	74,65	81.2461118163387	NA	NA	NA	NA	NA	NA	7138
HIP13695	TRBV6-56	ap01,ap02	ap01,ap02	ap01,ap02	0.43,0.57	0.72,0.28	117,136	44.2189438388032	49,49	42.9518300762872	NA	NA	NA	NA	7138
HIP13695	TRBV14	ap01	ap01	ap01	0.43,0.57	1	29,52	18.0617276594281	NA	NA	NA	NA	NA	NA	7138
HIP13695	TRBV25-1	ap01	ap01	ap01	0.43,0.57	1	26,36	18.7589840753474	NA	NA	NA	NA	NA	NA	7138
HIP13695	TRBV12-5	ap01	ap01	ap01	0.43,0.57	1	7,15	3.76828099886823	NA	NA	NA	NA	NA	NA	7138
HIP13695	TRBV11-1	ap01	ap01	ap01	0.43,0.57	1	5,9	3.10576074523952	NA	NA	NA	NA	NA	NA	7138
HIP13695	TRBV5-3	ap01	ap01	ap01	0.43,0.57	1	7,17	3.28512762847899	NA	NA	NA	NA	NA	NA	7138
HIP13695	TRBV23-1	ap01	ap01	ap01	0.43,0.57	1	14,19	10.1939055348773	NA	NA	NA	NA	NA	NA	7138
HIP13695	TRBV10-1	ap01	ap01	ap01	0.43,0.57	1	19,30	12.8165129097276	NA	NA	NA	NA	NA	NA	7138
HIP13695	TRBV13	ap01	ap01	ap01	0.43,0.57	1	23,32	16.5573202689312	NA	NA	NA	NA	NA	NA	7138
HIP13695	TRBV6-7	ap01	ap01	ap01	0.43,0.57	1	9,10	7.08814478963778	NA	NA	NA	NA	NA	NA	7138
HIP13695	TRBV3-12	ap01	ap01	ap01	0.43,0.57	1	112,93	114.150651816346	NA	NA	NA	NA	NA	NA	7138
HIP13695	TRBV5-7	ap01	ap01	ap01	0.43,0.57	1	4,2	1.91067450907708	NA	NA	NA	NA	NA	NA	7138
HIP13695	TRBV10-2	ap01	ap01	ap01	0.43,0.57	1	8,12	5.54900123685032	NA	NA	NA	NA	NA	NA	7138
HIP13695	TRBV5-5	ap01	ap01	ap01	0.43,0.57	1	12,9	10.6497342484897	NA	NA	NA	NA	NA	NA	7138
HIP13695	TRBV5-8	ap01	ap01	ap01	0.43,0.57	1	13,13	16.8647320505606	NA	NA	NA	NA	NA	NA	7138
HIP13695	TRBV10-3	ap01	ap01	ap01	0.43,0.57	1	67,58	72.1651022506522	NA	NA	NA	NA	NA	NA	7138
HIP13695	TRBV6-4	ap01	ap01	ap01	0.43,0.57	1	35,38	27.7797423465422	NA	NA	NA	NA	NA	NA	7138
HIP13695	TRBV7-4	ap01	ap01	ap01	0.43,0.57	1	3,11	0.51062701005383	NA	NA	NA	NA	NA	NA	7138
HIP13695	TRBV6-8	ap01	ap01	ap01	0.43,0.57	1	2,8	0.179366883239473	NA	NA	NA	NA	NA	NA	7138
HIP13695	TRBV16	ap01	ap01	ap01	0.43,0.57	1	2,1	0.955337254538538	NA	NA	NA	NA	NA	NA	7138
HIP13695	TRBV7-1	ap01_G291C_T296C_C314T	Unk	ap01_G291C_T296C_C314T	0.43,0.57	1	1,0	0.341949826273816	NA	NA	NA	NA	NA	NA	7138
HIP13695	TRBV17	Unk	Unk	NA	NA	NA	NA	NA	NA	NA	NA	NA	NA	NA	7138
HIP13695	TRBV26	Unk	Unk	NA	NA	NA	NA	NA	NA	NA	NA	NA	NA	NA	7138
