subject	gene	TRBD2_01	TRBD2_02	alleles	proirs_row	proirs_col	counts1	k1	counts2	k2	counts3	k3	counts4	k4	TOTAL
HIP13396	TRBV20-1	ap01,ap02	ap01,ap02	ap01,ap02	0.48,0.52	0.87,0.13	669,750	256.420473252151	94,120	32.0871081386504	NA	NA	NA	NA	30627
HIP13396	TRBV3-12	ap01	ap01	ap01	0.48,0.52	1	857,753	94.9067040170773	NA	NA	NA	NA	NA	NA	30627
HIP13396	TRBV6-56	ap01,ap02	ap01,ap02	ap01,ap02	0.48,0.52	0.71,0.29	381,392	155.506260042794	164,150	127.739314635975	NA	NA	NA	NA	30627
HIP13396	TRBV9	ap01	ap01	ap01	0.48,0.52	1	604,418	48.842740433572	NA	NA	NA	NA	NA	NA	30627
HIP13396	TRBV7-4	ap01	ap01	ap01	0.48,0.52	1	24,35	16.5771643068701	NA	NA	NA	NA	NA	NA	30627
HIP13396	TRBV27	ap01	ap01	ap01	0.48,0.52	1	556,728	40.7198362298876	NA	NA	NA	NA	NA	NA	30627
HIP13396	TRBV14	ap01	ap01	ap01	0.48,0.52	1	102,179	61.9948574834053	NA	NA	NA	NA	NA	NA	30627
HIP13396	TRBV5-6	ap01	ap01	ap01	0.48,0.52	1	234,263	183.506545602794	NA	NA	NA	NA	NA	NA	30627
HIP13396	TRBV5-1	ap01	ap01	ap01	0.48,0.52	1	977,1116	76.1168828222053	NA	NA	NA	NA	NA	NA	30627
HIP13396	TRBV6-7	ap01	ap01	ap01	0.48,0.52	1	24,37	16.0179516906194	NA	NA	NA	NA	NA	NA	30627
HIP13396	TRBV4-3	ap01	Del	ap01	0.48,0.52	1	392,23	80.5627593733114	NA	NA	NA	NA	NA	NA	30627
HIP13396	TRBV6-4	ap01	ap01	ap01	0.48,0.52	1	162,225	115.041430037784	NA	NA	NA	NA	NA	NA	30627
HIP13396	TRBV2	ap01	ap01	ap01	0.48,0.52	1	511,558	40.5300087634081	NA	NA	NA	NA	NA	NA	30627
HIP13396	TRBV5-5	ap01	ap01	ap01	0.48,0.52	1	82,94	63.7919060980138	NA	NA	NA	NA	NA	NA	30627
HIP13396	TRBV13	ap01	ap01	ap01	0.48,0.52	1	106,130	80.0894640967585	NA	NA	NA	NA	NA	NA	30627
HIP13396	TRBV6-23	ap01	ap01	ap01	0.48,0.52	1	745,261	194.813206911706	NA	NA	NA	NA	NA	NA	30627
HIP13396	TRBV12-34	ap01	ap01	ap01	0.48,0.52	1	541,580	43.2102980219396	NA	NA	NA	NA	NA	NA	30627
HIP13396	TRBV15	ap02	ap02	ap02	0.48,0.52	1	221,239	175.936930073372	NA	NA	NA	NA	NA	NA	30627
HIP13396	TRBV24-1	ap01	ap01	ap01	0.48,0.52	1	353,528	240.129325027059	NA	NA	NA	NA	NA	NA	30627
HIP13396	TRBV10-3	ap01	ap01	ap01	0.48,0.52	1	382,419	302.462169597995	NA	NA	NA	NA	NA	NA	30627
HIP13396	TRBV7-2	ap01	ap01	ap01	0.48,0.52	1	856,307	235.228057067328	NA	NA	NA	NA	NA	NA	30627
HIP13396	TRBV10-1	ap01	ap01	ap01	0.48,0.52	1	185,266	128.842482117099	NA	NA	NA	NA	NA	NA	30627
HIP13396	TRBV19	ap01	ap01	ap01	0.48,0.52	1	574,626	45.5490744546109	NA	NA	NA	NA	NA	NA	30627
HIP13396	TRBV25-1	ap01	ap01	ap01	0.48,0.52	1	91,129	63.8919547228475	NA	NA	NA	NA	NA	NA	30627
HIP13396	TRBV11-1	ap01	ap01	ap01	0.48,0.52	1	12,38	2.55665283686481	NA	NA	NA	NA	NA	NA	30627
HIP13396	TRBV12-5	ap01	ap01	ap01	0.48,0.52	1	69,98	48.3933139410807	NA	NA	NA	NA	NA	NA	30627
HIP13396	TRBV5-4	ap01	ap01	ap01	0.48,0.52	1	444,503	34.7080651201214	NA	NA	NA	NA	NA	NA	30627
HIP13396	TRBV4-1	ap01	ap01	ap01	0.48,0.52	1	378,418	298.347878390911	NA	NA	NA	NA	NA	NA	30627
HIP13396	TRBV7-3	ap02	ap01	ap01,ap02	0.48,0.52	0.74,0.26	53,407	73.4139814920566	159,5	36.9882670654717	NA	NA	NA	NA	30627
HIP13396	TRBV30	ap01	ap01	ap01	0.48,0.52	1	106,341	21.0925330823038	NA	NA	NA	NA	NA	NA	30627
HIP13396	TRBV18	ap01	ap01	ap01	0.48,0.52	1	317,371	244.482437765855	NA	NA	NA	NA	NA	NA	30627
HIP13396	TRBV10-2	ap01	ap01	ap01	0.48,0.52	1	113,151	81.9070522777426	NA	NA	NA	NA	NA	NA	30627
HIP13396	TRBV7-6	ap01	ap01	ap01	0.48,0.52	1	171,200	131.91785715014	NA	NA	NA	NA	NA	NA	30627
HIP13396	TRBV7-8	ap01,ap03	ap01,ap03	ap01,ap03	0.48,0.52	0.63,0.37	111,109	95.0196421083539	74,57	45.4031445172309	NA	NA	NA	NA	30627
HIP13396	TRBV28	ap01	ap01	ap01	0.48,0.52	1	708,1019	49.2801032212361	NA	NA	NA	NA	NA	NA	30627
HIP13396	TRBV21-1	ap01	ap01	ap01	0.48,0.52	1	222,331	151.31162410464	NA	NA	NA	NA	NA	NA	30627
HIP13396	TRBV7-7	ap01_C315T	ap01	ap01,ap01_C315T	0.48,0.52	0.58,0.42	11,84	15.1096672076086	65,4	12.8807804533917	NA	NA	NA	NA	30627
HIP13396	TRBV7-9	ap01	ap01	ap01	0.48,0.52	1	468,563	35.666765780495	NA	NA	NA	NA	NA	NA	30627
HIP13396	TRBV6-1	ap01	ap01	ap01	0.48,0.52	1	149,226	100.481656805227	NA	NA	NA	NA	NA	NA	30627
HIP13396	TRBV7-1	ap01_T296C_C314T	ap01	ap01,ap01_T296C_C314T	0.48,0.52	0.67,0.33	0,2	0.539314752749501	1,0	0.268646835996554	NA	NA	NA	NA	30627
HIP13396	TRBV5-3	ap01	ap01	ap01	0.48,0.52	1	54,59	42.820844275934	NA	NA	NA	NA	NA	NA	30627
HIP13396	TRBV4-2	ap01	ap01	ap01	0.48,0.52	1	89,279	19.7540597464359	NA	NA	NA	NA	NA	NA	30627
HIP13396	TRBV11-2	ap01	ap01	ap01	0.48,0.52	1	347,371	277.436669129928	NA	NA	NA	NA	NA	NA	30627
HIP13396	TRBV29-1	ap01,ap02	ap01,ap02	ap01,ap02	0.48,0.52	0.85,0.15	225,291	75.788729999571	35,58	8.35572074076144	NA	NA	NA	NA	30627
HIP13396	TRBV12-2	ap01	ap01	ap01	0.48,0.52	1	32,60	18.3748016341551	NA	NA	NA	NA	NA	NA	30627
HIP13396	TRBV23-1	ap01	ap01	ap01	0.48,0.52	1	71,92	52.2679005474378	NA	NA	NA	NA	NA	NA	30627
HIP13396	TRBV11-3	ap01	ap01	ap01	0.48,0.52	1	142,183	104.815407403001	NA	NA	NA	NA	NA	NA	30627
HIP13396	TRBV5-8	ap01	ap01	ap01	0.48,0.52	1	75,73	94.4282095031247	NA	NA	NA	NA	NA	NA	30627
HIP13396	TRBV16	ap01	ap01	ap01	0.48,0.52	1	5,7	3.53512773713451	NA	NA	NA	NA	NA	NA	30627
HIP13396	TRBV6-9	ap01	ap01	ap01	0.48,0.52	1	18,25	12.7823811153093	NA	NA	NA	NA	NA	NA	30627
HIP13396	TRBV12-1	ap01	ap01	ap01	0.48,0.52	1	24,40	15.1791327662432	NA	NA	NA	NA	NA	NA	30627
HIP13396	TRBV6-8	ap01	ap01	ap01	0.48,0.52	1	14,22	9.22730252447572	NA	NA	NA	NA	NA	NA	30627
HIP13396	TRBV1	ap01	ap01	ap01	0.48,0.52	1	74,68	86.7216387122172	NA	NA	NA	NA	NA	NA	30627
HIP13396	TRBV5-7	ap01	ap01	ap01	0.48,0.52	1	10,13	7.3498617823944	NA	NA	NA	NA	NA	NA	30627
HIP13396	TRBV17	Unk	Unk	NA	NA	NA	NA	NA	NA	NA	NA	NA	NA	NA	30627
HIP13396	TRBV26	Unk	Unk	NA	NA	NA	NA	NA	NA	NA	NA	NA	NA	NA	30627
