subject	gene	TRBD2_01	TRBD2_02	alleles	proirs_row	proirs_col	counts1	k1	counts2	k2	counts3	k3	counts4	k4	TOTAL
HIP14034	TRBV6-23	ap01	ap01	ap01	0.5,0.5	1	589,247	224.787096525029	NA	NA	NA	NA	NA	NA	20866
HIP14034	TRBV10-3	ap01	ap01	ap01	0.5,0.5	1	191,272	132.293298545711	NA	NA	NA	NA	NA	NA	20866
HIP14034	TRBV4-3	ap01	Del	ap01	0.5,0.5	1	365,10	87.314692259665	NA	NA	NA	NA	NA	NA	20866
HIP14034	TRBV4-1	ap01	ap01	ap01	0.5,0.5	1	376,340	43.2296082219224	NA	NA	NA	NA	NA	NA	20866
HIP14034	TRBV10-2	ap01	ap01	ap01	0.5,0.5	1	99,132	71.2375447287933	NA	NA	NA	NA	NA	NA	20866
HIP14034	TRBV5-1	ap01	Del	ap01	0.5,0.5	1	716,107	32.8648865075607	NA	NA	NA	NA	NA	NA	20866
HIP14034	TRBV25-1	ap01	ap01	ap01	0.5,0.5	1	74,124	45.7289532034109	NA	NA	NA	NA	NA	NA	20866
HIP14034	TRBV2	ap01	ap01	ap01	0.5,0.5	1	448,514	34.7102459944738	NA	NA	NA	NA	NA	NA	20866
HIP14034	TRBV20-1	ap01,ap02	ap01,ap02	ap01,ap02	0.5,0.5	0.88,0.12	452,547	160.017515020157	63,72	23.5164197869989	NA	NA	NA	NA	20866
HIP14034	TRBV24-1	ap01	ap01	ap01	0.5,0.5	1	245,330	175.305550694072	NA	NA	NA	NA	NA	NA	20866
HIP14034	TRBV4-2	ap01	ap01	ap01	0.5,0.5	1	98,274	27.9744946489971	NA	NA	NA	NA	NA	NA	20866
HIP14034	TRBV6-56	ap01,ap02	ap01,ap02	ap01,ap02	0.5,0.5	0.72,0.28	290,353	102.080124251243	114,133	41.7771560933221	NA	NA	NA	NA	20866
HIP14034	TRBV7-6	ap01	ap01	ap01	0.5,0.5	1	153,147	189.607617291886	NA	NA	NA	NA	NA	NA	20866
HIP14034	TRBV5-4	ap01	ap01	ap01	0.5,0.5	1	352,338	43.5910858353279	NA	NA	NA	NA	NA	NA	20866
HIP14034	TRBV11-2	ap01	ap01	ap01	0.5,0.5	1	141,187	101.75634837083	NA	NA	NA	NA	NA	NA	20866
HIP14034	TRBV12-2	ap01	ap01	ap01	0.5,0.5	1	32,50	20.8496339764725	NA	NA	NA	NA	NA	NA	20866
HIP14034	TRBV7-2	ap01	ap01	ap01	0.5,0.5	1	790,291	237.677308880842	NA	NA	NA	NA	NA	NA	20866
HIP14034	TRBV6-4	ap01	ap01	ap01	0.5,0.5	1	110,170	72.2271448614036	NA	NA	NA	NA	NA	NA	20866
HIP14034	TRBV19	ap01	ap01	ap01	0.5,0.5	1	282,413	191.936912942248	NA	NA	NA	NA	NA	NA	20866
HIP14034	TRBV21-1	ap01	ap01	ap01	0.5,0.5	1	101,234	43.1930667711188	NA	NA	NA	NA	NA	NA	20866
HIP14034	TRBV6-1	ap01	ap01	ap01	0.5,0.5	1	130,230	76.724735731747	NA	NA	NA	NA	NA	NA	20866
HIP14034	TRBV18	ap01	ap01	ap01	0.5,0.5	1	158,237	105.876115579838	NA	NA	NA	NA	NA	NA	20866
HIP14034	TRBV3-12	ap01	ap01	ap01	0.5,0.5	1	470,373	45.8002174374647	NA	NA	NA	NA	NA	NA	20866
HIP14034	TRBV10-1	ap01	ap01	ap01	0.5,0.5	1	124,165	89.3257620237827	NA	NA	NA	NA	NA	NA	20866
HIP14034	TRBV28	ap01	ap01	ap01	0.5,0.5	1	482,173	137.811063071539	NA	NA	NA	NA	NA	NA	20866
HIP14034	TRBV7-9	ap01	ap01	ap01	0.5,0.5	1	290,397	205.608548059014	NA	NA	NA	NA	NA	NA	20866
HIP14034	TRBV15	ap02	ap02	ap02	0.5,0.5	1	105,116	82.6785309432307	NA	NA	NA	NA	NA	NA	20866
HIP14034	TRBV5-6	ap01	ap01	ap01	0.5,0.5	1	207,199	256.714305585853	NA	NA	NA	NA	NA	NA	20866
HIP14034	TRBV5-3	ap01	ap01	ap01	0.5,0.5	1	33,50	21.9649584276368	NA	NA	NA	NA	NA	NA	20866
HIP14034	TRBV30	ap01	ap01	ap01	0.5,0.5	1	220,67	43.9524850936628	NA	NA	NA	NA	NA	NA	20866
HIP14034	TRBV7-7	ap01_C315T	ap01_C315T	ap01_C315T	0.5,0.5	1	59,88	39.6844253277119	NA	NA	NA	NA	NA	NA	20866
HIP14034	TRBV12-34	ap01	ap01	ap01	0.5,0.5	1	380,578	252.264239235758	NA	NA	NA	NA	NA	NA	20866
HIP14034	TRBV7-3	ap02	ap01	ap01,ap02	0.5,0.5	0.77,0.23	36,228	40.0086762160091	77,1	18.4348540575722	NA	NA	NA	NA	20866
HIP14034	TRBV5-5	ap01	ap01	ap01	0.5,0.5	1	29,46	18.6909204998424	NA	NA	NA	NA	NA	NA	20866
HIP14034	TRBV27	ap01	ap01	ap01	0.5,0.5	1	357,440	267.572242610748	NA	NA	NA	NA	NA	NA	20866
HIP14034	TRBV6-8	ap01	ap01	ap01	0.5,0.5	1	4,14	0.305888235637248	NA	NA	NA	NA	NA	NA	20866
HIP14034	TRBV9	ap01	ap01	ap01	0.5,0.5	1	470,487	37.9653602039177	NA	NA	NA	NA	NA	NA	20866
HIP14034	TRBV12-5	ap01	ap01	ap01	0.5,0.5	1	47,95	24.22282712923	NA	NA	NA	NA	NA	NA	20866
HIP14034	TRBV29-1	ap01,ap02	ap01,ap02	ap01,ap02	0.5,0.5	0.81,0.19	135,239	26.1615545558655	41,45	15.8355340835203	NA	NA	NA	NA	20866
HIP14034	TRBV7-8	ap01,ap03	ap01,ap03	ap01,ap03	0.5,0.5	0.61,0.39	66,96	18.7522165982793	60,45	35.5579611704772	NA	NA	NA	NA	20866
HIP14034	TRBV11-3	ap01	ap01	ap01	0.5,0.5	1	56,62	44.0556411738276	NA	NA	NA	NA	NA	NA	20866
HIP14034	TRBV5-8	ap01	ap01	ap01	0.5,0.5	1	28,53	15.497891264168	NA	NA	NA	NA	NA	NA	20866
HIP14034	TRBV23-1	ap01	ap01	ap01	0.5,0.5	1	38,82	18.0435016685555	NA	NA	NA	NA	NA	NA	20866
HIP14034	TRBV6-9	ap01	ap01	ap01	0.5,0.5	1	7,21	1.57415680462019	NA	NA	NA	NA	NA	NA	20866
HIP14034	TRBV13	ap01	ap01	ap01	0.5,0.5	1	81,135	50.2712597001883	NA	NA	NA	NA	NA	NA	20866
HIP14034	TRBV1	ap01	ap01	ap01	0.5,0.5	1	52,88	31.8771541695617	NA	NA	NA	NA	NA	NA	20866
HIP14034	TRBV14	ap01	ap01	ap01	0.5,0.5	1	68,128	37.8497466195621	NA	NA	NA	NA	NA	NA	20866
HIP14034	TRBV12-1	ap01	ap01	ap01	0.5,0.5	1	14,29	7.00690820904472	NA	NA	NA	NA	NA	NA	20866
HIP14034	TRBV6-7	ap01	ap01	ap01	0.5,0.5	1	26,30	20.0939866538009	NA	NA	NA	NA	NA	NA	20866
HIP14034	TRBV7-4	ap01	ap01	ap01	0.5,0.5	1	23,26	17.9352731771708	NA	NA	NA	NA	NA	NA	20866
HIP14034	TRBV5-7	ap01	ap01	ap01	0.5,0.5	1	3,5	1.86189850741438	NA	NA	NA	NA	NA	NA	20866
HIP14034	TRBV11-1	Unk	ap01	ap01	0.5,0.5	1	5,23	1.25012203613989	NA	NA	NA	NA	NA	NA	20866
HIP14034	TRBV7-1	ap01_G291C_T296C	ap01_G291C_T296C	ap01_G291C_T296C	0.5,0.5	1	5,12	2.01484262523301	NA	NA	NA	NA	NA	NA	20866
HIP14034	TRBV16	Unk	ap01	ap01	0.5,0.5	1	2,9	0.440685820612811	NA	NA	NA	NA	NA	NA	20866
HIP14034	TRBV17	Unk	Unk	NA	NA	NA	NA	NA	NA	NA	NA	NA	NA	NA	20866
HIP14034	TRBV26	Unk	Unk	NA	NA	NA	NA	NA	NA	NA	NA	NA	NA	NA	20866
