subject	gene	TRBD2_01	TRBD2_02	alleles	proirs_row	proirs_col	counts1	k1	counts2	k2	counts3	k3	counts4	k4	TOTAL
HIP01091	TRBV3-12	ap01	ap01	ap01	0.48,0.52	1	517,545	41.5579019257061	NA	NA	NA	NA	NA	NA	19249
HIP01091	TRBV5-3	ap01	ap01	ap01	0.48,0.52	1	35,45	25.8992673181921	NA	NA	NA	NA	NA	NA	19249
HIP01091	TRBV20-1	ap01,ap02	ap01,ap02	ap01,ap02	0.48,0.52	0.87,0.13	379,509	123.161988742727	58,75	19.6178578132496	NA	NA	NA	NA	19249
HIP01091	TRBV10-1	ap01	ap01	ap01	0.48,0.52	1	88,149	55.2309617122167	NA	NA	NA	NA	NA	NA	19249
HIP01091	TRBV6-7	ap01	ap01	ap01	0.48,0.52	1	19,23	14.4535144543189	NA	NA	NA	NA	NA	NA	19249
HIP01091	TRBV12-5	ap01	ap01	ap01	0.48,0.52	1	66,64	82.6977657647916	NA	NA	NA	NA	NA	NA	19249
HIP01091	TRBV4-2	ap01	Del	ap01	0.48,0.52	1	233,33	17.7340352931156	NA	NA	NA	NA	NA	NA	19249
HIP01091	TRBV24-1	ap01	ap01	ap01	0.48,0.52	1	125,238	71.1867334825964	NA	NA	NA	NA	NA	NA	19249
HIP01091	TRBV5-1	ap01	ap01	ap01	0.48,0.52	1	546,527	68.019633255513	NA	NA	NA	NA	NA	NA	19249
HIP01091	TRBV19	ap01	ap01	ap01	0.48,0.52	1	314,370	241.649754620068	NA	NA	NA	NA	NA	NA	19249
HIP01091	TRBV7-3	ap01	ap01	ap01	0.48,0.52	1	301,331	238.175057014625	NA	NA	NA	NA	NA	NA	19249
HIP01091	TRBV5-5	ap01	ap01	ap01	0.48,0.52	1	62,70	48.5573050384396	NA	NA	NA	NA	NA	NA	19249
HIP01091	TRBV6-56	ap01,ap02	ap01,ap02	ap01,ap02	0.48,0.52	0.71,0.29	215,215	188.5394065155	88,85	73.7226175544121	NA	NA	NA	NA	19249
HIP01091	TRBV12-34	ap01	ap01	ap01	0.48,0.52	1	508,519	41.2897720839259	NA	NA	NA	NA	NA	NA	19249
HIP01091	TRBV7-9	ap01	ap01	ap01	0.48,0.52	1	365,474	268.792448929055	NA	NA	NA	NA	NA	NA	19249
HIP01091	TRBV6-23	ap01	ap01	ap01	0.48,0.52	1	463,453	58.6606295663241	NA	NA	NA	NA	NA	NA	19249
HIP01091	TRBV21-1	ap01	ap01	ap01	0.48,0.52	1	157,294	90.7693767650203	NA	NA	NA	NA	NA	NA	19249
HIP01091	TRBV12-2	ap01	ap01	ap01	0.48,0.52	1	35,59	22.0389277986491	NA	NA	NA	NA	NA	NA	19249
HIP01091	TRBV7-2	ap01	ap01	ap01	0.48,0.52	1	561,445	54.4028578538842	NA	NA	NA	NA	NA	NA	19249
HIP01091	TRBV28	ap01	ap01	ap01	0.48,0.52	1	41,70	25.5728041455484	NA	NA	NA	NA	NA	NA	19249
HIP01091	TRBV6-4	ap01	ap01	ap01	0.48,0.52	1	116,158	83.3953160687463	NA	NA	NA	NA	NA	NA	19249
HIP01091	TRBV2	ap01	ap01	ap01	0.48,0.52	1	387,350	44.4345002408331	NA	NA	NA	NA	NA	NA	19249
HIP01091	TRBV4-3	ap01	ap01	ap01	0.48,0.52	1	246,256	198.657944959366	NA	NA	NA	NA	NA	NA	19249
HIP01091	TRBV14	ap01	ap01	ap01	0.48,0.52	1	88,121	62.9516407513028	NA	NA	NA	NA	NA	NA	19249
HIP01091	TRBV11-3	ap01	ap01	ap01	0.48,0.52	1	83,86	67.1299893375673	NA	NA	NA	NA	NA	NA	19249
HIP01091	TRBV4-1	ap01	ap01	ap01	0.48,0.52	1	211,215	171.655723492733	NA	NA	NA	NA	NA	NA	19249
HIP01091	TRBV25-1	ap01	ap01	ap01	0.48,0.52	1	53,98	30.9861256166859	NA	NA	NA	NA	NA	NA	19249
HIP01091	TRBV27	ap01	ap01	ap01	0.48,0.52	1	278,418	189.012303308107	NA	NA	NA	NA	NA	NA	19249
HIP01091	TRBV7-7	ap01_C315T	ap01	ap01,ap01_C315T	0.48,0.52	0.51,0.49	8,43	5.97949415519703	47,2	10.4894087500128	NA	NA	NA	NA	19249
HIP01091	TRBV11-2	ap01	ap01	ap01	0.48,0.52	1	173,205	132.822107248128	NA	NA	NA	NA	NA	NA	19249
HIP01091	TRBV5-4	ap01	ap01	ap01	0.48,0.52	1	307,361	236.46990115643	NA	NA	NA	NA	NA	NA	19249
HIP01091	TRBV5-6	ap01	ap01	ap01	0.48,0.52	1	150,158	120.60831751438	NA	NA	NA	NA	NA	NA	19249
HIP01091	TRBV7-6	ap01	ap01	ap01	0.48,0.52	1	132,128	165.395531529583	NA	NA	NA	NA	NA	NA	19249
HIP01091	TRBV9	ap01	ap01	ap01	0.48,0.52	1	513,474	60.5140873514152	NA	NA	NA	NA	NA	NA	19249
HIP01091	TRBV1	ap01	ap01	ap01	0.48,0.52	1	55,58	44.2046671861318	NA	NA	NA	NA	NA	NA	19249
HIP01091	TRBV5-8	ap01	ap01	ap01	0.48,0.52	1	35,47	25.3477902439717	NA	NA	NA	NA	NA	NA	19249
HIP01091	TRBV7-8	ap01,ap03	ap01,ap03	ap01,ap03	0.48,0.52	0.59,0.41	61,77	21.1324210634152	58,39	29.0307934101614	NA	NA	NA	NA	19249
HIP01091	TRBV10-3	ap01	ap01	ap01	0.48,0.52	1	210,235	165.04645270801	NA	NA	NA	NA	NA	NA	19249
HIP01091	TRBV29-1	ap01,ap02	ap01,ap02	ap01,ap02	0.48,0.52	0.85,0.15	112,158	34.3792489007877	19,28	5.51397589565617	NA	NA	NA	NA	19249
HIP01091	TRBV6-1	ap01	ap01	ap01	0.48,0.52	1	98,92	117.929788392659	NA	NA	NA	NA	NA	NA	19249
HIP01091	TRBV15	ap02	ap02	ap02	0.48,0.52	1	113,107	137.454314727916	NA	NA	NA	NA	NA	NA	19249
HIP01091	TRBV18	ap01	ap01	ap01	0.48,0.52	1	183,229	137.149382782669	NA	NA	NA	NA	NA	NA	19249
HIP01091	TRBV23-1	ap01	ap01	ap01	0.48,0.52	1	26,77	7.22513374799749	NA	NA	NA	NA	NA	NA	19249
HIP01091	TRBV10-2	ap01	ap01	ap01	0.48,0.52	1	38,34	43.0418331619699	NA	NA	NA	NA	NA	NA	19249
HIP01091	TRBV30	ap02	ap02	ap02	0.48,0.52	1	29,36	21.8139138970723	NA	NA	NA	NA	NA	NA	19249
HIP01091	TRBV11-1	ap01	ap01	ap01	0.48,0.52	1	32,49	21.5128130421954	NA	NA	NA	NA	NA	NA	19249
HIP01091	TRBV6-9	ap01	ap01	ap01	0.48,0.52	1	10,8	9.80620077983048	NA	NA	NA	NA	NA	NA	19249
HIP01091	TRBV13	ap01	ap01	ap01	0.48,0.52	1	66,79	50.4536583745221	NA	NA	NA	NA	NA	NA	19249
HIP01091	TRBV12-1	ap01	ap01	ap01	0.48,0.52	1	21,21	27.3343368693604	NA	NA	NA	NA	NA	NA	19249
HIP01091	TRBV6-8	ap01	ap01	ap01	0.48,0.52	1	12,10	12.4094709578648	NA	NA	NA	NA	NA	NA	19249
HIP01091	TRBV7-4	ap01	ap01	ap01	0.48,0.52	1	15,19	11.1784684326853	NA	NA	NA	NA	NA	NA	19249
HIP01091	TRBV5-7	ap01	ap01	ap01	0.48,0.52	1	4,5	2.99930748452342	NA	NA	NA	NA	NA	NA	19249
HIP01091	TRBV7-1	ap01_T296C	ap01_T296C_C314T	ap01_T296C,ap01_T296C_C314T	0.48,0.52	0.33,0.67	1,0	0.272072526540957	0,2	0.531946698529487	NA	NA	NA	NA	19249
HIP01091	TRBV16	ap01	ap01	ap01	0.48,0.52	1	2,5	0.810307399486162	NA	NA	NA	NA	NA	NA	19249
HIP01091	TRBV17	Unk	Unk	NA	NA	NA	NA	NA	NA	NA	NA	NA	NA	NA	19249
HIP01091	TRBV26	Unk	Unk	NA	NA	NA	NA	NA	NA	NA	NA	NA	NA	NA	19249
