subject	gene	TRBD2_01	TRBD2_02	alleles	proirs_row	proirs_col	counts1	k1	counts2	k2	counts3	k3	counts4	k4	TOTAL
HIP03814	TRBV10-3	ap01	ap01	ap01	0.48,0.52	1	287,297	232.227230200339	NA	NA	NA	NA	NA	NA	29791
HIP03814	TRBV3-12	ap01	ap01	ap01	0.48,0.52	1	697,632	80.2973020334028	NA	NA	NA	NA	NA	NA	29791
HIP03814	TRBV10-1	ap01	ap01	ap01	0.48,0.52	1	126,180	88.239043239098	NA	NA	NA	NA	NA	NA	29791
HIP03814	TRBV6-4	ap01	ap01	ap01	0.48,0.52	1	324,268	33.1893182748121	NA	NA	NA	NA	NA	NA	29791
HIP03814	TRBV6-23	ap01	ap01	ap01	0.48,0.52	1	730,753	59.1355795066207	NA	NA	NA	NA	NA	NA	29791
HIP03814	TRBV15	ap02	ap02	ap02	0.48,0.52	1	165,206	123.765497283328	NA	NA	NA	NA	NA	NA	29791
HIP03814	TRBV4-3	ap01	ap01	ap01	0.48,0.52	1	476,453	58.2689651730633	NA	NA	NA	NA	NA	NA	29791
HIP03814	TRBV21-1	ap01	ap01	ap01	0.48,0.52	1	163,305	94.2069676334729	NA	NA	NA	NA	NA	NA	29791
HIP03814	TRBV28	ap01	ap01	ap01	0.48,0.52	1	487,772	31.9962091900685	NA	NA	NA	NA	NA	NA	29791
HIP03814	TRBV7-2	ap01	ap01	ap01	0.48,0.52	1	647,614	78.9229815003804	NA	NA	NA	NA	NA	NA	29791
HIP03814	TRBV7-9	ap01	ap01	ap01	0.48,0.52	1	449,594	32.7550527316248	NA	NA	NA	NA	NA	NA	29791
HIP03814	TRBV9	ap01	ap01	ap01	0.48,0.52	1	810,830	65.7688038124294	NA	NA	NA	NA	NA	NA	29791
HIP03814	TRBV20-1	ap01,ap02	ap01,ap02	ap01,ap02	0.48,0.52	0.86,0.14	474,708	134.861544135348	73,115	19.1800628066185	NA	NA	NA	NA	29791
HIP03814	TRBV29-1	ap01,ap02	ap01,ap02	ap01,ap02	0.48,0.52	0.88,0.12	184,303	44.8413367454205	27,39	8.03639024018053	NA	NA	NA	NA	29791
HIP03814	TRBV7-3	ap01	ap01	ap01	0.48,0.52	1	458,455	59.1347142470355	NA	NA	NA	NA	NA	NA	29791
HIP03814	TRBV12-34	ap01	ap01	ap01	0.48,0.52	1	568,412	48.9061358253379	NA	NA	NA	NA	NA	NA	29791
HIP03814	TRBV5-1	ap01	ap01	ap01	0.48,0.52	1	1178,902	109.054969862247	NA	NA	NA	NA	NA	NA	29791
HIP03814	TRBV11-2	ap01	ap01	ap01	0.48,0.52	1	203,268	148.244695600881	NA	NA	NA	NA	NA	NA	29791
HIP03814	TRBV24-1	ap01	ap01	ap01	0.48,0.52	1	259,359	184.421151849313	NA	NA	NA	NA	NA	NA	29791
HIP03814	TRBV7-8	ap01,ap03	ap01,ap03	ap01,ap03	0.48,0.52	0.67,0.33	114,155	36.5090080953357	61,69	23.2521995614803	NA	NA	NA	NA	29791
HIP03814	TRBV27	ap01	ap01	ap01	0.48,0.52	1	546,887	35.2789559701809	NA	NA	NA	NA	NA	NA	29791
HIP03814	TRBV5-4	ap01	ap01	ap01	0.48,0.52	1	423,380	48.1614305968346	NA	NA	NA	NA	NA	NA	29791
HIP03814	TRBV1	ap01	ap01	ap01	0.48,0.52	1	68,52	62.8429796506081	NA	NA	NA	NA	NA	NA	29791
HIP03814	TRBV5-5	ap01	ap01	ap01	0.48,0.52	1	81,68	84.5776641609221	NA	NA	NA	NA	NA	NA	29791
HIP03814	TRBV18	ap01	ap01	ap01	0.48,0.52	1	179,245	128.317378171616	NA	NA	NA	NA	NA	NA	29791
HIP03814	TRBV11-3	ap01	ap01	ap01	0.48,0.52	1	137,185	98.9043637585831	NA	NA	NA	NA	NA	NA	29791
HIP03814	TRBV7-6	ap01	ap01	ap01	0.48,0.52	1	183,169	215.742608536347	NA	NA	NA	NA	NA	NA	29791
HIP03814	TRBV4-2	ap01	ap01	ap01	0.48,0.52	1	409,255	285.306166347816	NA	NA	NA	NA	NA	NA	29791
HIP03814	TRBV6-1	ap01	ap01	ap01	0.48,0.52	1	186,185	240.504378486627	NA	NA	NA	NA	NA	NA	29791
HIP03814	TRBV12-5	ap01	ap01	ap01	0.48,0.52	1	74,98	53.9555067838674	NA	NA	NA	NA	NA	NA	29791
HIP03814	TRBV6-8	ap01	ap01	ap01	0.48,0.52	1	18,19	14.4617091147682	NA	NA	NA	NA	NA	NA	29791
HIP03814	TRBV5-6	ap01	ap01	ap01	0.48,0.52	1	256,257	209.332859530958	NA	NA	NA	NA	NA	NA	29791
HIP03814	TRBV30	ap01	ap01	ap01	0.48,0.52	1	354,409	274.645885074033	NA	NA	NA	NA	NA	NA	29791
HIP03814	TRBV6-56	ap01,ap02	ap01,ap02	ap01,ap02	0.48,0.52	0.76,0.24	371,438	136.527682402625	137,117	97.1666347527603	NA	NA	NA	NA	29791
HIP03814	TRBV2	ap01	ap01	ap01	0.48,0.52	1	363,310	38.7471025435712	NA	NA	NA	NA	NA	NA	29791
HIP03814	TRBV10-2	ap01	ap01	ap01	0.48,0.52	1	55,33	36.2951897186185	NA	NA	NA	NA	NA	NA	29791
HIP03814	TRBV14	ap01	ap01	ap01	0.48,0.52	1	112,196	68.4826808394189	NA	NA	NA	NA	NA	NA	29791
HIP03814	TRBV4-1	ap01	ap01	ap01	0.48,0.52	1	249,228	290.421584592191	NA	NA	NA	NA	NA	NA	29791
HIP03814	TRBV13	ap01	ap01	ap01	0.48,0.52	1	122,144	93.8101416423977	NA	NA	NA	NA	NA	NA	29791
HIP03814	TRBV19	ap01	ap01	ap01	0.48,0.52	1	421,525	315.958759452423	NA	NA	NA	NA	NA	NA	29791
HIP03814	TRBV25-1	ap01	ap01	ap01	0.48,0.52	1	117,156	85.0166428983534	NA	NA	NA	NA	NA	NA	29791
HIP03814	TRBV7-4	ap01	ap01	ap01	0.48,0.52	1	26,31	19.9062194115046	NA	NA	NA	NA	NA	NA	29791
HIP03814	TRBV5-3	ap01	ap01	ap01	0.48,0.52	1	51,70	36.5056464112223	NA	NA	NA	NA	NA	NA	29791
HIP03814	TRBV23-1	ap01	ap01	ap01	0.48,0.52	1	46,88	26.0534769568444	NA	NA	NA	NA	NA	NA	29791
HIP03814	TRBV5-8	ap01	ap01	ap01	0.48,0.52	1	36,47	26.4354121640361	NA	NA	NA	NA	NA	NA	29791
HIP03814	TRBV6-9	ap01	ap01	ap01	0.48,0.52	1	16,17	12.8241364221952	NA	NA	NA	NA	NA	NA	29791
HIP03814	TRBV7-7	ap01	ap01_C315T	ap01,ap01_C315T	0.48,0.52	0.43,0.57	67,4	13.5933333456724	11,83	14.6208566117545	NA	NA	NA	NA	29791
HIP03814	TRBV12-2	ap01	ap01	ap01	0.48,0.52	1	36,49	25.8825219272582	NA	NA	NA	NA	NA	NA	29791
HIP03814	TRBV6-7	ap01	ap01	ap01	0.48,0.52	1	16,34	8.1245694095834	NA	NA	NA	NA	NA	NA	29791
HIP03814	TRBV11-1	ap01	ap01	ap01	0.48,0.52	1	48,51	38.4724092665857	NA	NA	NA	NA	NA	NA	29791
HIP03814	TRBV16	ap01	ap01	ap01	0.48,0.52	1	3,9	0.797688328525946	NA	NA	NA	NA	NA	NA	29791
HIP03814	TRBV12-1	ap01	ap01	ap01	0.48,0.52	1	18,36	9.76214210215642	NA	NA	NA	NA	NA	NA	29791
HIP03814	TRBV5-7	ap01	ap01	ap01	0.48,0.52	1	11,5	4.69204838549673	NA	NA	NA	NA	NA	NA	29791
HIP03814	TRBV7-1	ap01_G291C_T296C_C314T	ap01_G291C_T296C	ap01_G291C_T296C,ap01_G291C_T296C_C314T	0.48,0.52	0.38,0.62	0,6	1.59987887801112	9,1	1.29465473423403	NA	NA	NA	NA	29791
HIP03814	TRBV17	Unk	Unk	NA	NA	NA	NA	NA	NA	NA	NA	NA	NA	NA	29791
HIP03814	TRBV26	Unk	Unk	NA	NA	NA	NA	NA	NA	NA	NA	NA	NA	NA	29791
