subject	gene	TRBD2_01	TRBD2_02	alleles	proirs_row	proirs_col	counts1	k1	counts2	k2	counts3	k3	counts4	k4	TOTAL
HIP14234	TRBV6-23	ap01	ap01	ap01	0.43,0.57	1	337,459	245.17787424239	NA	NA	NA	NA	NA	NA	14254
HIP14234	TRBV5-1	ap01	ap01	ap01	0.43,0.57	1	385,495	287.057468380009	NA	NA	NA	NA	NA	NA	14254
HIP14234	TRBV3-12	ap01	ap01	ap01	0.43,0.57	1	231,278	176.734765871856	NA	NA	NA	NA	NA	NA	14254
HIP14234	TRBV24-1	ap01	ap01	ap01	0.43,0.57	1	103,210	58.4238494542845	NA	NA	NA	NA	NA	NA	14254
HIP14234	TRBV4-3	ap01	ap01	ap01	0.43,0.57	1	173,199	134.538683233988	NA	NA	NA	NA	NA	NA	14254
HIP14234	TRBV7-9	ap01	ap01	ap01	0.43,0.57	1	181,287	122.096333632588	NA	NA	NA	NA	NA	NA	14254
HIP14234	TRBV14	ap01	ap01	ap01	0.43,0.57	1	73,136	44.447243616077	NA	NA	NA	NA	NA	NA	14254
HIP14234	TRBV4-1	ap01	ap01	ap01	0.43,0.57	1	109,122	85.5680801981263	NA	NA	NA	NA	NA	NA	14254
HIP14234	TRBV19	ap01	ap01	ap01	0.43,0.57	1	259,332	193.348244916324	NA	NA	NA	NA	NA	NA	14254
HIP14234	TRBV28	Del	ap01	ap01	0.43,0.57	1	91,513	25.9454633580822	NA	NA	NA	NA	NA	NA	14254
HIP14234	TRBV12-34	ap01	ap01	ap01	0.43,0.57	1	285,253	316.796392957041	NA	NA	NA	NA	NA	NA	14254
HIP14234	TRBV20-1	ap01,ap02	ap01,ap02	ap01,ap02	0.43,0.57	0.86,0.14	237,306	82.6529996919349	39,49	13.9110944865741	NA	NA	NA	NA	14254
HIP14234	TRBV4-2	ap01	ap01	ap01	0.43,0.57	1	135,143	107.897574710436	NA	NA	NA	NA	NA	NA	14254
HIP14234	TRBV6-4	ap01	ap01	ap01	0.43,0.57	1	158,103	114.374227675264	NA	NA	NA	NA	NA	NA	14254
HIP14234	TRBV5-6	ap01	ap01	ap01	0.43,0.57	1	98,114	75.9114589339939	NA	NA	NA	NA	NA	NA	14254
HIP14234	TRBV7-6	ap01	ap01	ap01	0.43,0.57	1	91,101	71.6396606243546	NA	NA	NA	NA	NA	NA	14254
HIP14234	TRBV27	ap01	ap01	ap01	0.43,0.57	1	205,388	123.376991646684	NA	NA	NA	NA	NA	NA	14254
HIP14234	TRBV6-1	ap01	ap01	ap01	0.43,0.57	1	88,89	71.3315426869397	NA	NA	NA	NA	NA	NA	14254
HIP14234	TRBV6-56	ap01,ap02	ap01,ap02	ap01,ap02	0.43,0.57	0.72,0.28	165,214	57.3230634786795	65,79	23.7954370650178	NA	NA	NA	NA	14254
HIP14234	TRBV25-1	ap01	ap01	ap01	0.43,0.57	1	50,89	31.4264367288823	NA	NA	NA	NA	NA	NA	14254
HIP14234	TRBV9	ap01	ap01	ap01	0.43,0.57	1	331,356	263.273349034095	NA	NA	NA	NA	NA	NA	14254
HIP14234	TRBV5-5	ap01	ap01	ap01	0.43,0.57	1	26,41	17.5923525714151	NA	NA	NA	NA	NA	NA	14254
HIP14234	TRBV10-3	ap01	ap01	ap01	0.43,0.57	1	89,110	67.4076780163173	NA	NA	NA	NA	NA	NA	14254
HIP14234	TRBV7-7	ap01_C315T	ap01	ap01,ap01_C315T	0.43,0.57	0.66,0.34	7,48	6.47542043631319	26,2	5.68808030339646	NA	NA	NA	NA	14254
HIP14234	TRBV21-1	ap01	ap01	ap01	0.43,0.57	1	97,190	56.8601851912757	NA	NA	NA	NA	NA	NA	14254
HIP14234	TRBV10-1	ap01	ap01	ap01	0.43,0.57	1	56,89	37.7272429327861	NA	NA	NA	NA	NA	NA	14254
HIP14234	TRBV7-2	ap01	ap01	ap01	0.43,0.57	1	408,365	45.8139419088422	NA	NA	NA	NA	NA	NA	14254
HIP14234	TRBV13	ap01	ap01	ap01	0.43,0.57	1	47,56	36.0923178294071	NA	NA	NA	NA	NA	NA	14254
HIP14234	TRBV6-7	ap01	ap01	ap01	0.43,0.57	1	16,18	12.5387221302713	NA	NA	NA	NA	NA	NA	14254
HIP14234	TRBV2	ap01	ap01	ap01	0.43,0.57	1	156,175	122.370969318668	NA	NA	NA	NA	NA	NA	14254
HIP14234	TRBV7-3	ap01	ap01	ap01	0.43,0.57	1	205,255	154.878985553635	NA	NA	NA	NA	NA	NA	14254
HIP14234	TRBV15	ap02	ap02	ap02	0.43,0.57	1	84,119	60.025292306328	NA	NA	NA	NA	NA	NA	14254
HIP14234	TRBV10-2	ap01	ap01	ap01	0.43,0.57	1	25,25	32.4037713470326	NA	NA	NA	NA	NA	NA	14254
HIP14234	TRBV29-1	ap01,ap02	ap01,ap02	ap01,ap02	0.43,0.57	0.84,0.16	84,174	14.2946025639393	14,34	1.23815953429215	NA	NA	NA	NA	14254
HIP14234	TRBV11-3	ap01	ap01	ap01	0.43,0.57	1	58,101	36.9852265028837	NA	NA	NA	NA	NA	NA	14254
HIP14234	TRBV7-8	ap01,ap03	ap01,ap03	ap01,ap03	0.43,0.57	0.57,0.43	49,75	14.4031715620292	32,63	6.19751451596872	NA	NA	NA	NA	14254
HIP14234	TRBV5-4	ap01	ap01	ap01	0.43,0.57	1	163,225	117.879055037651	NA	NA	NA	NA	NA	NA	14254
HIP14234	TRBV6-8	ap01	ap01	ap01	0.43,0.57	1	7,15	3.79808411554986	NA	NA	NA	NA	NA	NA	14254
HIP14234	TRBV6-9	ap01	ap01	ap01	0.43,0.57	1	5,8	3.3558150602285	NA	NA	NA	NA	NA	NA	14254
HIP14234	TRBV5-3	ap01	ap01	ap01	0.43,0.57	1	34,41	25.9934275099535	NA	NA	NA	NA	NA	NA	14254
HIP14234	TRBV11-2	ap01	ap01	ap01	0.43,0.57	1	122,152	92.1141140619087	NA	NA	NA	NA	NA	NA	14254
HIP14234	TRBV11-1	ap01	ap01	ap01	0.43,0.57	1	31,24	28.6729810036681	NA	NA	NA	NA	NA	NA	14254
HIP14234	TRBV12-5	ap01	ap01	ap01	0.43,0.57	1	28,57	15.9029077533337	NA	NA	NA	NA	NA	NA	14254
HIP14234	TRBV18	ap01	ap01	ap01	0.43,0.57	1	79,165	43.879194005683	NA	NA	NA	NA	NA	NA	14254
HIP14234	TRBV30	ap01	ap01	ap01	0.43,0.57	1	145,51	33.4099632606012	NA	NA	NA	NA	NA	NA	14254
HIP14234	TRBV5-8	ap01	ap01	ap01	0.43,0.57	1	21,31	14.7102517052761	NA	NA	NA	NA	NA	NA	14254
HIP14234	TRBV12-2	ap01	ap01	ap01	0.43,0.57	1	15,31	8.40944550137226	NA	NA	NA	NA	NA	NA	14254
HIP14234	TRBV12-1	ap01	ap01	ap01	0.43,0.57	1	10,16	6.71163012045701	NA	NA	NA	NA	NA	NA	14254
HIP14234	TRBV7-4	ap01	ap01	ap01	0.43,0.57	1	5,20	0.513529895691508	NA	NA	NA	NA	NA	NA	14254
HIP14234	TRBV23-1	ap01	ap01	ap01	0.43,0.57	1	15,41	6.04087453092477	NA	NA	NA	NA	NA	NA	14254
HIP14234	TRBV1	ap01	ap01	ap01	0.43,0.57	1	20,35	12.7126889497798	NA	NA	NA	NA	NA	NA	14254
HIP14234	TRBV7-1	ap01_T296C	ap01_T296C,ap01_T296C_C314T	ap01_T296C,ap01_T296C_C314T	0.43,0.57	0.5,0.5	1,2	0.186520614709245	0,3	0.686564535818639	NA	NA	NA	NA	14254
HIP14234	TRBV16	ap01	ap01	ap01	0.43,0.57	1	3,6	1.7292605196834	NA	NA	NA	NA	NA	NA	14254
HIP14234	TRBV5-7	Unk	ap01	ap01	0.43,0.57	1	0,4	0.947428388178998	NA	NA	NA	NA	NA	NA	14254
HIP14234	TRBV17	Unk	Unk	NA	NA	NA	NA	NA	NA	NA	NA	NA	NA	NA	14254
HIP14234	TRBV26	Unk	Unk	NA	NA	NA	NA	NA	NA	NA	NA	NA	NA	NA	14254
