subject	gene	TRBD2_01	TRBD2_02	alleles	proirs_row	proirs_col	counts1	k1	counts2	k2	counts3	k3	counts4	k4	TOTAL
HIP04611	TRBV10-3	ap01	ap01	ap01	0.45,0.55	1	156,193	117.955137629199	NA	NA	NA	NA	NA	NA	17454
HIP04611	TRBV5-1	ap01	ap01	ap01	0.45,0.55	1	462,718	311.559864362245	NA	NA	NA	NA	NA	NA	17454
HIP04611	TRBV5-4	ap01	ap01	ap01	0.45,0.55	1	224,258	174.305466907135	NA	NA	NA	NA	NA	NA	17454
HIP04611	TRBV11-3	ap01	ap01	ap01	0.45,0.55	1	58,78	42.2446248010997	NA	NA	NA	NA	NA	NA	17454
HIP04611	TRBV6-23	ap01	ap01	ap01	0.45,0.55	1	303,134	119.687917601482	NA	NA	NA	NA	NA	NA	17454
HIP04611	TRBV10-1	ap01	ap01	ap01	0.45,0.55	1	63,141	31.3704362902591	NA	NA	NA	NA	NA	NA	17454
HIP04611	TRBV6-4	ap01	ap01	ap01	0.45,0.55	1	148,136	172.951461695751	NA	NA	NA	NA	NA	NA	17454
HIP04611	TRBV5-5	ap01	ap01	ap01	0.45,0.55	1	32,42	23.574216820293	NA	NA	NA	NA	NA	NA	17454
HIP04611	TRBV27	ap01	ap01	ap01	0.45,0.55	1	358,806	177.035448923869	NA	NA	NA	NA	NA	NA	17454
HIP04611	TRBV9	ap01	ap01	ap01	0.45,0.55	1	549,456	56.2869144141896	NA	NA	NA	NA	NA	NA	17454
HIP04611	TRBV3-12	ap01	ap01	ap01	0.45,0.55	1	346,378	274.532132708085	NA	NA	NA	NA	NA	NA	17454
HIP04611	TRBV19	ap01	ap01	ap01	0.45,0.55	1	268,356	196.33780798241	NA	NA	NA	NA	NA	NA	17454
HIP04611	TRBV13	ap01	ap01	ap01	0.45,0.55	1	114,154	82.8546466557039	NA	NA	NA	NA	NA	NA	17454
HIP04611	TRBV4-3	ap01	Del	ap01	0.45,0.55	1	238,9	62.1956946892311	NA	NA	NA	NA	NA	NA	17454
HIP04611	TRBV6-56	ap01,ap02	ap01,ap02	ap01,ap02	0.45,0.55	0.72,0.28	221,221	193.897007653539	80,96	29.3464400120739	NA	NA	NA	NA	17454
HIP04611	TRBV28	ap01	ap01	ap01	0.45,0.55	1	428,648	293.057563430073	NA	NA	NA	NA	NA	NA	17454
HIP04611	TRBV4-1	ap01	ap01	ap01	0.45,0.55	1	110,173	73.652751018354	NA	NA	NA	NA	NA	NA	17454
HIP04611	TRBV20-1	ap01,ap02	ap01,ap02	ap01,ap02	0.45,0.55	0.87,0.13	286,353	102.473289385103	35,58	8.85501255334574	NA	NA	NA	NA	17454
HIP04611	TRBV7-9	ap01	ap01	ap01	0.45,0.55	1	297,382	220.813379803684	NA	NA	NA	NA	NA	NA	17454
HIP04611	TRBV7-6	ap01	ap01	ap01	0.45,0.55	1	105,117	82.7213383026505	NA	NA	NA	NA	NA	NA	17454
HIP04611	TRBV2	ap01	ap01	ap01	0.45,0.55	1	198,265	144.543508534701	NA	NA	NA	NA	NA	NA	17454
HIP04611	TRBV15	ap02	ap02	ap02	0.45,0.55	1	93,145	62.5959993291403	NA	NA	NA	NA	NA	NA	17454
HIP04611	TRBV25-1	ap01	ap01	ap01	0.45,0.55	1	54,106	30.7212418724788	NA	NA	NA	NA	NA	NA	17454
HIP04611	TRBV24-1	ap01	ap01	ap01	0.45,0.55	1	171,253	118.60722327156	NA	NA	NA	NA	NA	NA	17454
HIP04611	TRBV5-6	ap01	ap01	ap01	0.45,0.55	1	159,166	128.145333019845	NA	NA	NA	NA	NA	NA	17454
HIP04611	TRBV6-1	ap01	ap01	ap01	0.45,0.55	1	89,121	64.4856540834181	NA	NA	NA	NA	NA	NA	17454
HIP04611	TRBV12-34	ap01	ap01	ap01	0.45,0.55	1	394,302	36.2964880889058	NA	NA	NA	NA	NA	NA	17454
HIP04611	TRBV4-2	ap01	ap01	ap01	0.45,0.55	1	38,131	7.06875397361429	NA	NA	NA	NA	NA	NA	17454
HIP04611	TRBV14	ap01	ap01	ap01	0.45,0.55	1	70,112	46.3774957680769	NA	NA	NA	NA	NA	NA	17454
HIP04611	TRBV7-2	ap01	ap01	ap01	0.45,0.55	1	332,145	128.181324171807	NA	NA	NA	NA	NA	NA	17454
HIP04611	TRBV7-8	ap01,ap03	ap01,ap03	ap01,ap03	0.45,0.55	0.7,0.3	82,86	33.1677436001265	29,44	8.34725290701324	NA	NA	NA	NA	17454
HIP04611	TRBV5-3	ap01	ap01	ap01	0.45,0.55	1	24,35	16.7778620019478	NA	NA	NA	NA	NA	NA	17454
HIP04611	TRBV30	ap01	ap01	ap01	0.45,0.55	1	269,287	215.211121721098	NA	NA	NA	NA	NA	NA	17454
HIP04611	TRBV18	ap01	ap01	ap01	0.45,0.55	1	87,150	54.8548171336562	NA	NA	NA	NA	NA	NA	17454
HIP04611	TRBV7-3	ap01	ap01	ap01	0.45,0.55	1	239,271	187.080875070578	NA	NA	NA	NA	NA	NA	17454
HIP04611	TRBV11-2	ap01	ap01	ap01	0.45,0.55	1	179,236	131.594210866628	NA	NA	NA	NA	NA	NA	17454
HIP04611	TRBV11-1	ap01	ap01	ap01	0.45,0.55	1	32,30	38.3598606995728	NA	NA	NA	NA	NA	NA	17454
HIP04611	TRBV12-2	ap01	ap01	ap01	0.45,0.55	1	20,27	14.5404282384106	NA	NA	NA	NA	NA	NA	17454
HIP04611	TRBV12-1	ap01	ap01	ap01	0.45,0.55	1	6,6	7.80105034113891	NA	NA	NA	NA	NA	NA	17454
HIP04611	TRBV10-2	ap01	ap01	ap01	0.45,0.55	1	30,76	12.6536647087139	NA	NA	NA	NA	NA	NA	17454
HIP04611	TRBV29-1	ap01,ap02	ap01,ap02	ap01,ap02	0.45,0.55	0.85,0.15	131,191	39.6384794338049	16,40	0.690016564897231	NA	NA	NA	NA	17454
HIP04611	TRBV21-1	ap01	ap01	ap01	0.45,0.55	1	98,149	66.9404497277424	NA	NA	NA	NA	NA	NA	17454
HIP04611	TRBV6-8	ap01	ap01	ap01	0.45,0.55	1	7,6	7.47835483807804	NA	NA	NA	NA	NA	NA	17454
HIP04611	TRBV7-7	ap01	ap01	ap01	0.45,0.55	1	44,30	34.4875146628424	NA	NA	NA	NA	NA	NA	17454
HIP04611	TRBV12-5	ap01	ap01	ap01	0.45,0.55	1	23,48	12.3493580756119	NA	NA	NA	NA	NA	NA	17454
HIP04611	TRBV1	ap01	ap01	ap01	0.45,0.55	1	28,35	21.0788400243924	NA	NA	NA	NA	NA	NA	17454
HIP04611	TRBV23-1	ap01	ap01	ap01	0.45,0.55	1	25,35	17.8531065075589	NA	NA	NA	NA	NA	NA	17454
HIP04611	TRBV6-9	ap01	ap01	ap01	0.45,0.55	1	4,12	1.20566163408344	NA	NA	NA	NA	NA	NA	17454
HIP04611	TRBV5-8	ap01	ap01	ap01	0.45,0.55	1	48,44	55.9169204894418	NA	NA	NA	NA	NA	NA	17454
HIP04611	TRBV6-7	ap01	ap01	ap01	0.45,0.55	1	8,17	4.21692449471093	NA	NA	NA	NA	NA	NA	17454
HIP04611	TRBV7-4	ap01	ap01	ap01	0.45,0.55	1	9,13	6.32394112977584	NA	NA	NA	NA	NA	NA	17454
HIP04611	TRBV5-7	Unk	ap01	ap01	0.45,0.55	1	1,5	0.214470656206011	NA	NA	NA	NA	NA	NA	17454
HIP04611	TRBV7-1	ap01_T296C_C314T	Unk	ap01_T296C_C314T	0.45,0.55	1	1,0	0.322695503060871	NA	NA	NA	NA	NA	NA	17454
HIP04611	TRBV16	ap01	ap01	ap01	0.45,0.55	1	2,7	0.344887784678285	NA	NA	NA	NA	NA	NA	17454
HIP04611	TRBV17	Unk	Unk	NA	NA	NA	NA	NA	NA	NA	NA	NA	NA	NA	17454
HIP04611	TRBV26	Unk	Unk	NA	NA	NA	NA	NA	NA	NA	NA	NA	NA	NA	17454
