subject	gene	TRBD2_01	TRBD2_02	alleles	proirs_row	proirs_col	counts1	k1	counts2	k2	counts3	k3	counts4	k4	TOTAL
HIP17845	TRBV6-4	ap01	ap01	ap01	0.5,0.5	1	138,132	170.087946110367	NA	NA	NA	NA	NA	NA	15076
HIP17845	TRBV5-5	ap01	ap01	ap01	0.5,0.5	1	29,39	20.7751943532298	NA	NA	NA	NA	NA	NA	15076
HIP17845	TRBV14	ap01	ap01	ap01	0.5,0.5	1	66,83	48.9874778176353	NA	NA	NA	NA	NA	NA	15076
HIP17845	TRBV7-7	ap01	ap01_C315T	ap01,ap01_C315T	0.5,0.5	0.54,0.46	50,1	11.5973041657558	2,42	10.5913326586092	NA	NA	NA	NA	15076
HIP17845	TRBV11-3	ap01	ap01	ap01	0.5,0.5	1	57,74	41.6206019640843	NA	NA	NA	NA	NA	NA	15076
HIP17845	TRBV20-1	ap01,ap02	ap01,ap02	ap01,ap02	0.5,0.5	0.9,0.1	289,322	110.286221051828	35,33	28.3640713036209	NA	NA	NA	NA	15076
HIP17845	TRBV5-4	ap01	ap01	ap01	0.5,0.5	1	205,202	262.036459990746	NA	NA	NA	NA	NA	NA	15076
HIP17845	TRBV24-1	ap01	ap01	ap01	0.5,0.5	1	141,182	103.268069777517	NA	NA	NA	NA	NA	NA	15076
HIP17845	TRBV4-2	ap01	ap01	ap01	0.5,0.5	1	167,129	157.123009703091	NA	NA	NA	NA	NA	NA	15076
HIP17845	TRBV6-23	ap01	ap01	ap01	0.5,0.5	1	103,127	77.1997612820409	NA	NA	NA	NA	NA	NA	15076
HIP17845	TRBV7-9	ap01	ap01	ap01	0.5,0.5	1	220,229	177.412922473857	NA	NA	NA	NA	NA	NA	15076
HIP17845	TRBV2	ap01	ap01	ap01	0.5,0.5	1	362,328	41.7237249677354	NA	NA	NA	NA	NA	NA	15076
HIP17845	TRBV28	ap01	ap01	ap01	0.5,0.5	1	344,498	235.955608309256	NA	NA	NA	NA	NA	NA	15076
HIP17845	TRBV11-2	ap01	ap01	ap01	0.5,0.5	1	113,148	82.1264104936194	NA	NA	NA	NA	NA	NA	15076
HIP17845	TRBV1	ap01	ap01	ap01	0.5,0.5	1	47,43	54.8282735434288	NA	NA	NA	NA	NA	NA	15076
HIP17845	TRBV7-6	ap01	ap01	ap01	0.5,0.5	1	71,89	52.7839349521202	NA	NA	NA	NA	NA	NA	15076
HIP17845	TRBV23-1	ap01	ap01	ap01	0.5,0.5	1	34,42	25.4604065068451	NA	NA	NA	NA	NA	NA	15076
HIP17845	TRBV9	ap01	ap01	ap01	0.5,0.5	1	393,363	46.391937305285	NA	NA	NA	NA	NA	NA	15076
HIP17845	TRBV15	ap02	ap02	ap02	0.5,0.5	1	77,91	58.8801922133282	NA	NA	NA	NA	NA	NA	15076
HIP17845	TRBV6-1	ap01	ap01	ap01	0.5,0.5	1	137,106	129.17248278432	NA	NA	NA	NA	NA	NA	15076
HIP17845	TRBV5-6	ap01	ap01	ap01	0.5,0.5	1	119,95	116.838940006921	NA	NA	NA	NA	NA	NA	15076
HIP17845	TRBV10-3	ap01	ap01	ap01	0.5,0.5	1	181,165	210.203186757914	NA	NA	NA	NA	NA	NA	15076
HIP17845	TRBV6-56	ap01,ap02	ap01,ap02	ap01,ap02	0.5,0.5	0.72,0.28	200,178	150.140196780292	69,79	25.7257489787961	NA	NA	NA	NA	15076
HIP17845	TRBV7-8	ap01,ap03,ap03_C297A	ap03	ap01,ap03,ap03_C297A	0.5,0.5	0.43,0.19,0.38	59,11	2.59333132930822	9,21	0.30198837767223	57,4	9.99061570041061	NA	NA	15076
HIP17845	TRBV4-1	ap01	ap01	ap01	0.5,0.5	1	220,204	260.958385217377	NA	NA	NA	NA	NA	NA	15076
HIP17845	TRBV10-1	ap01	ap01	ap01	0.5,0.5	1	67,119	39.4372110226193	NA	NA	NA	NA	NA	NA	15076
HIP17845	TRBV5-1	ap01	ap01	ap01	0.5,0.5	1	866,709	87.8249467548835	NA	NA	NA	NA	NA	NA	15076
HIP17845	TRBV19	ap01	ap01	ap01	0.5,0.5	1	213,263	159.536811548535	NA	NA	NA	NA	NA	NA	15076
HIP17845	TRBV7-3	ap01	ap01	ap01	0.5,0.5	1	219,191	240.642226841415	NA	NA	NA	NA	NA	NA	15076
HIP17845	TRBV3-12	ap01	ap01	ap01	0.5,0.5	1	362,317	39.9807068565743	NA	NA	NA	NA	NA	NA	15076
HIP17845	TRBV21-1	ap01	ap01	ap01	0.5,0.5	1	108,148	76.5524433208737	NA	NA	NA	NA	NA	NA	15076
HIP17845	TRBV18	ap01	ap01	ap01	0.5,0.5	1	146,145	188.422078467469	NA	NA	NA	NA	NA	NA	15076
HIP17845	TRBV30	ap01	ap01	ap01	0.5,0.5	1	294,274	35.0924873078895	NA	NA	NA	NA	NA	NA	15076
HIP17845	TRBV12-34	ap01	ap01	ap01	0.5,0.5	1	334,215	246.109856878978	NA	NA	NA	NA	NA	NA	15076
HIP17845	TRBV10-2	ap01	ap01	ap01	0.5,0.5	1	23,62	7.27264526593491	NA	NA	NA	NA	NA	NA	15076
HIP17845	TRBV25-1	ap01	ap01	ap01	0.5,0.5	1	48,74	31.5874610531419	NA	NA	NA	NA	NA	NA	15076
HIP17845	TRBV29-1	ap01,ap02	ap01,ap02	ap01,ap02	0.5,0.5	0.85,0.15	117,146	40.1835818761647	27,18	13.4581658580797	NA	NA	NA	NA	15076
HIP17845	TRBV27	ap01	ap01	ap01	0.5,0.5	1	280,335	212.897851204197	NA	NA	NA	NA	NA	NA	15076
HIP17845	TRBV7-2	ap01_G297A	ap01	ap01,ap01_G297A	0.5,0.5	0.51,0.49	30,151	22.118382864036	171,6	36.7487234268634	NA	NA	NA	NA	15076
HIP17845	TRBV11-1	ap01	ap01	ap01	0.5,0.5	1	14,28	7.31206123847076	NA	NA	NA	NA	NA	NA	15076
HIP17845	TRBV5-8	ap01	ap01	ap01	0.5,0.5	1	39,36	46.0015127017507	NA	NA	NA	NA	NA	NA	15076
HIP17845	TRBV6-8	ap01	ap01	ap01	0.5,0.5	1	5,14	1.42644375013708	NA	NA	NA	NA	NA	NA	15076
HIP17845	TRBV13	ap01	ap01	ap01	0.5,0.5	1	64,64	83.2905820873233	NA	NA	NA	NA	NA	NA	15076
HIP17845	TRBV12-1	ap01	ap01	ap01	0.5,0.5	1	12,9	10.8632983836612	NA	NA	NA	NA	NA	NA	15076
HIP17845	TRBV5-3	ap01	ap01	ap01	0.5,0.5	1	32,41	23.5270713107903	NA	NA	NA	NA	NA	NA	15076
HIP17845	TRBV12-2	ap01	ap01	ap01	0.5,0.5	1	17,32	9.4714348499443	NA	NA	NA	NA	NA	NA	15076
HIP17845	TRBV7-4	ap01	ap01	ap01	0.5,0.5	1	9,11	6.77437250746411	NA	NA	NA	NA	NA	NA	15076
HIP17845	TRBV6-7	ap01	ap01	ap01	0.5,0.5	1	16,8	8.14615016793231	NA	NA	NA	NA	NA	NA	15076
HIP17845	TRBV16	Unk	ap01	ap01	0.5,0.5	1	1,4	0.0702132576247558	NA	NA	NA	NA	NA	NA	15076
HIP17845	TRBV12-5	ap01	ap01	ap01	0.5,0.5	1	22,35	14.1566470035596	NA	NA	NA	NA	NA	NA	15076
HIP17845	TRBV6-9	ap01	ap01	ap01	0.5,0.5	1	5,5	6.50707672557214	NA	NA	NA	NA	NA	NA	15076
HIP17845	TRBV7-1	ap01_G291C_T296C	ap01_G291C_T296C	ap01_G291C_T296C	0.5,0.5	1	2,7	0.155825157793965	NA	NA	NA	NA	NA	NA	15076
HIP17845	TRBV5-7	ap01	ap01	ap01	0.5,0.5	1	5,7	3.50020546144141	NA	NA	NA	NA	NA	NA	15076
HIP17845	TRBV17	Unk	Unk	NA	NA	NA	NA	NA	NA	NA	NA	NA	NA	NA	15076
HIP17845	TRBV26	Unk	Unk	NA	NA	NA	NA	NA	NA	NA	NA	NA	NA	NA	15076
HIP17845	TRBV4-3	Del	Del	Del	NA	NA	NA	1000	NA	NA	NA	NA	NA	NA	15076
