subject	gene	TRBD2_01	TRBD2_02	alleles	proirs_row	proirs_col	counts1	k1	counts2	k2	counts3	k3	counts4	k4	TOTAL
HIP12527	TRBV4-2	ap01	ap01	ap01	0.46,0.54	1	185,160	200.037756745271	NA	NA	NA	NA	NA	NA	15414
HIP12527	TRBV6-4	ap01	ap01	ap01	0.46,0.54	1	148,167	116.058848725109	NA	NA	NA	NA	NA	NA	15414
HIP12527	TRBV19	ap01	ap01	ap01	0.46,0.54	1	247,347	175.968194414663	NA	NA	NA	NA	NA	NA	15414
HIP12527	TRBV7-6	ap01	ap01	ap01	0.46,0.54	1	112,133	86.1096950539678	NA	NA	NA	NA	NA	NA	15414
HIP12527	TRBV20-1	ap01	ap01	ap01	0.46,0.54	1	604,813	43.952564616523	NA	NA	NA	NA	NA	NA	15414
HIP12527	TRBV3-12	ap01	ap01	ap01	0.46,0.54	1	239,303	178.771877960056	NA	NA	NA	NA	NA	NA	15414
HIP12527	TRBV4-1	ap01	ap01	ap01	0.46,0.54	1	234,275	180.653953741858	NA	NA	NA	NA	NA	NA	15414
HIP12527	TRBV7-2	ap01	ap01	ap01	0.46,0.54	1	285,206	242.526891264149	NA	NA	NA	NA	NA	NA	15414
HIP12527	TRBV24-1	ap01	ap01	ap01	0.46,0.54	1	150,218	104.976042564271	NA	NA	NA	NA	NA	NA	15414
HIP12527	TRBV6-1	ap01	ap01	ap01	0.46,0.54	1	89,115	66.0094214399179	NA	NA	NA	NA	NA	NA	15414
HIP12527	TRBV5-4	ap01	ap01	ap01	0.46,0.54	1	160,239	110.296040615846	NA	NA	NA	NA	NA	NA	15414
HIP12527	TRBV12-1	ap01	ap01	ap01	0.46,0.54	1	9,8	10.0821106439145	NA	NA	NA	NA	NA	NA	15414
HIP12527	TRBV15	ap02	ap02	ap02	0.46,0.54	1	60,111	35.8131952873867	NA	NA	NA	NA	NA	NA	15414
HIP12527	TRBV6-56	ap01,ap02	ap01,ap02	ap01,ap02	0.46,0.54	0.74,0.26	203,289	63.0330075665874	84,93	32.7433840347741	NA	NA	NA	NA	15414
HIP12527	TRBV12-34	ap01	ap01	ap01	0.46,0.54	1	349,427	265.063399636648	NA	NA	NA	NA	NA	NA	15414
HIP12527	TRBV2	ap01	ap01	ap01	0.46,0.54	1	174,245	123.817440773629	NA	NA	NA	NA	NA	NA	15414
HIP12527	TRBV6-23	ap01	ap01	ap01	0.46,0.54	1	363,149	125.085187345199	NA	NA	NA	NA	NA	NA	15414
HIP12527	TRBV5-3	ap01	ap01	ap01	0.46,0.54	1	27,37	19.4770732369402	NA	NA	NA	NA	NA	NA	15414
HIP12527	TRBV5-1	ap01	ap01	ap01	0.46,0.54	1	400,594	276.648516501134	NA	NA	NA	NA	NA	NA	15414
HIP12527	TRBV7-3	ap01	ap03	ap01,ap03	0.46,0.54	0.65,0.35	200,10	45.7681934152423	11,103	18.466070819168	NA	NA	NA	NA	15414
HIP12527	TRBV7-9	ap01	ap01	ap01	0.46,0.54	1	260,386	179.847490438923	NA	NA	NA	NA	NA	NA	15414
HIP12527	TRBV14	ap01	ap01	ap01	0.46,0.54	1	73,109	50.3339237179989	NA	NA	NA	NA	NA	NA	15414
HIP12527	TRBV4-3	ap01	Del	ap01	0.46,0.54	1	194,9	47.6614998173613	NA	NA	NA	NA	NA	NA	15414
HIP12527	TRBV21-1	ap01	ap01	ap01	0.46,0.54	1	92,191	49.5149857645913	NA	NA	NA	NA	NA	NA	15414
HIP12527	TRBV25-1	ap01	ap01	ap01	0.46,0.54	1	61,105	38.4475268606285	NA	NA	NA	NA	NA	NA	15414
HIP12527	TRBV12-5	ap01	ap01	ap01	0.46,0.54	1	33,47	23.3438946107274	NA	NA	NA	NA	NA	NA	15414
HIP12527	TRBV27	ap01	ap01	ap01	0.46,0.54	1	281,354	210.771023081949	NA	NA	NA	NA	NA	NA	15414
HIP12527	TRBV7-8	ap01,ap03	ap01,ap03	ap01,ap03	0.46,0.54	0.69,0.31	55,66	20.159605369816	24,30	8.49627738977136	NA	NA	NA	NA	15414
HIP12527	TRBV13	ap01	ap01	ap01	0.46,0.54	1	74,83	58.1591979284858	NA	NA	NA	NA	NA	NA	15414
HIP12527	TRBV28	ap01	ap01	ap01	0.46,0.54	1	256,90	63.7658274271074	NA	NA	NA	NA	NA	NA	15414
HIP12527	TRBV30	Del	ap01	ap01	0.46,0.54	1	59,309	16.6541856034083	NA	NA	NA	NA	NA	NA	15414
HIP12527	TRBV5-6	ap01	ap01	ap01	0.46,0.54	1	103,116	80.8285572570116	NA	NA	NA	NA	NA	NA	15414
HIP12527	TRBV10-1	ap01	ap01	ap01	0.46,0.54	1	64,130	35.1899949102769	NA	NA	NA	NA	NA	NA	15414
HIP12527	TRBV11-1	ap01	ap01	ap01	0.46,0.54	1	22,12	12.3955905397399	NA	NA	NA	NA	NA	NA	15414
HIP12527	TRBV7-4	ap01	ap01	ap01	0.46,0.54	1	16,15	19.184737280618	NA	NA	NA	NA	NA	NA	15414
HIP12527	TRBV18	ap01	ap01	ap01	0.46,0.54	1	86,141	56.0300496652944	NA	NA	NA	NA	NA	NA	15414
HIP12527	TRBV11-2	ap01	ap01	ap01	0.46,0.54	1	90,151	57.742773474945	NA	NA	NA	NA	NA	NA	15414
HIP12527	TRBV5-8	ap01	ap01	ap01	0.46,0.54	1	40,45	31.4023303489299	NA	NA	NA	NA	NA	NA	15414
HIP12527	TRBV9	ap01	ap01	ap01	0.46,0.54	1	291,197	226.010145760759	NA	NA	NA	NA	NA	NA	15414
HIP12527	TRBV29-1	ap01,ap02	ap01,ap02	ap01,ap02	0.46,0.54	0.84,0.16	98,169	23.0432816389242	20,31	5.57702457285564	NA	NA	NA	NA	15414
HIP12527	TRBV10-3	ap01	ap01	ap01	0.46,0.54	1	102,140	73.5223773102492	NA	NA	NA	NA	NA	NA	15414
HIP12527	TRBV5-5	ap01	ap01	ap01	0.46,0.54	1	21,34	13.7934219401173	NA	NA	NA	NA	NA	NA	15414
HIP12527	TRBV6-8	ap01	ap01	ap01	0.46,0.54	1	6,10	3.86682137378715	NA	NA	NA	NA	NA	NA	15414
HIP12527	TRBV6-7	ap01	ap01	ap01	0.46,0.54	1	14,22	9.36864604798635	NA	NA	NA	NA	NA	NA	15414
HIP12527	TRBV10-2	Unk	ap01	ap01	0.46,0.54	1	20,86	0.780077698788318	NA	NA	NA	NA	NA	NA	15414
HIP12527	TRBV11-3	ap01	ap01	ap01	0.46,0.54	1	105,81	97.6290045005073	NA	NA	NA	NA	NA	NA	15414
HIP12527	TRBV23-1	ap01	ap01	ap01	0.46,0.54	1	22,43	12.5345465354253	NA	NA	NA	NA	NA	NA	15414
HIP12527	TRBV12-2	ap01	ap01	ap01	0.46,0.54	1	16,39	7.11044237046457	NA	NA	NA	NA	NA	NA	15414
HIP12527	TRBV16	ap01	ap01	ap01	0.46,0.54	1	3,2	2.27985924102581	NA	NA	NA	NA	NA	NA	15414
HIP12527	TRBV7-7	ap01_C315T	ap01	ap01,ap01_C315T	0.46,0.54	0.57,0.43	7,42	5.8521889214497	37,0	10.6213277784356	NA	NA	NA	NA	15414
HIP12527	TRBV1	ap01	ap01	ap01	0.46,0.54	1	31,47	21.1897970465908	NA	NA	NA	NA	NA	NA	15414
HIP12527	TRBV6-9	ap01	Unk	ap01	0.46,0.54	1	13,1	2.55031948543026	NA	NA	NA	NA	NA	NA	15414
HIP12527	TRBV5-7	ap01	ap01	ap01	0.46,0.54	1	4,5	3.01045946896186	NA	NA	NA	NA	NA	NA	15414
HIP12527	TRBV7-1	ap01_G291C_T296C	ap01_G291C_T296C,ap01_G291C_T296C_C314T	ap01_G291C_T296C,ap01_G291C_T296C_C314T	0.46,0.54	0.38,0.62	1,2	0.166110734746245	0,5	1.25267215440597	NA	NA	NA	NA	15414
HIP12527	TRBV17	Unk	Unk	NA	NA	NA	NA	NA	NA	NA	NA	NA	NA	NA	15414
HIP12527	TRBV26	Unk	Unk	NA	NA	NA	NA	NA	NA	NA	NA	NA	NA	NA	15414
