subject	gene	TRBD2_01	TRBD2_02	alleles	proirs_row	proirs_col	counts1	k1	counts2	k2	counts3	k3	counts4	k4	TOTAL
HIP00869	TRBV6-4	ap01	ap01	ap01	0.43,0.57	1	172,196	134.244828831867	NA	NA	NA	NA	NA	NA	28645
HIP00869	TRBV2	ap01	ap01	ap01	0.43,0.57	1	606,477	57.4081257914801	NA	NA	NA	NA	NA	NA	28645
HIP00869	TRBV21-1	ap01	ap01	ap01	0.43,0.57	1	188,344	115.678469798664	NA	NA	NA	NA	NA	NA	28645
HIP00869	TRBV11-1	ap01	ap01	ap01	0.43,0.57	1	50,71	35.6687970347101	NA	NA	NA	NA	NA	NA	28645
HIP00869	TRBV28	Del	ap01	ap01	0.43,0.57	1	183,914	25.9924479320688	NA	NA	NA	NA	NA	NA	28645
HIP00869	TRBV10-3	ap01	ap01	ap01	0.43,0.57	1	246,283	191.361318010961	NA	NA	NA	NA	NA	NA	28645
HIP00869	TRBV14	ap01	ap01	ap01	0.43,0.57	1	135,170	101.498712702765	NA	NA	NA	NA	NA	NA	28645
HIP00869	TRBV12-34	ap01	ap01	ap01	0.43,0.57	1	619,675	49.0393537954761	NA	NA	NA	NA	NA	NA	28645
HIP00869	TRBV11-2	ap01	ap01	ap01	0.43,0.57	1	244,319	180.639884381212	NA	NA	NA	NA	NA	NA	28645
HIP00869	TRBV7-9	ap01	ap01	ap01	0.43,0.57	1	509,712	36.5688082681714	NA	NA	NA	NA	NA	NA	28645
HIP00869	TRBV27	ap01	ap01	ap01	0.43,0.57	1	397,1012	175.938517237264	NA	NA	NA	NA	NA	NA	28645
HIP00869	TRBV20-1	ap01,ap02	ap01,ap02	ap01,ap02	0.43,0.57	0.86,0.14	570,718	202.691049204934	87,128	26.6805778536382	NA	NA	NA	NA	28645
HIP00869	TRBV19	ap01	ap01	ap01	0.43,0.57	1	404,609	279.75155873891	NA	NA	NA	NA	NA	NA	28645
HIP00869	TRBV9	ap01	ap01	ap01	0.43,0.57	1	732,736	59.4806488014585	NA	NA	NA	NA	NA	NA	28645
HIP00869	TRBV24-1	ap01	ap01	ap01	0.43,0.57	1	187,291	127.308546087126	NA	NA	NA	NA	NA	NA	28645
HIP00869	TRBV4-1	ap01	ap01	ap01	0.43,0.57	1	309,280	35.3094665579214	NA	NA	NA	NA	NA	NA	28645
HIP00869	TRBV18	ap01	ap01	ap01	0.43,0.57	1	228,285	171.925251671029	NA	NA	NA	NA	NA	NA	28645
HIP00869	TRBV5-4	ap01	ap01	ap01	0.43,0.57	1	386,368	47.1001638674436	NA	NA	NA	NA	NA	NA	28645
HIP00869	TRBV5-1	ap01	ap01	ap01	0.43,0.57	1	1091,839	100.110378432106	NA	NA	NA	NA	NA	NA	28645
HIP00869	TRBV3-12	ap01	ap01	ap01	0.43,0.57	1	572,704	43.3953621816592	NA	NA	NA	NA	NA	NA	28645
HIP00869	TRBV6-56	ap01,ap02	ap01,ap02	ap01,ap02	0.43,0.57	0.76,0.24	346,406	129.935646944612	112,124	43.7760374114811	NA	NA	NA	NA	28645
HIP00869	TRBV6-23	ap01	ap01	ap01	0.43,0.57	1	218,731	54.6624361210513	NA	NA	NA	NA	NA	NA	28645
HIP00869	TRBV30	ap01	ap01	ap01	0.43,0.57	1	317,349	250.343677629237	NA	NA	NA	NA	NA	NA	28645
HIP00869	TRBV5-6	ap01	ap01	ap01	0.43,0.57	1	201,239	154.497192471885	NA	NA	NA	NA	NA	NA	28645
HIP00869	TRBV7-2	ap01	ap01	ap01	0.43,0.57	1	316,643	178.934243961956	NA	NA	NA	NA	NA	NA	28645
HIP00869	TRBV4-3	Del	ap01	ap01	0.43,0.57	1	48,439	54.5025423740215	NA	NA	NA	NA	NA	NA	28645
HIP00869	TRBV7-8	ap01,ap03	ap01,ap03	ap01,ap03	0.43,0.57	0.66,0.34	123,153	44.1863888665129	63,78	22.7166374714303	NA	NA	NA	NA	28645
HIP00869	TRBV7-6	ap01	ap01	ap01	0.43,0.57	1	225,222	286.846129340271	NA	NA	NA	NA	NA	NA	28645
HIP00869	TRBV4-2	ap01	ap01	ap01	0.43,0.57	1	253,340	185.093164758594	NA	NA	NA	NA	NA	NA	28645
HIP00869	TRBV6-1	ap01	ap01	ap01	0.43,0.57	1	213,172	208.907775453035	NA	NA	NA	NA	NA	NA	28645
HIP00869	TRBV7-3	ap01	ap01	ap01	0.43,0.57	1	379,396	304.394142979897	NA	NA	NA	NA	NA	NA	28645
HIP00869	TRBV1	ap01	ap01	ap01	0.43,0.57	1	64,51	61.6529538270214	NA	NA	NA	NA	NA	NA	28645
HIP00869	TRBV15	ap02	ap02	ap02	0.43,0.57	1	152,215	108.634160819417	NA	NA	NA	NA	NA	NA	28645
HIP00869	TRBV10-1	ap01	ap01	ap01	0.43,0.57	1	105,171	69.6636516748197	NA	NA	NA	NA	NA	NA	28645
HIP00869	TRBV12-2	ap01	ap01	ap01	0.43,0.57	1	40,57	28.4871762387446	NA	NA	NA	NA	NA	NA	28645
HIP00869	TRBV7-4	ap01	ap01	ap01	0.43,0.57	1	18,24	13.2140857668788	NA	NA	NA	NA	NA	NA	28645
HIP00869	TRBV11-3	ap01	ap01	ap01	0.43,0.57	1	288,159	161.712073596579	NA	NA	NA	NA	NA	NA	28645
HIP00869	TRBV6-7	ap01	ap01	ap01	0.43,0.57	1	28,42	19.4384787823746	NA	NA	NA	NA	NA	NA	28645
HIP00869	TRBV13	ap01	ap01	ap01	0.43,0.57	1	117,86	100.834031564451	NA	NA	NA	NA	NA	NA	28645
HIP00869	TRBV25-1	ap01	ap01	ap01	0.43,0.57	1	95,133	68.2253975616722	NA	NA	NA	NA	NA	NA	28645
HIP00869	TRBV12-5	ap01	ap01	ap01	0.43,0.57	1	106,121	82.6821907334515	NA	NA	NA	NA	NA	NA	28645
HIP00869	TRBV7-7	ap01	ap01_C315T	ap01,ap01_C315T	0.43,0.57	0.37,0.63	54,3	13.0491276432007	14,82	9.90266290818334	NA	NA	NA	NA	28645
HIP00869	TRBV29-1	ap01,ap02	ap01,ap02	ap01,ap02	0.43,0.57	0.85,0.15	171,313	38.2423891034536	31,56	7.10453923581024	NA	NA	NA	NA	28645
HIP00869	TRBV5-8	ap01	ap01	ap01	0.43,0.57	1	41,55	30.0189819317403	NA	NA	NA	NA	NA	NA	28645
HIP00869	TRBV5-5	ap01	ap01	ap01	0.43,0.57	1	77,85	60.7546784776114	NA	NA	NA	NA	NA	NA	28645
HIP00869	TRBV5-3	ap01	ap01	ap01	0.43,0.57	1	47,64	34.1843702422492	NA	NA	NA	NA	NA	NA	28645
HIP00869	TRBV12-1	ap01	ap01	ap01	0.43,0.57	1	17,30	10.7250522934134	NA	NA	NA	NA	NA	NA	28645
HIP00869	TRBV23-1	ap01	ap01	ap01	0.43,0.57	1	36,85	17.5738145644131	NA	NA	NA	NA	NA	NA	28645
HIP00869	TRBV16	ap01	ap01	ap01	0.43,0.57	1	4,5	3.01623248545665	NA	NA	NA	NA	NA	NA	28645
HIP00869	TRBV10-2	ap01	ap01	ap01	0.43,0.57	1	36,39	28.5819340398143	NA	NA	NA	NA	NA	NA	28645
HIP00869	TRBV7-1	ap01_G291C_T296C	ap01_G291C_T296C	ap01_G291C_T296C	0.43,0.57	1	4,16	0.383856089165055	NA	NA	NA	NA	NA	NA	28645
HIP00869	TRBV6-8	ap01	ap01	ap01	0.43,0.57	1	12,15	9.04869745636995	NA	NA	NA	NA	NA	NA	28645
HIP00869	TRBV5-7	ap01	ap01	ap01	0.43,0.57	1	5,7	3.59081039798275	NA	NA	NA	NA	NA	NA	28645
HIP00869	TRBV6-9	ap01	ap01	ap01	0.43,0.57	1	6,11	3.68677442027401	NA	NA	NA	NA	NA	NA	28645
HIP00869	TRBV17	Unk	Unk	NA	NA	NA	NA	NA	NA	NA	NA	NA	NA	NA	28645
HIP00869	TRBV26	Unk	Unk	NA	NA	NA	NA	NA	NA	NA	NA	NA	NA	NA	28645
