subject	gene	TRBD2_01	TRBD2_02	alleles	proirs_row	proirs_col	counts1	k1	counts2	k2	counts3	k3	counts4	k4	TOTAL
Keck0001_MC1	TRBV6-56	ap01,ap02	ap01,ap02	ap01,ap02	0.47,0.53	0.7,0.3	116,99	82.1307951141528	48,43	36.3337586812289	NA	NA	NA	NA	9995
Keck0001_MC1	TRBV13	ap01	ap01	ap01	0.47,0.53	1	51,51	66.3687067723831	NA	NA	NA	NA	NA	NA	9995
Keck0001_MC1	TRBV3-12	ap01	ap01	ap01	0.47,0.53	1	218,231	174.916276383532	NA	NA	NA	NA	NA	NA	9995
Keck0001_MC1	TRBV7-3	ap01	ap01	ap01	0.47,0.53	1	155,168	123.352439079116	NA	NA	NA	NA	NA	NA	9995
Keck0001_MC1	TRBV27	ap01	ap01	ap01	0.47,0.53	1	225,374	143.915442253472	NA	NA	NA	NA	NA	NA	9995
Keck0001_MC1	TRBV5-1	ap01	ap01	ap01	0.47,0.53	1	274,403	189.422141602576	NA	NA	NA	NA	NA	NA	9995
Keck0001_MC1	TRBV5-6	ap01	ap01	ap01	0.47,0.53	1	74,95	54.8954798078692	NA	NA	NA	NA	NA	NA	9995
Keck0001_MC1	TRBV20-1	ap01,ap02	ap01,ap02	ap01,ap02	0.47,0.53	0.87,0.13	208,258	73.5974362177012	33,35	13.2224318588776	NA	NA	NA	NA	9995
Keck0001_MC1	TRBV2	ap01	ap01	ap01	0.47,0.53	1	147,177	112.2133815418	NA	NA	NA	NA	NA	NA	9995
Keck0001_MC1	TRBV6-23	ap01	ap01	ap01	0.47,0.53	1	232,92	76.4090934329134	NA	NA	NA	NA	NA	NA	9995
Keck0001_MC1	TRBV4-2	ap01	ap01	ap01	0.47,0.53	1	147,82	86.6000044787416	NA	NA	NA	NA	NA	NA	9995
Keck0001_MC1	TRBV29-1	ap01,ap02	ap01,ap02	ap01,ap02	0.47,0.53	0.84,0.16	88,104	32.4803440043336	19,18	15.5124604942762	NA	NA	NA	NA	9995
Keck0001_MC1	TRBV30	ap02	ap01	ap01,ap02	0.47,0.53	0.68,0.32	18,124	20.1245257421897	66,0	18.2948419033211	NA	NA	NA	NA	9995
Keck0001_MC1	TRBV24-1	ap01	ap01	ap01	0.47,0.53	1	69,99	48.3724401172851	NA	NA	NA	NA	NA	NA	9995
Keck0001_MC1	TRBV4-3	ap01	Del	ap01	0.47,0.53	1	124,7	27.0894070793841	NA	NA	NA	NA	NA	NA	9995
Keck0001_MC1	TRBV12-34	ap01	ap01	ap01	0.47,0.53	1	207,157	188.84192044229	NA	NA	NA	NA	NA	NA	9995
Keck0001_MC1	TRBV4-1	ap01	ap01	ap01	0.47,0.53	1	107,140	78.6642133380189	NA	NA	NA	NA	NA	NA	9995
Keck0001_MC1	TRBV19	ap01	ap01	ap01	0.47,0.53	1	137,192	97.2767797657587	NA	NA	NA	NA	NA	NA	9995
Keck0001_MC1	TRBV25-1	ap01	ap01	ap01	0.47,0.53	1	30,54	18.0724171720617	NA	NA	NA	NA	NA	NA	9995
Keck0001_MC1	TRBV18	ap01	ap01	ap01	0.47,0.53	1	69,83	52.6936341627093	NA	NA	NA	NA	NA	NA	9995
Keck0001_MC1	TRBV6-1	ap01	ap01	ap01	0.47,0.53	1	54,96	32.854440463118	NA	NA	NA	NA	NA	NA	9995
Keck0001_MC1	TRBV9	ap01	ap01	ap01	0.47,0.53	1	256,243	312.205274515788	NA	NA	NA	NA	NA	NA	9995
Keck0001_MC1	TRBV10-1	ap01	ap01	ap01	0.47,0.53	1	46,75	29.8176217609723	NA	NA	NA	NA	NA	NA	9995
Keck0001_MC1	TRBV5-7	ap01	ap01	ap01	0.47,0.53	1	3,2	2.29330261040429	NA	NA	NA	NA	NA	NA	9995
Keck0001_MC1	TRBV7-4	ap01	ap01	ap01	0.47,0.53	1	7,12	4.37894211685115	NA	NA	NA	NA	NA	NA	9995
Keck0001_MC1	TRBV5-4	ap01	ap01	ap01	0.47,0.53	1	113,146	83.5750549860586	NA	NA	NA	NA	NA	NA	9995
Keck0001_MC1	TRBV7-8	ap01,ap03	ap01,ap03	ap01,ap03	0.47,0.53	0.65,0.35	31,41	10.3048817027057	18,21	6.71477283206272	NA	NA	NA	NA	9995
Keck0001_MC1	TRBV28	ap01	ap01	ap01	0.47,0.53	1	213,321	145.166818698793	NA	NA	NA	NA	NA	NA	9995
Keck0001_MC1	TRBV21-1	ap01	ap01	ap01	0.47,0.53	1	56,114	30.170193633707	NA	NA	NA	NA	NA	NA	9995
Keck0001_MC1	TRBV6-9	ap01	ap01	ap01	0.47,0.53	1	4,8	2.19359592067036	NA	NA	NA	NA	NA	NA	9995
Keck0001_MC1	TRBV1	ap01	ap01	ap01	0.47,0.53	1	28,22	26.7732875785793	NA	NA	NA	NA	NA	NA	9995
Keck0001_MC1	TRBV11-2	ap01	ap01	ap01	0.47,0.53	1	75,137	44.6408936744763	NA	NA	NA	NA	NA	NA	9995
Keck0001_MC1	TRBV15	ap02	ap02	ap02	0.47,0.53	1	69,72	55.6644550689385	NA	NA	NA	NA	NA	NA	9995
Keck0001_MC1	TRBV11-3	ap01	ap01	ap01	0.47,0.53	1	43,49	33.5739173772498	NA	NA	NA	NA	NA	NA	9995
Keck0001_MC1	TRBV7-7	ap01_C315T	ap01	ap01,ap01_C315T	0.47,0.53	0.56,0.44	5,27	3.65030461072161	23,2	4.06667994141775	NA	NA	NA	NA	9995
Keck0001_MC1	TRBV6-7	ap01	ap01	ap01	0.47,0.53	1	12,6	5.95173251273359	NA	NA	NA	NA	NA	NA	9995
Keck0001_MC1	TRBV5-3	ap01	ap01	ap01	0.47,0.53	1	23,29	17.2044452171178	NA	NA	NA	NA	NA	NA	9995
Keck0001_MC1	TRBV7-2	ap01	ap01	ap01	0.47,0.53	1	236,98	84.8359601282583	NA	NA	NA	NA	NA	NA	9995
Keck0001_MC1	TRBV10-3	ap01	ap01	ap01	0.47,0.53	1	72,87	54.8789803588901	NA	NA	NA	NA	NA	NA	9995
Keck0001_MC1	TRBV7-6	ap01	ap01	ap01	0.47,0.53	1	49,60	37.1343858860943	NA	NA	NA	NA	NA	NA	9995
Keck0001_MC1	TRBV6-8	ap01	ap01	ap01	0.47,0.53	1	3,6	1.64519694050277	NA	NA	NA	NA	NA	NA	9995
Keck0001_MC1	TRBV6-4	ap01	ap01	ap01	0.47,0.53	1	110,96	120.597845575504	NA	NA	NA	NA	NA	NA	9995
Keck0001_MC1	TRBV7-9	ap01	ap01	ap01	0.47,0.53	1	93,157	58.8332693629171	NA	NA	NA	NA	NA	NA	9995
Keck0001_MC1	TRBV14	ap01	ap01	ap01	0.47,0.53	1	49,75	33.0832664685091	NA	NA	NA	NA	NA	NA	9995
Keck0001_MC1	TRBV12-1	ap01	ap01	ap01	0.47,0.53	1	10,17	6.29421368519293	NA	NA	NA	NA	NA	NA	9995
Keck0001_MC1	TRBV12-2	ap01	ap01	ap01	0.47,0.53	1	13,23	7.93941062569569	NA	NA	NA	NA	NA	NA	9995
Keck0001_MC1	TRBV12-5	ap01	ap01	ap01	0.47,0.53	1	26,29	20.4700899246546	NA	NA	NA	NA	NA	NA	9995
Keck0001_MC1	TRBV10-2	ap01	ap01	ap01	0.47,0.53	1	12,44	1.17929520523082	NA	NA	NA	NA	NA	NA	9995
Keck0001_MC1	TRBV5-8	ap01	ap01	ap01	0.47,0.53	1	19,17	21.5041187118082	NA	NA	NA	NA	NA	NA	9995
Keck0001_MC1	TRBV23-1	ap01	ap01	ap01	0.47,0.53	1	21,34	13.6769756062315	NA	NA	NA	NA	NA	NA	9995
Keck0001_MC1	TRBV5-5	ap01	ap01	ap01	0.47,0.53	1	15,21	10.6566563530649	NA	NA	NA	NA	NA	NA	9995
Keck0001_MC1	TRBV11-1	ap01	ap01	ap01	0.47,0.53	1	15,26	9.30628321386989	NA	NA	NA	NA	NA	NA	9995
Keck0001_MC1	TRBV7-1	ap01_G291C_T296C	ap01_G291C_T296C_C314T	ap01_G291C_T296C,ap01_G291C_T296C_C314T	0.47,0.53	0.57,0.43	4,0	1.10877829717098	0,3	0.781727142939389	NA	NA	NA	NA	9995
Keck0001_MC1	TRBV16	ap01	ap01	ap01	0.47,0.53	1	2,3	1.36687258817419	NA	NA	NA	NA	NA	NA	9995
Keck0001_MC1	TRBV17	Unk	Unk	NA	NA	NA	NA	NA	NA	NA	NA	NA	NA	NA	9995
Keck0001_MC1	TRBV26	Unk	Unk	NA	NA	NA	NA	NA	NA	NA	NA	NA	NA	NA	9995
