subject	gene	TRBD2_01	TRBD2_02	alleles	proirs_row	proirs_col	counts1	k1	counts2	k2	counts3	k3	counts4	k4	TOTAL
HIP01004	TRBV6-56	ap01,ap02	ap01,ap02	ap01,ap02	0.47,0.53	0.74,0.26	250,271	98.5357041747643	89,96	35.2043503279794	NA	NA	NA	NA	20304
HIP01004	TRBV6-4	ap01	ap01	ap01	0.47,0.53	1	188,165	207.724996959003	NA	NA	NA	NA	NA	NA	20304
HIP01004	TRBV5-4	ap01	ap01	ap01	0.47,0.53	1	347,380	275.049974978785	NA	NA	NA	NA	NA	NA	20304
HIP01004	TRBV6-1	ap01	ap01	ap01	0.47,0.53	1	173,158	201.05941015267	NA	NA	NA	NA	NA	NA	20304
HIP01004	TRBV9	ap01	ap01	ap01	0.47,0.53	1	493,598	37.4875916680443	NA	NA	NA	NA	NA	NA	20304
HIP01004	TRBV4-2	ap01	ap01	ap01	0.47,0.53	1	225,194	243.024589408805	NA	NA	NA	NA	NA	NA	20304
HIP01004	TRBV4-1	ap01	ap01	ap01	0.47,0.53	1	301,298	38.6943659458714	NA	NA	NA	NA	NA	NA	20304
HIP01004	TRBV24-1	ap01	ap01	ap01	0.47,0.53	1	135,218	87.8107972165746	NA	NA	NA	NA	NA	NA	20304
HIP01004	TRBV25-1	ap01	ap01	ap01	0.47,0.53	1	91,137	61.9129317968495	NA	NA	NA	NA	NA	NA	20304
HIP01004	TRBV27	ap01	ap01	ap01	0.47,0.53	1	255,335	186.872293716	NA	NA	NA	NA	NA	NA	20304
HIP01004	TRBV19	ap01	ap01	ap01	0.47,0.53	1	309,441	216.85267438797	NA	NA	NA	NA	NA	NA	20304
HIP01004	TRBV14	ap01	ap01	ap01	0.47,0.53	1	51,118	23.4201582672609	NA	NA	NA	NA	NA	NA	20304
HIP01004	TRBV30	ap01	ap01	ap01	0.47,0.53	1	381,393	308.630715743626	NA	NA	NA	NA	NA	NA	20304
HIP01004	TRBV5-6	ap01	ap01	ap01	0.47,0.53	1	184,161	202.518814114736	NA	NA	NA	NA	NA	NA	20304
HIP01004	TRBV3-12	ap01	ap01	ap01	0.47,0.53	1	539,515	66.2960341685971	NA	NA	NA	NA	NA	NA	20304
HIP01004	TRBV2	ap01	ap01	ap01	0.47,0.53	1	408,422	33.0187635715347	NA	NA	NA	NA	NA	NA	20304
HIP01004	TRBV10-3	ap01	ap01	ap01	0.47,0.53	1	203,212	163.727918260571	NA	NA	NA	NA	NA	NA	20304
HIP01004	TRBV7-3	ap01	ap01	ap01	0.47,0.53	1	340,387	265.488677799066	NA	NA	NA	NA	NA	NA	20304
HIP01004	TRBV6-23	ap01	ap01	ap01	0.47,0.53	1	168,164	212.230880029379	NA	NA	NA	NA	NA	NA	20304
HIP01004	TRBV12-34	ap01	ap01	ap01	0.47,0.53	1	463,503	36.8100645620155	NA	NA	NA	NA	NA	NA	20304
HIP01004	TRBV21-1	ap01	ap01	ap01	0.47,0.53	1	146,213	101.19401037577	NA	NA	NA	NA	NA	NA	20304
HIP01004	TRBV11-2	ap01	ap01	ap01	0.47,0.53	1	203,169	209.568984192961	NA	NA	NA	NA	NA	NA	20304
HIP01004	TRBV7-4	ap01	ap01	ap01	0.47,0.53	1	14,36	5.44190761832044	NA	NA	NA	NA	NA	NA	20304
HIP01004	TRBV7-9	ap01	ap01	ap01	0.47,0.53	1	275,353	203.792963734805	NA	NA	NA	NA	NA	NA	20304
HIP01004	TRBV5-1	ap01	ap01	ap01	0.47,0.53	1	1086,940	117.882746302955	NA	NA	NA	NA	NA	NA	20304
HIP01004	TRBV20-1	ap01,ap02	ap01,ap02	ap01,ap02	0.47,0.53	0.88,0.12	419,566	135.635305516839	61,69	23.2835949915176	NA	NA	NA	NA	20304
HIP01004	TRBV10-1	ap01	ap01	ap01	0.47,0.53	1	154,134	168.294042355109	NA	NA	NA	NA	NA	NA	20304
HIP01004	TRBV7-7	ap01	ap01	ap01	0.47,0.53	1	55,55	71.5850141086708	NA	NA	NA	NA	NA	NA	20304
HIP01004	TRBV13	ap01	ap01	ap01	0.47,0.53	1	91,93	73.9519361290323	NA	NA	NA	NA	NA	NA	20304
HIP01004	TRBV7-2	ap01	ap01	ap01	0.47,0.53	1	241,375	160.635742251182	NA	NA	NA	NA	NA	NA	20304
HIP01004	TRBV7-1	ap01	ap01,ap01_T296C_C314T	ap01,ap01_T296C_C314T	0.47,0.53	0.5,0.5	1,1	0.877045356718203	0,2	0.527897654467918	NA	NA	NA	NA	20304
HIP01004	TRBV12-2	ap01	ap01	ap01	0.47,0.53	1	34,51	23.1834188415919	NA	NA	NA	NA	NA	NA	20304
HIP01004	TRBV18	ap01	ap01	ap01	0.47,0.53	1	154,176	120.056005462439	NA	NA	NA	NA	NA	NA	20304
HIP01004	TRBV7-8	ap01,ap03	ap01,ap03	ap01,ap03	0.47,0.53	0.58,0.42	69,68	59.3651050928191	50,49	42.7012433151733	NA	NA	NA	NA	20304
HIP01004	TRBV12-1	ap01	ap01	ap01	0.47,0.53	1	17,20	13.0965849623188	NA	NA	NA	NA	NA	NA	20304
HIP01004	TRBV5-5	ap01	ap01	ap01	0.47,0.53	1	60,61	48.846713912657	NA	NA	NA	NA	NA	NA	20304
HIP01004	TRBV28	ap01	ap01	ap01	0.47,0.53	1	58,92	38.1801164086039	NA	NA	NA	NA	NA	NA	20304
HIP01004	TRBV10-2	ap01	ap01	ap01	0.47,0.53	1	74,23	14.3471898885577	NA	NA	NA	NA	NA	NA	20304
HIP01004	TRBV1	ap01	ap01	ap01	0.47,0.53	1	85,84	109.024185583215	NA	NA	NA	NA	NA	NA	20304
HIP01004	TRBV5-8	ap01	ap01	ap01	0.47,0.53	1	38,36	46.2443373056193	NA	NA	NA	NA	NA	NA	20304
HIP01004	TRBV7-6	ap01	ap01	ap01	0.47,0.53	1	106,118	83.4958806926788	NA	NA	NA	NA	NA	NA	20304
HIP01004	TRBV5-3	ap01	ap01	ap01	0.47,0.53	1	34,68	18.5319853496122	NA	NA	NA	NA	NA	NA	20304
HIP01004	TRBV11-3	ap01	ap01	ap01	0.47,0.53	1	82,104	61.1116122854637	NA	NA	NA	NA	NA	NA	20304
HIP01004	TRBV29-1	ap01,ap02	ap01,ap02	ap01,ap02	0.47,0.53	0.85,0.15	130,206	34.0607764944914	23,34	6.67179681872078	NA	NA	NA	NA	20304
HIP01004	TRBV6-8	ap01	ap01	ap01	0.47,0.53	1	8,11	5.7285358151969	NA	NA	NA	NA	NA	NA	20304
HIP01004	TRBV6-9	ap01	ap01	ap01	0.47,0.53	1	8,8	10.4123656885339	NA	NA	NA	NA	NA	NA	20304
HIP01004	TRBV6-7	ap01	ap01	ap01	0.47,0.53	1	16,32	8.72093428217043	NA	NA	NA	NA	NA	NA	20304
HIP01004	TRBV23-1	ap01	ap01	ap01	0.47,0.53	1	28,63	13.3463388500419	NA	NA	NA	NA	NA	NA	20304
HIP01004	TRBV15	ap02	ap02	ap02	0.47,0.53	1	91,107	70.1213438415196	NA	NA	NA	NA	NA	NA	20304
HIP01004	TRBV12-5	ap01	ap01	ap01	0.47,0.53	1	60,50	62.02074408942	NA	NA	NA	NA	NA	NA	20304
HIP01004	TRBV16	ap01	ap01	ap01	0.47,0.53	1	2,2	2.60309142213348	NA	NA	NA	NA	NA	NA	20304
HIP01004	TRBV11-1	ap01	ap01	ap01	0.47,0.53	1	44,46	35.4743461385068	NA	NA	NA	NA	NA	NA	20304
HIP01004	TRBV5-7	ap01	ap01	ap01	0.47,0.53	1	7,6	7.50362012000874	NA	NA	NA	NA	NA	NA	20304
HIP01004	TRBV17	Unk	Unk	NA	NA	NA	NA	NA	NA	NA	NA	NA	NA	NA	20304
HIP01004	TRBV26	Unk	Unk	NA	NA	NA	NA	NA	NA	NA	NA	NA	NA	NA	20304
HIP01004	TRBV4-3	Del	Del	Del	NA	NA	NA	1000	NA	NA	NA	NA	NA	NA	20304
