subject	gene	TRBD2_01	TRBD2_02	alleles	proirs_row	proirs_col	counts1	k1	counts2	k2	counts3	k3	counts4	k4	TOTAL
HIP13975	TRBV3-12	ap01	ap01	ap01	0.5,0.5	1	676,583	73.2326167787323	NA	NA	NA	NA	NA	NA	26575
HIP13975	TRBV11-2	ap01	ap01	ap01	0.5,0.5	1	244,287	187.050953263004	NA	NA	NA	NA	NA	NA	26575
HIP13975	TRBV2	ap01	ap01	ap01	0.5,0.5	1	511,568	40.148719767494	NA	NA	NA	NA	NA	NA	26575
HIP13975	TRBV27	ap01	ap01	ap01	0.5,0.5	1	267,413	175.485374825038	NA	NA	NA	NA	NA	NA	26575
HIP13975	TRBV5-4	ap01	ap01	ap01	0.5,0.5	1	403,480	307.176266488185	NA	NA	NA	NA	NA	NA	26575
HIP13975	TRBV12-5	ap01	ap01	ap01	0.5,0.5	1	92,120	67.0493068645679	NA	NA	NA	NA	NA	NA	26575
HIP13975	TRBV28	ap01	ap01	ap01	0.5,0.5	1	71,121	43.3668011012642	NA	NA	NA	NA	NA	NA	26575
HIP13975	TRBV7-2	ap01	ap01	ap01	0.5,0.5	1	660,430	49.4257337875656	NA	NA	NA	NA	NA	NA	26575
HIP13975	TRBV7-9	ap01	ap01	ap01	0.5,0.5	1	451,496	35.5911916774954	NA	NA	NA	NA	NA	NA	26575
HIP13975	TRBV4-3	ap01	Del	ap01	0.5,0.5	1	430,19	92.0999733841629	NA	NA	NA	NA	NA	NA	26575
HIP13975	TRBV5-1	ap01	ap01	ap01	0.5,0.5	1	1022,1121	80.740063053021	NA	NA	NA	NA	NA	NA	26575
HIP13975	TRBV6-4	ap01	ap01	ap01	0.5,0.5	1	237,246	191.353521616588	NA	NA	NA	NA	NA	NA	26575
HIP13975	TRBV7-7	ap01_C315T	ap01	ap01,ap01_C315T	0.5,0.5	0.54,0.46	13,88	15.9419326826506	82,3	17.5588021336148	NA	NA	NA	NA	26575
HIP13975	TRBV6-56	ap01,ap02	ap01,ap02	ap01,ap02	0.5,0.5	0.71,0.29	321,397	111.398189992298	157,130	106.864134887728	NA	NA	NA	NA	26575
HIP13975	TRBV25-1	ap01	ap01	ap01	0.5,0.5	1	74,148	38.7406382649498	NA	NA	NA	NA	NA	NA	26575
HIP13975	TRBV10-1	ap01	ap01	ap01	0.5,0.5	1	106,179	65.2310641005715	NA	NA	NA	NA	NA	NA	26575
HIP13975	TRBV24-1	ap01	ap01	ap01	0.5,0.5	1	188,232	140.914019809682	NA	NA	NA	NA	NA	NA	26575
HIP13975	TRBV12-34	ap01	ap01	ap01	0.5,0.5	1	641,672	51.5577921583385	NA	NA	NA	NA	NA	NA	26575
HIP13975	TRBV9	ap01	ap01	ap01	0.5,0.5	1	613,372	41.5644824978536	NA	NA	NA	NA	NA	NA	26575
HIP13975	TRBV5-6	ap01	ap01	ap01	0.5,0.5	1	208,271	151.679544929349	NA	NA	NA	NA	NA	NA	26575
HIP13975	TRBV29-1	ap01,ap02	ap01,ap02	ap01,ap02	0.5,0.5	0.86,0.14	181,248	55.9464930670475	24,45	3.97273587376643	NA	NA	NA	NA	26575
HIP13975	TRBV7-3	ap01	ap03	ap01,ap03	0.5,0.5	0.64,0.36	359,17	72.5025931810555	23,186	36.8239326149789	NA	NA	NA	NA	26575
HIP13975	TRBV30	ap01	ap01	ap01	0.5,0.5	1	380,501	275.364740158924	NA	NA	NA	NA	NA	NA	26575
HIP13975	TRBV20-1	ap01,ap02	ap01,ap02	ap01,ap02	0.5,0.5	0.85,0.15	673,770	251.282736483452	125,128	50.9425122830979	NA	NA	NA	NA	26575
HIP13975	TRBV4-1	ap01	ap01	ap01	0.5,0.5	1	395,435	311.545477393764	NA	NA	NA	NA	NA	NA	26575
HIP13975	TRBV4-2	ap01	ap01	ap01	0.5,0.5	1	416,296	35.1127126523645	NA	NA	NA	NA	NA	NA	26575
HIP13975	TRBV1	ap01	ap01	ap01	0.5,0.5	1	68,90	49.1732933189998	NA	NA	NA	NA	NA	NA	26575
HIP13975	TRBV5-8	ap01	ap01	ap01	0.5,0.5	1	42,53	31.1354825320665	NA	NA	NA	NA	NA	NA	26575
HIP13975	TRBV7-8	ap01,ap03	ap01,ap03	ap01,ap03	0.5,0.5	0.61,0.39	95,119	32.5395232381479	78,58	45.6456783350819	NA	NA	NA	NA	26575
HIP13975	TRBV7-6	ap01	ap01	ap01	0.5,0.5	1	165,218	119.430375567856	NA	NA	NA	NA	NA	NA	26575
HIP13975	TRBV19	ap01	ap01	ap01	0.5,0.5	1	399,536	286.196907830585	NA	NA	NA	NA	NA	NA	26575
HIP13975	TRBV10-3	ap01	ap01	ap01	0.5,0.5	1	262,307	201.195669285568	NA	NA	NA	NA	NA	NA	26575
HIP13975	TRBV23-1	ap01	ap01	ap01	0.5,0.5	1	31,62	16.2291863001817	NA	NA	NA	NA	NA	NA	26575
HIP13975	TRBV14	ap01	ap01	ap01	0.5,0.5	1	102,169	63.7271402364199	NA	NA	NA	NA	NA	NA	26575
HIP13975	TRBV7-4	ap01	ap01	ap01	0.5,0.5	1	20,30	13.4212662278636	NA	NA	NA	NA	NA	NA	26575
HIP13975	TRBV11-3	ap01	ap01	ap01	0.5,0.5	1	243,134	143.414464531258	NA	NA	NA	NA	NA	NA	26575
HIP13975	TRBV18	ap01	ap01	ap01	0.5,0.5	1	194,311	124.284635503171	NA	NA	NA	NA	NA	NA	26575
HIP13975	TRBV13	ap01	ap01	ap01	0.5,0.5	1	124,105	131.254386700683	NA	NA	NA	NA	NA	NA	26575
HIP13975	TRBV12-2	ap01	ap01	ap01	0.5,0.5	1	37,43	28.5178718384888	NA	NA	NA	NA	NA	NA	26575
HIP13975	TRBV6-7	ap01	ap01	ap01	0.5,0.5	1	28,36	20.5602667911408	NA	NA	NA	NA	NA	NA	26575
HIP13975	TRBV6-23	ap01	Del	ap01	0.5,0.5	1	610,89	32.264358363644	NA	NA	NA	NA	NA	NA	26575
HIP13975	TRBV11-1	ap01	ap01	ap01	0.5,0.5	1	55,26	25.5950875615373	NA	NA	NA	NA	NA	NA	26575
HIP13975	TRBV15	ap02	ap02	ap02	0.5,0.5	1	152,206	108.49343492958	NA	NA	NA	NA	NA	NA	26575
HIP13975	TRBV5-7	ap01	ap01	ap01	0.5,0.5	1	5,13	1.73236365751182	NA	NA	NA	NA	NA	NA	26575
HIP13975	TRBV6-1	ap01	ap01	ap01	0.5,0.5	1	197,216	155.658518800202	NA	NA	NA	NA	NA	NA	26575
HIP13975	TRBV6-9	ap01	ap01	ap01	0.5,0.5	1	13,6	5.819096151356	NA	NA	NA	NA	NA	NA	26575
HIP13975	TRBV5-3	ap01	ap01	ap01	0.5,0.5	1	37,43	28.5178718384888	NA	NA	NA	NA	NA	NA	26575
HIP13975	TRBV5-5	ap01	ap01	ap01	0.5,0.5	1	67,75	52.485841669903	NA	NA	NA	NA	NA	NA	26575
HIP13975	TRBV7-1	ap01_T296C	ap01_T296C,ap01_T296C_C314T	ap01_T296C,ap01_T296C_C314T	0.5,0.5	0.75,0.25	1,2	0.129982859283279	0,1	0.284382416989245	NA	NA	NA	NA	26575
HIP13975	TRBV12-1	ap01	ap01	ap01	0.5,0.5	1	31,41	22.4259155526427	NA	NA	NA	NA	NA	NA	26575
HIP13975	TRBV10-2	ap01	ap01	ap01	0.5,0.5	1	60,100	37.312975230038	NA	NA	NA	NA	NA	NA	26575
HIP13975	TRBV16	ap01	ap01	ap01	0.5,0.5	1	3,6	1.57056641614661	NA	NA	NA	NA	NA	NA	26575
HIP13975	TRBV21-1	ap01	ap01	ap01	0.5,0.5	1	107,189	63.3939274764447	NA	NA	NA	NA	NA	NA	26575
HIP13975	TRBV6-8	ap01	ap01	ap01	0.5,0.5	1	10,10	13.0147806767958	NA	NA	NA	NA	NA	NA	26575
HIP13975	TRBV17	Unk	Unk	NA	NA	NA	NA	NA	NA	NA	NA	NA	NA	NA	26575
HIP13975	TRBV26	Unk	Unk	NA	NA	NA	NA	NA	NA	NA	NA	NA	NA	NA	26575
