subject	gene	TRBD2_01	TRBD2_02	alleles	proirs_row	proirs_col	counts1	k1	counts2	k2	counts3	k3	counts4	k4	TOTAL
HIP10746	TRBV6-23	ap01	ap01	ap01	0.44,0.56	1	189,206	149.98157238311	NA	NA	NA	NA	NA	NA	8088
HIP10746	TRBV7-9	ap01	ap01	ap01	0.44,0.56	1	154,173	120.923553838397	NA	NA	NA	NA	NA	NA	8088
HIP10746	TRBV24-1	ap01	ap01	ap01	0.44,0.56	1	48,69	33.9308881591822	NA	NA	NA	NA	NA	NA	8088
HIP10746	TRBV28	ap01	ap01	ap01	0.44,0.56	1	138,238	87.6710979747624	NA	NA	NA	NA	NA	NA	8088
HIP10746	TRBV9	ap01	ap01	ap01	0.44,0.56	1	154,183	118.430126587196	NA	NA	NA	NA	NA	NA	8088
HIP10746	TRBV4-1	ap01	ap01	ap01	0.44,0.56	1	162,180	127.700744127968	NA	NA	NA	NA	NA	NA	8088
HIP10746	TRBV6-4	ap01	ap01	ap01	0.44,0.56	1	127,90	104.590103119027	NA	NA	NA	NA	NA	NA	8088
HIP10746	TRBV21-1	ap01	ap01	ap01	0.44,0.56	1	35,49	25.0685349427905	NA	NA	NA	NA	NA	NA	8088
HIP10746	TRBV6-1	ap01	ap01	ap01	0.44,0.56	1	70,47	53.3959870968639	NA	NA	NA	NA	NA	NA	8088
HIP10746	TRBV12-2	ap01	ap01	ap01	0.44,0.56	1	12,18	8.29571499595542	NA	NA	NA	NA	NA	NA	8088
HIP10746	TRBV7-3	ap01	ap01	ap01	0.44,0.56	1	47,58	35.6083344648274	NA	NA	NA	NA	NA	NA	8088
HIP10746	TRBV5-1	ap01	ap01	ap01	0.44,0.56	1	133,143	106.032038507795	NA	NA	NA	NA	NA	NA	8088
HIP10746	TRBV4-3	ap01	ap01	ap01	0.44,0.56	1	190,188	243.519418807051	NA	NA	NA	NA	NA	NA	8088
HIP10746	TRBV6-56	ap01,ap02	ap01,ap02	ap01,ap02	0.44,0.56	0.67,0.33	110,115	44.5962445607841	51,62	18.585939580578	NA	NA	NA	NA	8088
HIP10746	TRBV7-7	ap01_C315T	ap01	ap01,ap01_C315T	0.44,0.56	0.64,0.36	3,32	5.7338339963965	20,0	5.9417274452861	NA	NA	NA	NA	8088
HIP10746	TRBV10-2	ap01	ap01	ap01	0.44,0.56	1	28,21	24.9476307464989	NA	NA	NA	NA	NA	NA	8088
HIP10746	TRBV5-4	ap01	ap01	ap01	0.44,0.56	1	125,128	101.249590019185	NA	NA	NA	NA	NA	NA	8088
HIP10746	TRBV30	ap02	ap02	ap02	0.44,0.56	1	151,205	109.748615622523	NA	NA	NA	NA	NA	NA	8088
HIP10746	TRBV4-2	ap01	ap01	ap01	0.44,0.56	1	42,121	14.5731244288746	NA	NA	NA	NA	NA	NA	8088
HIP10746	TRBV7-8	ap01,ap03	ap01,ap03	ap01,ap03	0.44,0.56	0.7,0.3	40,45	15.4506639758611	15,21	4.80073735242677	NA	NA	NA	NA	8088
HIP10746	TRBV20-1	ap01	ap01	ap01	0.44,0.56	1	244,380	165.188740099411	NA	NA	NA	NA	NA	NA	8088
HIP10746	TRBV5-6	ap01	ap01	ap01	0.44,0.56	1	42,49	32.5258006375262	NA	NA	NA	NA	NA	NA	8088
HIP10746	TRBV11-2	ap01	ap01	ap01	0.44,0.56	1	51,64	38.3735727968126	NA	NA	NA	NA	NA	NA	8088
HIP10746	TRBV19	ap01	ap01	ap01	0.44,0.56	1	51,67	37.6255446214521	NA	NA	NA	NA	NA	NA	8088
HIP10746	TRBV27	ap01	ap01	ap01	0.44,0.56	1	75,99	55.2143455138436	NA	NA	NA	NA	NA	NA	8088
HIP10746	TRBV10-3	ap01	ap01	ap01	0.44,0.56	1	47,77	30.8708226875444	NA	NA	NA	NA	NA	NA	8088
HIP10746	TRBV7-2	ap01	ap01	ap01	0.44,0.56	1	184,201	145.901667655329	NA	NA	NA	NA	NA	NA	8088
HIP10746	TRBV7-6	ap01	ap01	ap01	0.44,0.56	1	42,79	25.0455188839214	NA	NA	NA	NA	NA	NA	8088
HIP10746	TRBV14	ap01	ap01	ap01	0.44,0.56	1	42,71	27.0402606848827	NA	NA	NA	NA	NA	NA	8088
HIP10746	TRBV12-34	ap01	ap01	ap01	0.44,0.56	1	108,140	80.1469749162424	NA	NA	NA	NA	NA	NA	8088
HIP10746	TRBV11-3	ap01	ap01	ap01	0.44,0.56	1	18,33	10.9475161432122	NA	NA	NA	NA	NA	NA	8088
HIP10746	TRBV6-9	ap01	ap01	ap01	0.44,0.56	1	2,8	0.135905540391763	NA	NA	NA	NA	NA	NA	8088
HIP10746	TRBV29-1	ap01,ap02	ap01,ap02	ap01,ap02	0.44,0.56	0.85,0.15	121,191	33.5248688508956	16,41	0.642079484650816	NA	NA	NA	NA	8088
HIP10746	TRBV10-1	ap01	ap01	ap01	0.44,0.56	1	33,35	26.4286857531197	NA	NA	NA	NA	NA	NA	8088
HIP10746	TRBV3-12	ap01	ap01	ap01	0.44,0.56	1	110,112	89.2592185609599	NA	NA	NA	NA	NA	NA	8088
HIP10746	TRBV2	ap01	ap01	ap01	0.44,0.56	1	111,139	83.5922886533921	NA	NA	NA	NA	NA	NA	8088
HIP10746	TRBV13	ap01	ap01	ap01	0.44,0.56	1	29,42	20.4219919945725	NA	NA	NA	NA	NA	NA	8088
HIP10746	TRBV12-5	ap01	ap01	ap01	0.44,0.56	1	14,23	9.17964871170767	NA	NA	NA	NA	NA	NA	8088
HIP10746	TRBV25-1	ap01	ap01	ap01	0.44,0.56	1	44,63	31.165649827197	NA	NA	NA	NA	NA	NA	8088
HIP10746	TRBV15	ap02	ap02	ap02	0.44,0.56	1	47,63	34.3616208392266	NA	NA	NA	NA	NA	NA	8088
HIP10746	TRBV5-5	Unk	ap01	ap01	0.44,0.56	1	1,5	0.18138995492428	NA	NA	NA	NA	NA	NA	8088
HIP10746	TRBV5-8	ap01	ap01	ap01	0.44,0.56	1	14,11	13.2895508068298	NA	NA	NA	NA	NA	NA	8088
HIP10746	TRBV7-1	Unk	ap01_T296C	ap01_T296C	0.44,0.56	1	0,1	0.249342725120161	NA	NA	NA	NA	NA	NA	8088
HIP10746	TRBV18	ap01	ap01	ap01	0.44,0.56	1	25,37	17.4074109374672	NA	NA	NA	NA	NA	NA	8088
HIP10746	TRBV6-8	ap01	ap01	ap01	0.44,0.56	1	4,3	3.56394724949985	NA	NA	NA	NA	NA	NA	8088
HIP10746	TRBV5-3	ap01	ap01	ap01	0.44,0.56	1	5,9	3.08253382730118	NA	NA	NA	NA	NA	NA	8088
HIP10746	TRBV6-7	ap01	ap01	ap01	0.44,0.56	1	7,12	4.46515299329375	NA	NA	NA	NA	NA	NA	8088
HIP10746	TRBV11-1	ap01	ap01	ap01	0.44,0.56	1	8,7	8.75936536616033	NA	NA	NA	NA	NA	NA	8088
HIP10746	TRBV7-4	ap01	ap01	ap01	0.44,0.56	1	2,8	0.135905540391763	NA	NA	NA	NA	NA	NA	8088
HIP10746	TRBV5-7	ap01	ap01	ap01	0.44,0.56	1	1,1	1.29885452916512	NA	NA	NA	NA	NA	NA	8088
HIP10746	TRBV16	ap01	ap01	ap01	0.44,0.56	1	3,3	3.89656358749536	NA	NA	NA	NA	NA	NA	8088
HIP10746	TRBV1	ap01	ap01	ap01	0.44,0.56	1	26,29	20.467476409105	NA	NA	NA	NA	NA	NA	8088
HIP10746	TRBV23-1	ap01	ap01	ap01	0.44,0.56	1	8,10	6.0291621142106	NA	NA	NA	NA	NA	NA	8088
HIP10746	TRBV12-1	ap01	ap01	ap01	0.44,0.56	1	1,3	0.317295495316043	NA	NA	NA	NA	NA	NA	8088
HIP10746	TRBV17	Unk	Unk	NA	NA	NA	NA	NA	NA	NA	NA	NA	NA	NA	8088
HIP10746	TRBV26	Unk	Unk	NA	NA	NA	NA	NA	NA	NA	NA	NA	NA	NA	8088
