subject	gene	TRBD2_01	TRBD2_02	alleles	proirs_row	proirs_col	counts1	k1	counts2	k2	counts3	k3	counts4	k4	TOTAL
HIP02078	TRBV15	ap02	ap02	ap02	0.46,0.54	1	110,104	133.340770953525	NA	NA	NA	NA	NA	NA	13674
HIP02078	TRBV7-9	ap01	ap01	ap01	0.46,0.54	1	235,292	177.27602106466	NA	NA	NA	NA	NA	NA	13674
HIP02078	TRBV6-23	ap01	ap01	ap01	0.46,0.54	1	94,110	72.6851233247453	NA	NA	NA	NA	NA	NA	13674
HIP02078	TRBV28	ap01	ap01	ap01	0.46,0.54	1	292,133	122.20619858258	NA	NA	NA	NA	NA	NA	13674
HIP02078	TRBV4-1	ap01	ap01	ap01	0.46,0.54	1	216,261	164.872152389943	NA	NA	NA	NA	NA	NA	13674
HIP02078	TRBV20-1	ap01,ap02	ap01,ap02	ap01,ap02	0.46,0.54	0.87,0.13	252,379	73.0029734450234	43,51	15.9006115057265	NA	NA	NA	NA	13674
HIP02078	TRBV11-3	ap01	ap01	ap01	0.46,0.54	1	72,94	53.1304717340739	NA	NA	NA	NA	NA	NA	13674
HIP02078	TRBV11-2	ap01	ap01	ap01	0.46,0.54	1	169,150	189.015067271373	NA	NA	NA	NA	NA	NA	13674
HIP02078	TRBV12-34	ap01	ap01	ap01	0.46,0.54	1	318,336	255.321092731586	NA	NA	NA	NA	NA	NA	13674
HIP02078	TRBV5-5	ap01	ap01	ap01	0.46,0.54	1	33,30	38.058439957476	NA	NA	NA	NA	NA	NA	13674
HIP02078	TRBV7-6	ap01	ap01	ap01	0.46,0.54	1	133,111	137.336041736541	NA	NA	NA	NA	NA	NA	13674
HIP02078	TRBV5-4	ap01	ap01	ap01	0.46,0.54	1	227,206	261.206907789734	NA	NA	NA	NA	NA	NA	13674
HIP02078	TRBV5-1	ap01	ap01	ap01	0.46,0.54	1	470,534	36.76014163858	NA	NA	NA	NA	NA	NA	13674
HIP02078	TRBV27	ap01	ap01	ap01	0.46,0.54	1	273,410	187.468459246836	NA	NA	NA	NA	NA	NA	13674
HIP02078	TRBV6-56	ap01,ap02	ap01,ap02	ap01,ap02	0.46,0.54	0.75,0.25	209,251	76.4993490454345	71,82	26.8110410380216	NA	NA	NA	NA	13674
HIP02078	TRBV2	ap01	ap01	ap01	0.46,0.54	1	186,223	142.429970434761	NA	NA	NA	NA	NA	NA	13674
HIP02078	TRBV6-4	ap01	ap01	ap01	0.46,0.54	1	139,95	109.503125248111	NA	NA	NA	NA	NA	NA	13674
HIP02078	TRBV24-1	ap01	ap01	ap01	0.46,0.54	1	142,149	114.282141628862	NA	NA	NA	NA	NA	NA	13674
HIP02078	TRBV19	ap01	ap01	ap01	0.46,0.54	1	260,355	187.800231493251	NA	NA	NA	NA	NA	NA	13674
HIP02078	TRBV7-3	ap03	ap01	ap01,ap03	0.46,0.54	0.84,0.16	33,211	31.0903898756586	43,3	8.7952680303481	NA	NA	NA	NA	13674
HIP02078	TRBV21-1	ap01	ap01	ap01	0.46,0.54	1	82,129	54.7824785512402	NA	NA	NA	NA	NA	NA	13674
HIP02078	TRBV10-1	ap01	ap01	ap01	0.46,0.54	1	68,61	77.0981397640995	NA	NA	NA	NA	NA	NA	13674
HIP02078	TRBV5-3	ap01	ap01	ap01	0.46,0.54	1	13,23	8.01982727773215	NA	NA	NA	NA	NA	NA	13674
HIP02078	TRBV3-12	ap01	ap01	ap01	0.46,0.54	1	301,332	238.027875717711	NA	NA	NA	NA	NA	NA	13674
HIP02078	TRBV7-7	ap01_C315T	ap01_C315T	ap01_C315T	0.46,0.54	1	49,52	39.2828378771019	NA	NA	NA	NA	NA	NA	13674
HIP02078	TRBV5-6	ap01	ap01	ap01	0.46,0.54	1	104,128	78.7739173891148	NA	NA	NA	NA	NA	NA	13674
HIP02078	TRBV30	ap02,ap03	ap01,ap03	ap01,ap02,ap03	0.46,0.54	0.641,0.281,0.078	25,180	28.6296721512099	86,4	19.9166649097252	7,18	0.145540917646389	NA	NA	13674
HIP02078	TRBV25-1	ap01	ap01	ap01	0.46,0.54	1	62,84	44.9537777886677	NA	NA	NA	NA	NA	NA	13674
HIP02078	TRBV7-8	ap01,ap03	ap01,ap03	ap01,ap03	0.46,0.54	0.65,0.35	57,61	22.7413253508839	23,40	5.30046240700221	NA	NA	NA	NA	13674
HIP02078	TRBV4-2	ap01	ap01	ap01	0.46,0.54	1	155,132	164.328161148677	NA	NA	NA	NA	NA	NA	13674
HIP02078	TRBV14	ap01	ap01	ap01	0.46,0.54	1	60,117	34.1838770200505	NA	NA	NA	NA	NA	NA	13674
HIP02078	TRBV9	ap01	ap01	ap01	0.46,0.54	1	228,403	140.755812057583	NA	NA	NA	NA	NA	NA	13674
HIP02078	TRBV12-5	ap01	ap01	ap01	0.46,0.54	1	38,71	22.458849983267	NA	NA	NA	NA	NA	NA	13674
HIP02078	TRBV7-2	ap01	ap01	ap01	0.46,0.54	1	163,105	118.03859122358	NA	NA	NA	NA	NA	NA	13674
HIP02078	TRBV18	ap01	ap01	ap01	0.46,0.54	1	96,159	62.0540503127354	NA	NA	NA	NA	NA	NA	13674
HIP02078	TRBV29-1	ap01,ap02	ap01,ap02	ap01,ap02	0.46,0.54	0.84,0.16	109,157	33.3230515666102	22,27	7.90672104909734	NA	NA	NA	NA	13674
HIP02078	TRBV10-3	ap01	ap01	ap01	0.46,0.54	1	97,147	66.2645570139608	NA	NA	NA	NA	NA	NA	13674
HIP02078	TRBV5-8	ap01	ap01	ap01	0.46,0.54	1	26,42	17.0836044959827	NA	NA	NA	NA	NA	NA	13674
HIP02078	TRBV6-8	ap01	ap01	ap01	0.46,0.54	1	7,8	5.46269827665479	NA	NA	NA	NA	NA	NA	13674
HIP02078	TRBV10-2	ap01	ap01	ap01	0.46,0.54	1	52,15	7.69466889917367	NA	NA	NA	NA	NA	NA	13674
HIP02078	TRBV6-7	ap01	ap01	ap01	0.46,0.54	1	7,9	5.20171079152519	NA	NA	NA	NA	NA	NA	13674
HIP02078	TRBV6-1	ap01	ap01	ap01	0.46,0.54	1	119,102	127.227570578206	NA	NA	NA	NA	NA	NA	13674
HIP02078	TRBV23-1	ap01	ap01	ap01	0.46,0.54	1	12,29	5.37524548728433	NA	NA	NA	NA	NA	NA	13674
HIP02078	TRBV11-1	ap01	ap01	ap01	0.46,0.54	1	21,38	12.73427003815	NA	NA	NA	NA	NA	NA	13674
HIP02078	TRBV13	ap01	ap01	ap01	0.46,0.54	1	79,91	61.4640323471543	NA	NA	NA	NA	NA	NA	13674
HIP02078	TRBV7-4	ap01	ap01	ap01	0.46,0.54	1	8,8	10.404343825195	NA	NA	NA	NA	NA	NA	13674
HIP02078	TRBV12-2	ap01	ap01	ap01	0.46,0.54	1	11,24	5.60152603326211	NA	NA	NA	NA	NA	NA	13674
HIP02078	TRBV6-9	ap01	Unk	ap01	0.46,0.54	1	12,2	0.591745333719358	NA	NA	NA	NA	NA	NA	13674
HIP02078	TRBV12-1	ap01	ap01	ap01	0.46,0.54	1	8,12	5.49740521580662	NA	NA	NA	NA	NA	NA	13674
HIP02078	TRBV1	ap01	ap01	ap01	0.46,0.54	1	19,20	15.2747310111423	NA	NA	NA	NA	NA	NA	13674
HIP02078	TRBV16	ap01	ap01	ap01	0.46,0.54	1	10,3	1.66664703143546	NA	NA	NA	NA	NA	NA	13674
HIP02078	TRBV7-1	ap01_G291C_T296C_C314T	ap01_G291C_T296C	ap01_G291C_T296C,ap01_G291C_T296C_C314T	0.46,0.54	0.75,0.25	0,3	0.755726770368996	1,0	0.285685146602129	NA	NA	NA	NA	13674
HIP02078	TRBV5-7	Unk	ap01	ap01	0.46,0.54	1	2,9	0.191573606825941	NA	NA	NA	NA	NA	NA	13674
HIP02078	TRBV17	Unk	Unk	NA	NA	NA	NA	NA	NA	NA	NA	NA	NA	NA	13674
HIP02078	TRBV26	Unk	Unk	NA	NA	NA	NA	NA	NA	NA	NA	NA	NA	NA	13674
HIP02078	TRBV4-3	Del	Del	Del	NA	NA	NA	1000	NA	NA	NA	NA	NA	NA	13674
