subject	gene	TRBD2_01	TRBD2_02	alleles	proirs_row	proirs_col	counts1	k1	counts2	k2	counts3	k3	counts4	k4	TOTAL
HIP00769	TRBV6-4	ap01	ap01	ap01	0.45,0.55	1	97,107	76.6989923914936	NA	NA	NA	NA	NA	NA	12661
HIP00769	TRBV5-4	ap01	ap01	ap01	0.45,0.55	1	199,258	147.421971159472	NA	NA	NA	NA	NA	NA	12661
HIP00769	TRBV6-56	ap01,ap02	ap01,ap02	ap01,ap02	0.45,0.55	0.75,0.25	164,193	61.1045761455252	54,68	19.0111266949315	NA	NA	NA	NA	12661
HIP00769	TRBV24-1	ap01	ap01	ap01	0.45,0.55	1	89,145	58.2918378899673	NA	NA	NA	NA	NA	NA	12661
HIP00769	TRBV19	ap01	ap01	ap01	0.45,0.55	1	216,387	132.418624394523	NA	NA	NA	NA	NA	NA	12661
HIP00769	TRBV21-1	ap01	ap01	ap01	0.45,0.55	1	67,125	39.7949734281533	NA	NA	NA	NA	NA	NA	12661
HIP00769	TRBV2	ap01	ap01	ap01	0.45,0.55	1	192,284	133.186316396548	NA	NA	NA	NA	NA	NA	12661
HIP00769	TRBV10-2	ap01	ap01	ap01	0.45,0.55	1	20,74	2.41342873945623	NA	NA	NA	NA	NA	NA	12661
HIP00769	TRBV18	ap01	ap01	ap01	0.45,0.55	1	121,172	85.7358529666621	NA	NA	NA	NA	NA	NA	12661
HIP00769	TRBV3-12	ap01	ap01	ap01	0.45,0.55	1	241,320	176.588729688905	NA	NA	NA	NA	NA	NA	12661
HIP00769	TRBV11-3	ap01	ap01	ap01	0.45,0.55	1	60,80	43.8783511120907	NA	NA	NA	NA	NA	NA	12661
HIP00769	TRBV6-23	ap01	ap01	ap01	0.45,0.55	1	245,88	63.7656982763111	NA	NA	NA	NA	NA	NA	12661
HIP00769	TRBV7-9	ap01	ap01	ap01	0.45,0.55	1	215,272	161.014971427066	NA	NA	NA	NA	NA	NA	12661
HIP00769	TRBV7-3	ap01	ap03	ap01,ap03	0.45,0.55	0.67,0.33	151,8	34.2421418391778	12,68	8.94843013041819	NA	NA	NA	NA	12661
HIP00769	TRBV28	ap01	ap01	ap01	0.45,0.55	1	34,57	21.8542293126254	NA	NA	NA	NA	NA	NA	12661
HIP00769	TRBV9	ap01	ap01	ap01	0.45,0.55	1	295,201	231.011252607445	NA	NA	NA	NA	NA	NA	12661
HIP00769	TRBV1	ap01	ap01	ap01	0.45,0.55	1	23,37	15.1859424967692	NA	NA	NA	NA	NA	NA	12661
HIP00769	TRBV5-3	ap01	ap01	ap01	0.45,0.55	1	16,17	12.8189566430796	NA	NA	NA	NA	NA	NA	12661
HIP00769	TRBV4-2	ap01	ap01	ap01	0.45,0.55	1	173,141	173.002311272813	NA	NA	NA	NA	NA	NA	12661
HIP00769	TRBV4-3	ap01	Del	ap01	0.45,0.55	1	179,8	44.7656510891382	NA	NA	NA	NA	NA	NA	12661
HIP00769	TRBV4-1	ap01	ap01	ap01	0.45,0.55	1	141,225	93.5675870777251	NA	NA	NA	NA	NA	NA	12661
HIP00769	TRBV12-34	ap01	ap01	ap01	0.45,0.55	1	248,332	181.019831874635	NA	NA	NA	NA	NA	NA	12661
HIP00769	TRBV11-1	ap01	ap01	ap01	0.45,0.55	1	19,14	16.5895061163821	NA	NA	NA	NA	NA	NA	12661
HIP00769	TRBV7-6	ap01	ap01	ap01	0.45,0.55	1	81,103	60.5258467088479	NA	NA	NA	NA	NA	NA	12661
HIP00769	TRBV5-1	ap01	ap01	ap01	0.45,0.55	1	379,636	243.451017768042	NA	NA	NA	NA	NA	NA	12661
HIP00769	TRBV10-3	ap01	ap01	ap01	0.45,0.55	1	84,101	64.267851513483	NA	NA	NA	NA	NA	NA	12661
HIP00769	TRBV20-1	ap01,ap02	ap01,ap02	ap01,ap02	0.45,0.55	0.86,0.14	232,332	71.7514651071331	36,54	10.5154631477034	NA	NA	NA	NA	12661
HIP00769	TRBV5-6	ap01	ap01	ap01	0.45,0.55	1	87,132	59.4953764484502	NA	NA	NA	NA	NA	NA	12661
HIP00769	TRBV11-2	ap01	ap01	ap01	0.45,0.55	1	125,170	90.5531830118387	NA	NA	NA	NA	NA	NA	12661
HIP00769	TRBV6-1	ap01	ap01	ap01	0.45,0.55	1	102,140	73.5611387245339	NA	NA	NA	NA	NA	NA	12661
HIP00769	TRBV27	ap01	ap01	ap01	0.45,0.55	1	182,318	113.660569579959	NA	NA	NA	NA	NA	NA	12661
HIP00769	TRBV12-2	ap01	ap01	ap01	0.45,0.55	1	20,21	16.0881994392257	NA	NA	NA	NA	NA	NA	12661
HIP00769	TRBV15	ap02	ap02	ap02	0.45,0.55	1	50,110	25.3846624615219	NA	NA	NA	NA	NA	NA	12661
HIP00769	TRBV7-2	ap01	ap01	ap01	0.45,0.55	1	300,224	266.722556934635	NA	NA	NA	NA	NA	NA	12661
HIP00769	TRBV14	ap01	ap01	ap01	0.45,0.55	1	52,99	30.3734728991611	NA	NA	NA	NA	NA	NA	12661
HIP00769	TRBV7-8	ap01,ap03	ap01,ap03	ap01,ap03	0.45,0.55	0.63,0.37	52,57	20.4195078199146	36,28	22.2578504978234	NA	NA	NA	NA	12661
HIP00769	TRBV5-5	ap01	ap01	ap01	0.45,0.55	1	40,48	30.6283116294209	NA	NA	NA	NA	NA	NA	12661
HIP00769	TRBV5-8	ap01	ap01	ap01	0.45,0.55	1	37,40	29.4664522398367	NA	NA	NA	NA	NA	NA	12661
HIP00769	TRBV10-1	ap01	ap01	ap01	0.45,0.55	1	65,106	42.5465992356666	NA	NA	NA	NA	NA	NA	12661
HIP00769	TRBV7-4	ap01	ap01	ap01	0.45,0.55	1	11,11	14.3020271090982	NA	NA	NA	NA	NA	NA	12661
HIP00769	TRBV29-1	ap01,ap02	ap01,ap02	ap01,ap02	0.45,0.55	0.82,0.18	83,129	23.1231618732586	16,32	2.68096565467932	NA	NA	NA	NA	12661
HIP00769	TRBV25-1	ap01	ap01	ap01	0.45,0.55	1	48,79	31.2324627670963	NA	NA	NA	NA	NA	NA	12661
HIP00769	TRBV12-5	ap01	ap01	ap01	0.45,0.55	1	48,61	35.8767245141878	NA	NA	NA	NA	NA	NA	12661
HIP00769	TRBV6-8	ap01	ap01	ap01	0.45,0.55	1	5,4	4.87812236245076	NA	NA	NA	NA	NA	NA	12661
HIP00769	TRBV13	ap01	ap01	ap01	0.45,0.55	1	48,55	37.4248117632183	NA	NA	NA	NA	NA	NA	12661
HIP00769	TRBV30	ap01	Del	ap01	0.45,0.55	1	173,26	13.619579566393	NA	NA	NA	NA	NA	NA	12661
HIP00769	TRBV23-1	ap01	ap01	ap01	0.45,0.55	1	20,43	10.4118795261139	NA	NA	NA	NA	NA	NA	12661
HIP00769	TRBV7-7	ap01_C315T	ap01	ap01,ap01_C315T	0.45,0.55	0.68,0.33	11,43	3.38734160786209	26,0	7.50200816306312	NA	NA	NA	NA	12661
HIP00769	TRBV12-1	ap01	ap01	ap01	0.45,0.55	1	11,16	7.70034498187652	NA	NA	NA	NA	NA	NA	12661
HIP00769	TRBV16	ap01	Unk	ap01	0.45,0.55	1	3,0	0.967844304391237	NA	NA	NA	NA	NA	NA	12661
HIP00769	TRBV6-7	ap01	ap01	ap01	0.45,0.55	1	9,7	8.45606044225623	NA	NA	NA	NA	NA	NA	12661
HIP00769	TRBV7-1	ap01_G291C_T296C	ap01_G291C_T296C,ap01_G291C_T296C_C314T	ap01_G291C_T296C,ap01_G291C_T296C_C314T	0.45,0.55	0.6,0.4	2,1	0.588824106706243	0,2	0.49814338051944	NA	NA	NA	NA	12661
HIP00769	TRBV6-9	Unk	ap01	ap01	0.45,0.55	1	0,2	0.51602908301017	NA	NA	NA	NA	NA	NA	12661
HIP00769	TRBV5-7	ap01	ap01	ap01	0.45,0.55	1	2,3	1.376606856568	NA	NA	NA	NA	NA	NA	12661
HIP00769	TRBV17	Unk	Unk	NA	NA	NA	NA	NA	NA	NA	NA	NA	NA	NA	12661
HIP00769	TRBV26	Unk	Unk	NA	NA	NA	NA	NA	NA	NA	NA	NA	NA	NA	12661
