subject	gene	TRBD2_01	TRBD2_02	alleles	proirs_row	proirs_col	counts1	k1	counts2	k2	counts3	k3	counts4	k4	TOTAL
HIP01582	TRBV6-1	ap01	ap01	ap01	0.44,0.56	1	97,51	50.92075741747	NA	NA	NA	NA	NA	NA	10079
HIP01582	TRBV9	ap01	ap01	ap01	0.44,0.56	1	296,243	297.95872632606	NA	NA	NA	NA	NA	NA	10079
HIP01582	TRBV24-1	ap01	ap01	ap01	0.44,0.56	1	58,122	31.3862673246334	NA	NA	NA	NA	NA	NA	10079
HIP01582	TRBV6-4	ap01	ap01	ap01	0.44,0.56	1	83,74	93.1139746207594	NA	NA	NA	NA	NA	NA	10079
HIP01582	TRBV7-3	ap01	ap01	ap01	0.44,0.56	1	154,143	182.06494636151	NA	NA	NA	NA	NA	NA	10079
HIP01582	TRBV18	ap01	ap01	ap01	0.44,0.56	1	97,120	73.4170777815304	NA	NA	NA	NA	NA	NA	10079
HIP01582	TRBV2	ap01	ap01	ap01	0.44,0.56	1	165,146	183.297358854978	NA	NA	NA	NA	NA	NA	10079
HIP01582	TRBV4-2	ap01	ap01	ap01	0.44,0.56	1	122,147	93.3171138047363	NA	NA	NA	NA	NA	NA	10079
HIP01582	TRBV30	ap01_G298A	ap01	ap01,ap01_G298A	0.44,0.56	0.64,0.36	17,108	14.8059465800584	68,2	17.8749841476009	NA	NA	NA	NA	10079
HIP01582	TRBV6-23	ap01	ap01	ap01	0.44,0.56	1	103,237	50.6714164159464	NA	NA	NA	NA	NA	NA	10079
HIP01582	TRBV10-1	ap01	ap01	ap01	0.44,0.56	1	60,67	47.2122428615526	NA	NA	NA	NA	NA	NA	10079
HIP01582	TRBV7-2	ap01	ap01	ap01	0.44,0.56	1	155,342	79.9013635542696	NA	NA	NA	NA	NA	NA	10079
HIP01582	TRBV11-3	ap01	ap01	ap01	0.44,0.56	1	46,56	35.0422610486192	NA	NA	NA	NA	NA	NA	10079
HIP01582	TRBV7-9	ap01	ap01	ap01	0.44,0.56	1	145,198	105.11078857211	NA	NA	NA	NA	NA	NA	10079
HIP01582	TRBV7-8	ap01,ap03	ap01,ap03	ap01,ap03	0.44,0.56	0.72,0.28	43,53	15.4981866287975	12,25	1.8699198517331	NA	NA	NA	NA	10079
HIP01582	TRBV5-1	ap01	ap01	ap01	0.44,0.56	1	309,248	301.788732039086	NA	NA	NA	NA	NA	NA	10079
HIP01582	TRBV20-1	ap01,ap02	ap01,ap02	ap01,ap02	0.44,0.56	0.86,0.14	194,239	69.9500143485603	31,38	11.2234447743071	NA	NA	NA	NA	10079
HIP01582	TRBV4-3	Del	ap01	ap01	0.44,0.56	1	30,160	7.89488523236978	NA	NA	NA	NA	NA	NA	10079
HIP01582	TRBV3-12	ap01	ap01	ap01	0.44,0.56	1	211,259	160.206807376909	NA	NA	NA	NA	NA	NA	10079
HIP01582	TRBV5-4	ap01	ap01	ap01	0.44,0.56	1	123,116	148.329426565423	NA	NA	NA	NA	NA	NA	10079
HIP01582	TRBV4-1	ap01	ap01	ap01	0.44,0.56	1	104,91	113.861528319061	NA	NA	NA	NA	NA	NA	10079
HIP01582	TRBV28	Unk	ap01	ap01	0.44,0.56	1	84,375	3.92723211775273	NA	NA	NA	NA	NA	NA	10079
HIP01582	TRBV19	ap01	ap01	ap01	0.44,0.56	1	161,228	114.679279573561	NA	NA	NA	NA	NA	NA	10079
HIP01582	TRBV6-56	ap01,ap02	ap01,ap02	ap01,ap02	0.44,0.56	0.71,0.29	137,131	113.112996190854	61,51	41.7569609880015	NA	NA	NA	NA	10079
HIP01582	TRBV21-1	ap01	ap01	ap01	0.44,0.56	1	82,131	54.7037171854916	NA	NA	NA	NA	NA	NA	10079
HIP01582	TRBV11-1	ap01	ap01	ap01	0.44,0.56	1	23,24	18.5172097863854	NA	NA	NA	NA	NA	NA	10079
HIP01582	TRBV27	ap01	ap01	ap01	0.44,0.56	1	170,353	93.1362882088917	NA	NA	NA	NA	NA	NA	10079
HIP01582	TRBV5-6	ap01	ap01	ap01	0.44,0.56	1	89,66	78.0616414047645	NA	NA	NA	NA	NA	NA	10079
HIP01582	TRBV5-8	ap01	ap01	ap01	0.44,0.56	1	36,31	38.597709068217	NA	NA	NA	NA	NA	NA	10079
HIP01582	TRBV25-1	ap01	ap01	ap01	0.44,0.56	1	34,39	26.4962838121769	NA	NA	NA	NA	NA	NA	10079
HIP01582	TRBV12-5	ap01	ap01	ap01	0.44,0.56	1	34,36	27.2433432587337	NA	NA	NA	NA	NA	NA	10079
HIP01582	TRBV12-34	ap01	ap01	ap01	0.44,0.56	1	202,177	221.562070756212	NA	NA	NA	NA	NA	NA	10079
HIP01582	TRBV7-6	ap01	ap01	ap01	0.44,0.56	1	47,60	35.1111246282321	NA	NA	NA	NA	NA	NA	10079
HIP01582	TRBV5-5	ap01	ap01	ap01	0.44,0.56	1	38,23	24.8773645201555	NA	NA	NA	NA	NA	NA	10079
HIP01582	TRBV11-2	ap01	ap01	ap01	0.44,0.56	1	96,96	124.684474538737	NA	NA	NA	NA	NA	NA	10079
HIP01582	TRBV15	ap02	ap02	ap02	0.44,0.56	1	48,60	36.1760674699208	NA	NA	NA	NA	NA	NA	10079
HIP01582	TRBV29-1	ap01,ap02	ap01,ap02	ap01,ap02	0.44,0.56	0.904,0.096	67,84	23.8071881375026	9,7	5.54473659288149	NA	NA	NA	NA	10079
HIP01582	TRBV10-3	ap01	ap01	ap01	0.44,0.56	1	58,97	37.6117627126069	NA	NA	NA	NA	NA	NA	10079
HIP01582	TRBV10-2	ap01	ap01	ap01	0.44,0.56	1	42,18	15.3864069684129	NA	NA	NA	NA	NA	NA	10079
HIP01582	TRBV13	ap01	ap01	ap01	0.44,0.56	1	45,32	37.2325283421287	NA	NA	NA	NA	NA	NA	10079
HIP01582	TRBV14	ap01	ap01	ap01	0.44,0.56	1	42,65	28.5413113421939	NA	NA	NA	NA	NA	NA	10079
HIP01582	TRBV7-4	ap01	ap01	ap01	0.44,0.56	1	10,11	7.91021044617859	NA	NA	NA	NA	NA	NA	10079
HIP01582	TRBV5-3	ap01	ap01	ap01	0.44,0.56	1	16,27	10.3155504480077	NA	NA	NA	NA	NA	NA	10079
HIP01582	TRBV12-1	ap01	ap01	ap01	0.44,0.56	1	13,11	13.6207683735969	NA	NA	NA	NA	NA	NA	10079
HIP01582	TRBV1	ap01	ap01	ap01	0.44,0.56	1	18,13	15.2193700922039	NA	NA	NA	NA	NA	NA	10079
HIP01582	TRBV6-8	ap01	ap01	ap01	0.44,0.56	1	3,3	3.89638982933552	NA	NA	NA	NA	NA	NA	10079
HIP01582	TRBV6-9	Unk	ap01	ap01	0.44,0.56	1	1,6	0.429176051424954	NA	NA	NA	NA	NA	NA	10079
HIP01582	TRBV23-1	ap01	ap01	ap01	0.44,0.56	1	15,28	9.00158779080005	NA	NA	NA	NA	NA	NA	10079
HIP01582	TRBV6-7	ap01	ap01	ap01	0.44,0.56	1	7,12	4.46636210559356	NA	NA	NA	NA	NA	NA	10079
HIP01582	TRBV7-7	ap01_C315T	ap01_C315T	ap01_C315T	0.44,0.56	1	33,25	29.8059379085959	NA	NA	NA	NA	NA	NA	10079
HIP01582	TRBV5-7	ap01	Unk	ap01	0.44,0.56	1	3,0	0.998991500950031	NA	NA	NA	NA	NA	NA	10079
HIP01582	TRBV12-2	ap01	ap01	ap01	0.44,0.56	1	8,16	4.53522568520649	NA	NA	NA	NA	NA	NA	10079
HIP01582	TRBV16	ap01	Unk	ap01	0.44,0.56	1	1,0	0.332997166983344	NA	NA	NA	NA	NA	NA	10079
HIP01582	TRBV7-1	ap01_G291C_T296C	ap01_G291C_T296C	ap01_G291C_T296C	0.44,0.56	1	1,1	1.29879660977851	NA	NA	NA	NA	NA	NA	10079
HIP01582	TRBV17	Unk	Unk	NA	NA	NA	NA	NA	NA	NA	NA	NA	NA	NA	10079
HIP01582	TRBV26	Unk	Unk	NA	NA	NA	NA	NA	NA	NA	NA	NA	NA	NA	10079
