subject	gene	TRBD2_01	TRBD2_02	alleles	proirs_row	proirs_col	counts1	k1	counts2	k2	counts3	k3	counts4	k4	TOTAL
HIP05941	TRBV20-1	ap01,ap02	ap01,ap02	ap01,ap02	0.44,0.56	0.84,0.16	228,349	65.69004020201	41,67	10.7873477801428	NA	NA	NA	NA	15889
HIP05941	TRBV12-34	ap01	ap01	ap01	0.44,0.56	1	340,268	32.4277421398867	NA	NA	NA	NA	NA	NA	15889
HIP05941	TRBV7-7	ap01	ap01_C315T	ap01,ap01_C315T	0.44,0.56	0.42,0.58	35,0	10.3626128156208	10,38	2.60498271450448	NA	NA	NA	NA	15889
HIP05941	TRBV5-4	ap01	ap01	ap01	0.44,0.56	1	217,202	257.432897474647	NA	NA	NA	NA	NA	NA	15889
HIP05941	TRBV25-1	ap01	ap01	ap01	0.44,0.56	1	59,125	31.6301271731308	NA	NA	NA	NA	NA	NA	15889
HIP05941	TRBV19	ap01	ap01	ap01	0.44,0.56	1	227,395	143.20881667568	NA	NA	NA	NA	NA	NA	15889
HIP05941	TRBV2	ap01	ap01	ap01	0.44,0.56	1	173,214	130.93091098716	NA	NA	NA	NA	NA	NA	15889
HIP05941	TRBV12-1	ap01	ap01	ap01	0.44,0.56	1	17,16	20.4530729147122	NA	NA	NA	NA	NA	NA	15889
HIP05941	TRBV7-9	ap01	ap01	ap01	0.44,0.56	1	241,358	167.402945786313	NA	NA	NA	NA	NA	NA	15889
HIP05941	TRBV21-1	ap01	ap01	ap01	0.44,0.56	1	63,121	36.8975695136734	NA	NA	NA	NA	NA	NA	15889
HIP05941	TRBV7-2	ap01	ap01	ap01	0.44,0.56	1	372,329	41.3129833955602	NA	NA	NA	NA	NA	NA	15889
HIP05941	TRBV18	ap01	ap01	ap01	0.44,0.56	1	100,149	69.3485737846614	NA	NA	NA	NA	NA	NA	15889
HIP05941	TRBV4-3	ap01	ap01	ap01	0.44,0.56	1	213,260	162.075118783406	NA	NA	NA	NA	NA	NA	15889
HIP05941	TRBV7-4	ap01	ap01	ap01	0.44,0.56	1	7,22	1.95783511145877	NA	NA	NA	NA	NA	NA	15889
HIP05941	TRBV11-3	ap01	ap01	ap01	0.44,0.56	1	90,203	45.1645087844224	NA	NA	NA	NA	NA	NA	15889
HIP05941	TRBV6-4	ap01	ap01	ap01	0.44,0.56	1	181,142	171.536670237217	NA	NA	NA	NA	NA	NA	15889
HIP05941	TRBV29-1	ap01,ap02	ap01,ap02	ap01,ap02	0.44,0.56	0.84,0.16	113,191	28.1979072095601	17,39	1.76043804396904	NA	NA	NA	NA	15889
HIP05941	TRBV5-6	ap01	ap01	ap01	0.44,0.56	1	135,130	167.216938581502	NA	NA	NA	NA	NA	NA	15889
HIP05941	TRBV12-5	ap01	ap01	ap01	0.44,0.56	1	24,47	13.8297085984678	NA	NA	NA	NA	NA	NA	15889
HIP05941	TRBV5-1	ap01	ap01	ap01	0.44,0.56	1	466,501	37.156728274209	NA	NA	NA	NA	NA	NA	15889
HIP05941	TRBV7-3	ap01	ap01	ap01	0.44,0.56	1	239,285	183.545575438001	NA	NA	NA	NA	NA	NA	15889
HIP05941	TRBV9	ap01	ap01	ap01	0.44,0.56	1	411,452	32.5176490366078	NA	NA	NA	NA	NA	NA	15889
HIP05941	TRBV24-1	ap01	ap01	ap01	0.44,0.56	1	133,205	90.52370345208	NA	NA	NA	NA	NA	NA	15889
HIP05941	TRBV14	ap01	ap01	ap01	0.44,0.56	1	55,115	29.8676036526872	NA	NA	NA	NA	NA	NA	15889
HIP05941	TRBV30	ap01	ap01	ap01	0.44,0.56	1	181,47	16.6427566783561	NA	NA	NA	NA	NA	NA	15889
HIP05941	TRBV11-2	ap01	ap01	ap01	0.44,0.56	1	112,162	78.8921171989696	NA	NA	NA	NA	NA	NA	15889
HIP05941	TRBV3-12	ap01	ap01	ap01	0.44,0.56	1	306,326	244.737289458469	NA	NA	NA	NA	NA	NA	15889
HIP05941	TRBV7-8	ap01,ap03	ap01,ap03	ap01,ap03	0.44,0.56	0.68,0.32	44,76	10.5860631525377	26,30	9.85973696234748	NA	NA	NA	NA	15889
HIP05941	TRBV7-6	ap01	ap01	ap01	0.44,0.56	1	78,95	59.4043430779288	NA	NA	NA	NA	NA	NA	15889
HIP05941	TRBV10-3	ap01	ap01	ap01	0.44,0.56	1	179,205	139.583128530852	NA	NA	NA	NA	NA	NA	15889
HIP05941	TRBV15	ap02	ap02	ap02	0.44,0.56	1	48,106	24.6552010654222	NA	NA	NA	NA	NA	NA	15889
HIP05941	TRBV4-2	ap01	ap01	ap01	0.44,0.56	1	52,169	13.1491033383482	NA	NA	NA	NA	NA	NA	15889
HIP05941	TRBV4-1	ap01	ap01	ap01	0.44,0.56	1	114,137	87.283919287975	NA	NA	NA	NA	NA	NA	15889
HIP05941	TRBV13	ap01	ap01	ap01	0.44,0.56	1	81,81	105.221549892865	NA	NA	NA	NA	NA	NA	15889
HIP05941	TRBV28	ap01	ap01	ap01	0.44,0.56	1	295,475	195.703337509572	NA	NA	NA	NA	NA	NA	15889
HIP05941	TRBV6-23	ap01	ap01	ap01	0.44,0.56	1	364,492	265.036502274752	NA	NA	NA	NA	NA	NA	15889
HIP05941	TRBV6-56	ap01,ap02	ap01,ap02	ap01,ap02	0.44,0.56	0.74,0.26	208,223	82.9877178548991	77,78	31.8220939632092	NA	NA	NA	NA	15889
HIP05941	TRBV27	ap01	ap01	ap01	0.44,0.56	1	262,396	180.286288760888	NA	NA	NA	NA	NA	NA	15889
HIP05941	TRBV11-1	ap01	ap01	ap01	0.44,0.56	1	26,38	18.2158891787886	NA	NA	NA	NA	NA	NA	15889
HIP05941	TRBV1	ap01	ap01	ap01	0.44,0.56	1	27,34	20.2838037968026	NA	NA	NA	NA	NA	NA	15889
HIP05941	TRBV6-7	ap01	ap01	ap01	0.44,0.56	1	20,15	17.8283183632366	NA	NA	NA	NA	NA	NA	15889
HIP05941	TRBV6-1	ap01	ap01	ap01	0.44,0.56	1	111,122	87.8396617298382	NA	NA	NA	NA	NA	NA	15889
HIP05941	TRBV6-9	ap01	ap01	ap01	0.44,0.56	1	10,5	4.8380035616483	NA	NA	NA	NA	NA	NA	15889
HIP05941	TRBV5-3	ap01	ap01	ap01	0.44,0.56	1	34,33	42.5366080774123	NA	NA	NA	NA	NA	NA	15889
HIP05941	TRBV23-1	ap01	ap01	ap01	0.44,0.56	1	16,33	8.80255349182391	NA	NA	NA	NA	NA	NA	15889
HIP05941	TRBV5-8	ap01	ap01	ap01	0.44,0.56	1	21,32	14.385451040331	NA	NA	NA	NA	NA	NA	15889
HIP05941	TRBV12-2	ap01	ap01	ap01	0.44,0.56	1	26,30	20.2186999331309	NA	NA	NA	NA	NA	NA	15889
HIP05941	TRBV5-5	ap01	ap01	ap01	0.44,0.56	1	34,33	42.5366080774123	NA	NA	NA	NA	NA	NA	15889
HIP05941	TRBV5-7	ap01	ap01	ap01	0.44,0.56	1	3,9	0.946365623893523	NA	NA	NA	NA	NA	NA	15889
HIP05941	TRBV16	ap01	ap01	ap01	0.44,0.56	1	2,6	0.630910415929015	NA	NA	NA	NA	NA	NA	15889
HIP05941	TRBV10-2	ap01	ap01	ap01	0.44,0.56	1	32,33	25.8667013453098	NA	NA	NA	NA	NA	NA	15889
HIP05941	TRBV10-1	ap01	ap01	ap01	0.44,0.56	1	52,80	35.4303729804061	NA	NA	NA	NA	NA	NA	15889
HIP05941	TRBV6-8	ap01	ap01	ap01	0.44,0.56	1	6,9	4.14589334642212	NA	NA	NA	NA	NA	NA	15889
HIP05941	TRBV7-1	Unk	ap01_T296C	ap01_T296C	0.44,0.56	1	0,2	0.500702688585572	NA	NA	NA	NA	NA	NA	15889
HIP05941	TRBV17	Unk	Unk	NA	NA	NA	NA	NA	NA	NA	NA	NA	NA	NA	15889
HIP05941	TRBV26	Unk	Unk	NA	NA	NA	NA	NA	NA	NA	NA	NA	NA	NA	15889
