subject	gene	TRBD2_01	TRBD2_02	alleles	proirs_row	proirs_col	counts1	k1	counts2	k2	counts3	k3	counts4	k4	TOTAL
HIP09789	TRBV11-2	ap01	ap01	ap01	0.45,0.55	1	309,321	249.407018866787	NA	NA	NA	NA	NA	NA	26011
HIP09789	TRBV19	ap01	ap01	ap01	0.45,0.55	1	412,544	302.795291661365	NA	NA	NA	NA	NA	NA	26011
HIP09789	TRBV3-12	ap01	ap01	ap01	0.45,0.55	1	591,596	48.162471861747	NA	NA	NA	NA	NA	NA	26011
HIP09789	TRBV4-1	ap01	ap01	ap01	0.45,0.55	1	366,323	40.5942917215727	NA	NA	NA	NA	NA	NA	26011
HIP09789	TRBV29-1	ap01,ap02	ap01,ap02	ap01,ap02	0.45,0.55	0.81,0.19	146,206	45.9704937637522	34,49	10.4511030375373	NA	NA	NA	NA	26011
HIP09789	TRBV15	ap02	ap02	ap02	0.45,0.55	1	129,157	98.2256751361101	NA	NA	NA	NA	NA	NA	26011
HIP09789	TRBV12-34	ap01	ap01	ap01	0.45,0.55	1	570,630	45.036121821192	NA	NA	NA	NA	NA	NA	26011
HIP09789	TRBV27	ap01	ap01	ap01	0.45,0.55	1	401,577	282.523679523086	NA	NA	NA	NA	NA	NA	26011
HIP09789	TRBV9	ap01	ap01	ap01	0.45,0.55	1	538,566	43.2420152401653	NA	NA	NA	NA	NA	NA	26011
HIP09789	TRBV2	ap01	ap01	ap01	0.45,0.55	1	511,354	40.9261055924374	NA	NA	NA	NA	NA	NA	26011
HIP09789	TRBV14	ap01	ap01	ap01	0.45,0.55	1	83,150	50.6377291227611	NA	NA	NA	NA	NA	NA	26011
HIP09789	TRBV7-9	ap01	ap01	ap01	0.45,0.55	1	379,544	267.368322625327	NA	NA	NA	NA	NA	NA	26011
HIP09789	TRBV5-1	ap01	ap01	ap01	0.45,0.55	1	1044,766	90.5598899287099	NA	NA	NA	NA	NA	NA	26011
HIP09789	TRBV6-1	ap01	ap01	ap01	0.45,0.55	1	214,151	175.859308224414	NA	NA	NA	NA	NA	NA	26011
HIP09789	TRBV6-4	ap01	ap01	ap01	0.45,0.55	1	265,204	245.406773945116	NA	NA	NA	NA	NA	NA	26011
HIP09789	TRBV11-1	ap01	ap01	ap01	0.45,0.55	1	42,64	28.6765109727023	NA	NA	NA	NA	NA	NA	26011
HIP09789	TRBV4-3	Del	ap01	ap01	0.45,0.55	1	58,389	37.490785839218	NA	NA	NA	NA	NA	NA	26011
HIP09789	TRBV6-23	ap01	ap01	ap01	0.45,0.55	1	262,630	119.709507208905	NA	NA	NA	NA	NA	NA	26011
HIP09789	TRBV24-1	ap01	ap01	ap01	0.45,0.55	1	177,282	117.700423811256	NA	NA	NA	NA	NA	NA	26011
HIP09789	TRBV1	ap01	ap01	ap01	0.45,0.55	1	67,70	53.976465249773	NA	NA	NA	NA	NA	NA	26011
HIP09789	TRBV5-4	ap01	ap01	ap01	0.45,0.55	1	343,345	279.752897902995	NA	NA	NA	NA	NA	NA	26011
HIP09789	TRBV11-3	ap01	ap01	ap01	0.45,0.55	1	136,351	55.990524411561	NA	NA	NA	NA	NA	NA	26011
HIP09789	TRBV20-1	ap01,ap02	ap01,ap02	ap01,ap02	0.45,0.55	0.87,0.13	491,567	185.73916335443	75,84	29.0174674327949	NA	NA	NA	NA	26011
HIP09789	TRBV4-2	ap01	ap01	ap01	0.45,0.55	1	270,281	217.796506926743	NA	NA	NA	NA	NA	NA	26011
HIP09789	TRBV25-1	ap01	ap01	ap01	0.45,0.55	1	76,122	50.3033244444743	NA	NA	NA	NA	NA	NA	26011
HIP09789	TRBV21-1	ap01	ap01	ap01	0.45,0.55	1	145,319	73.8586044125166	NA	NA	NA	NA	NA	NA	26011
HIP09789	TRBV18	ap01	ap01	ap01	0.45,0.55	1	134,207	90.7712424755098	NA	NA	NA	NA	NA	NA	26011
HIP09789	TRBV28	ap01	ap01	ap01	0.45,0.55	1	603,822	43.6551111119376	NA	NA	NA	NA	NA	NA	26011
HIP09789	TRBV6-56	ap01,ap02	ap01,ap02	ap01,ap02	0.45,0.55	0.72,0.28	285,310	112.544035239831	118,117	102.358600269175	NA	NA	NA	NA	26011
HIP09789	TRBV7-6	ap01	ap01	ap01	0.45,0.55	1	140,154	110.803994129298	NA	NA	NA	NA	NA	NA	26011
HIP09789	TRBV10-1	ap01	ap01	ap01	0.45,0.55	1	148,147	190.771928774916	NA	NA	NA	NA	NA	NA	26011
HIP09789	TRBV12-5	ap01	ap01	ap01	0.45,0.55	1	60,114	35.1781570232683	NA	NA	NA	NA	NA	NA	26011
HIP09789	TRBV12-2	ap01	ap01	ap01	0.45,0.55	1	37,48	27.4118780688663	NA	NA	NA	NA	NA	NA	26011
HIP09789	TRBV10-2	ap01	ap01	ap01	0.45,0.55	1	22,40	13.3602551639038	NA	NA	NA	NA	NA	NA	26011
HIP09789	TRBV10-3	ap01	ap01	ap01	0.45,0.55	1	234,257	185.303538858047	NA	NA	NA	NA	NA	NA	26011
HIP09789	TRBV6-8	ap01	ap01	ap01	0.45,0.55	1	13,13	16.8996749352073	NA	NA	NA	NA	NA	NA	26011
HIP09789	TRBV7-3	ap01_G301A	ap01	ap01,ap01_G301A	0.45,0.55	0.6,0.4	50,341	51.2129362370174	247,11	58.8040724880878	NA	NA	NA	NA	26011
HIP09789	TRBV5-6	ap01	ap01	ap01	0.45,0.55	1	192,229	147.395076111236	NA	NA	NA	NA	NA	NA	26011
HIP09789	TRBV30	ap01	ap01	ap01	0.45,0.55	1	377,414	298.558837221567	NA	NA	NA	NA	NA	NA	26011
HIP09789	TRBV5-3	ap01	ap01	ap01	0.45,0.55	1	37,50	26.8989918591935	NA	NA	NA	NA	NA	NA	26011
HIP09789	TRBV23-1	ap01	ap01	ap01	0.45,0.55	1	34,69	18.805939318572	NA	NA	NA	NA	NA	NA	26011
HIP09789	TRBV6-7	ap01	ap01	ap01	0.45,0.55	1	18,40	9.06607709892958	NA	NA	NA	NA	NA	NA	26011
HIP09789	TRBV5-5	ap01	ap01	ap01	0.45,0.55	1	58,74	43.2887921842355	NA	NA	NA	NA	NA	NA	26011
HIP09789	TRBV12-1	ap01	ap01	ap01	0.45,0.55	1	26,33	19.4495349627325	NA	NA	NA	NA	NA	NA	26011
HIP09789	TRBV7-2	ap01	ap01	ap01	0.45,0.55	1	324,641	183.448393062805	NA	NA	NA	NA	NA	NA	26011
HIP09789	TRBV13	ap01	ap01	ap01	0.45,0.55	1	131,133	106.52739868467	NA	NA	NA	NA	NA	NA	26011
HIP09789	TRBV7-4	ap01	ap01	ap01	0.45,0.55	1	25,19	22.7531519507321	NA	NA	NA	NA	NA	NA	26011
HIP09789	TRBV7-7	ap01_C315T	ap01_C315T	ap01_C315T	0.45,0.55	1	60,74	45.4358812167227	NA	NA	NA	NA	NA	NA	26011
HIP09789	TRBV7-8	ap01,ap03	ap01,ap03	ap01,ap03	0.45,0.55	0.68,0.32	134,111	90.7131864701986	48,67	15.2933307769247	NA	NA	NA	NA	26011
HIP09789	TRBV5-8	ap01	ap01	ap01	0.45,0.55	1	42,41	52.9745793032254	NA	NA	NA	NA	NA	NA	26011
HIP09789	TRBV6-9	ap01	ap01	ap01	0.45,0.55	1	8,16	4.48526645256668	NA	NA	NA	NA	NA	NA	26011
HIP09789	TRBV7-1	ap01_G291C_T296C	ap01_G291C_T296C	ap01_G291C_T296C	0.45,0.55	1	7,8	5.46326677501401	NA	NA	NA	NA	NA	NA	26011
HIP09789	TRBV5-7	ap01	ap01	ap01	0.45,0.55	1	6,11	3.62039294426137	NA	NA	NA	NA	NA	NA	26011
HIP09789	TRBV16	ap01	Unk	ap01	0.45,0.55	1	2,0	0.648790984856964	NA	NA	NA	NA	NA	NA	26011
HIP09789	TRBV17	Unk	ap01	ap01	0.45,0.55	1	0,4	1.02577241934544	NA	NA	NA	NA	NA	NA	26011
HIP09789	TRBV26	Unk	Unk	NA	NA	NA	NA	NA	NA	NA	NA	NA	NA	NA	26011
