subject	gene	TRBD2_01	TRBD2_02	alleles	proirs_row	proirs_col	counts1	k1	counts2	k2	counts3	k3	counts4	k4	TOTAL
HIP13176	TRBV4-3	ap01	ap01	ap01	0.46,0.54	1	345,415	263.680362202884	NA	NA	NA	NA	NA	NA	20475
HIP13176	TRBV3-12	ap01	ap01	ap01	0.46,0.54	1	511,470	59.8552502087143	NA	NA	NA	NA	NA	NA	20475
HIP13176	TRBV6-4	ap01	ap01	ap01	0.46,0.54	1	95,131	68.1727981640529	NA	NA	NA	NA	NA	NA	20475
HIP13176	TRBV6-23	ap01	ap01	ap01	0.46,0.54	1	485,626	35.9386471642198	NA	NA	NA	NA	NA	NA	20475
HIP13176	TRBV19	ap01	ap01	ap01	0.46,0.54	1	289,426	200.100896473733	NA	NA	NA	NA	NA	NA	20475
HIP13176	TRBV5-5	ap01	ap01	ap01	0.46,0.54	1	45,66	31.2456625053233	NA	NA	NA	NA	NA	NA	20475
HIP13176	TRBV9	ap01	ap01	ap01	0.46,0.54	1	545,556	44.2943890293332	NA	NA	NA	NA	NA	NA	20475
HIP13176	TRBV5-1	ap01	ap01	ap01	0.46,0.54	1	769,754	97.6208692429776	NA	NA	NA	NA	NA	NA	20475
HIP13176	TRBV24-1	ap01	ap01	ap01	0.46,0.54	1	195,276	138.049550306445	NA	NA	NA	NA	NA	NA	20475
HIP13176	TRBV27	ap01	ap01	ap01	0.46,0.54	1	378,464	286.434747273118	NA	NA	NA	NA	NA	NA	20475
HIP13176	TRBV6-1	ap01	ap01	ap01	0.46,0.54	1	125,145	96.958278184402	NA	NA	NA	NA	NA	NA	20475
HIP13176	TRBV10-1	ap01	ap01	ap01	0.46,0.54	1	106,174	68.6864479873455	NA	NA	NA	NA	NA	NA	20475
HIP13176	TRBV7-9	ap01	ap01	ap01	0.46,0.54	1	284,432	193.093583595304	NA	NA	NA	NA	NA	NA	20475
HIP13176	TRBV28	ap01	ap01	ap01	0.46,0.54	1	381,84	15.8215479473926	NA	NA	NA	NA	NA	NA	20475
HIP13176	TRBV2	ap01	ap01	ap01	0.46,0.54	1	334,337	272.447590454747	NA	NA	NA	NA	NA	NA	20475
HIP13176	TRBV1	ap01	ap01	ap01	0.46,0.54	1	46,47	37.3671145020883	NA	NA	NA	NA	NA	NA	20475
HIP13176	TRBV12-34	ap01	ap01	ap01	0.46,0.54	1	462,535	35.8601750678954	NA	NA	NA	NA	NA	NA	20475
HIP13176	TRBV5-4	ap01	ap01	ap01	0.46,0.54	1	328,347	263.29634475462	NA	NA	NA	NA	NA	NA	20475
HIP13176	TRBV10-3	ap01	ap01	ap01	0.46,0.54	1	188,223	144.520624099919	NA	NA	NA	NA	NA	NA	20475
HIP13176	TRBV23-1	ap01	ap01	ap01	0.46,0.54	1	27,52	15.4593149851387	NA	NA	NA	NA	NA	NA	20475
HIP13176	TRBV5-6	ap01	ap01	ap01	0.46,0.54	1	188,184	238.119153304415	NA	NA	NA	NA	NA	NA	20475
HIP13176	TRBV29-1	ap01,ap02	ap01,ap02	ap01,ap02	0.46,0.54	0.85,0.15	163,201	58.183186451855	32,34	12.8196953202004	NA	NA	NA	NA	20475
HIP13176	TRBV6-56	ap01,ap02	ap01,ap02	ap01,ap02	0.46,0.54	0.72,0.28	280,300	111.532591437334	100,123	35.7752723590163	NA	NA	NA	NA	20475
HIP13176	TRBV11-2	ap01	ap01	ap01	0.46,0.54	1	158,176	124.485686264717	NA	NA	NA	NA	NA	NA	20475
HIP13176	TRBV7-2	ap01	ap01	ap01	0.46,0.54	1	465,459	59.525563244872	NA	NA	NA	NA	NA	NA	20475
HIP13176	TRBV30	ap01	ap01	ap01	0.46,0.54	1	257,393	174.187085325108	NA	NA	NA	NA	NA	NA	20475
HIP13176	TRBV11-3	ap01	ap01	ap01	0.46,0.54	1	62,83	45.153245148814	NA	NA	NA	NA	NA	NA	20475
HIP13176	TRBV25-1	ap01	ap01	ap01	0.46,0.54	1	86,137	56.8324411189027	NA	NA	NA	NA	NA	NA	20475
HIP13176	TRBV21-1	ap01	ap01	ap01	0.46,0.54	1	81,138	51.1509679654963	NA	NA	NA	NA	NA	NA	20475
HIP13176	TRBV7-3	ap02	ap02	ap02	0.46,0.54	1	72,94	53.0690081705689	NA	NA	NA	NA	NA	NA	20475
HIP13176	TRBV10-2	ap01	ap01	ap01	0.46,0.54	1	70,76	55.6755090972883	NA	NA	NA	NA	NA	NA	20475
HIP13176	TRBV14	ap01	ap01	ap01	0.46,0.54	1	79,108	56.9394842322692	NA	NA	NA	NA	NA	NA	20475
HIP13176	TRBV20-1	ap01,ap02	ap01,ap02	ap01,ap02	0.46,0.54	0.85,0.15	379,514	123.3487265416	81,81	71.0645304945073	NA	NA	NA	NA	20475
HIP13176	TRBV18	ap01	ap01	ap01	0.46,0.54	1	111,164	76.754432645792	NA	NA	NA	NA	NA	NA	20475
HIP13176	TRBV15	ap02	ap02	ap02	0.46,0.54	1	101,159	67.2476619540104	NA	NA	NA	NA	NA	NA	20475
HIP13176	TRBV6-8	ap01	ap01	ap01	0.46,0.54	1	9,21	4.18082253002989	NA	NA	NA	NA	NA	NA	20475
HIP13176	TRBV7-8	ap01,ap03	ap01,ap03	ap01,ap03	0.46,0.54	0.56,0.44	84,74	62.1057871204213	48,75	13.0880138818746	NA	NA	NA	NA	20475
HIP13176	TRBV4-1	ap01	ap01	ap01	0.46,0.54	1	181,192	145.158003103294	NA	NA	NA	NA	NA	NA	20475
HIP13176	TRBV5-3	ap01	ap01	ap01	0.46,0.54	1	25,40	16.4748082418314	NA	NA	NA	NA	NA	NA	20475
HIP13176	TRBV13	ap01	ap01	ap01	0.46,0.54	1	84,97	65.2726368357201	NA	NA	NA	NA	NA	NA	20475
HIP13176	TRBV7-6	ap01	ap01	ap01	0.46,0.54	1	123,171	87.8973895309254	NA	NA	NA	NA	NA	NA	20475
HIP13176	TRBV4-2	ap01	ap01	ap01	0.46,0.54	1	34,30	37.7702845405739	NA	NA	NA	NA	NA	NA	20475
HIP13176	TRBV7-7	ap01	ap01	ap01	0.46,0.54	1	43,44	34.9128352120605	NA	NA	NA	NA	NA	NA	20475
HIP13176	TRBV7-4	ap01	ap01	ap01	0.46,0.54	1	12,28	5.57443004003986	NA	NA	NA	NA	NA	NA	20475
HIP13176	TRBV5-8	ap01	ap01	ap01	0.46,0.54	1	30,39	22.1562813952378	NA	NA	NA	NA	NA	NA	20475
HIP13176	TRBV5-7	ap01	ap01	ap01	0.46,0.54	1	9,8	10.0930544752858	NA	NA	NA	NA	NA	NA	20475
HIP13176	TRBV12-2	ap01	ap01	ap01	0.46,0.54	1	18,32	11.0133245101043	NA	NA	NA	NA	NA	NA	20475
HIP13176	TRBV7-1	ap01_T296C	ap01_T296C,ap01_T296C_C314T	ap01_T296C,ap01_T296C_C314T	0.46,0.54	0.5,0.5	1,1	0.877339882648238	0,2	0.511794091535496	NA	NA	NA	NA	20475
HIP13176	TRBV12-5	ap01	ap01	ap01	0.46,0.54	1	50,92	29.7676011436093	NA	NA	NA	NA	NA	NA	20475
HIP13176	TRBV6-9	ap01	ap01	ap01	0.46,0.54	1	7,6	7.49112111471645	NA	NA	NA	NA	NA	NA	20475
HIP13176	TRBV12-1	ap01	ap01	ap01	0.46,0.54	1	10,29	3.14274001167463	NA	NA	NA	NA	NA	NA	20475
HIP13176	TRBV6-7	ap01	ap01	ap01	0.46,0.54	1	9,25	3.12015075001207	NA	NA	NA	NA	NA	NA	20475
HIP13176	TRBV16	ap01	ap01	ap01	0.46,0.54	1	1,4	0.0225892616625619	NA	NA	NA	NA	NA	NA	20475
HIP13176	TRBV11-1	Del	Del	Del	NA	NA	NA	1000	NA	NA	NA	NA	NA	NA	20475
HIP13176	TRBV17	Unk	Unk	NA	NA	NA	NA	NA	NA	NA	NA	NA	NA	NA	20475
HIP13176	TRBV26	Unk	Unk	NA	NA	NA	NA	NA	NA	NA	NA	NA	NA	NA	20475
