subject	gene	TRBD2_01	TRBD2_02	alleles	proirs_row	proirs_col	counts1	k1	counts2	k2	counts3	k3	counts4	k4	TOTAL
HIP13869	TRBV29-1	ap01,ap02	ap01,ap02	ap01,ap02	0.45,0.55	0.84,0.16	52,121	4.72240757382224	13,19	3.94232491857605	NA	NA	NA	NA	8627
HIP13869	TRBV30	ap01	ap01	ap01	0.45,0.55	1	117,25	2.41734713917404	NA	NA	NA	NA	NA	NA	8627
HIP13869	TRBV12-34	ap01	ap01	ap01	0.45,0.55	1	169,184	134.223209127667	NA	NA	NA	NA	NA	NA	8627
HIP13869	TRBV11-2	ap01	ap01	ap01	0.45,0.55	1	82,85	66.2138019787118	NA	NA	NA	NA	NA	NA	8627
HIP13869	TRBV28	ap01	ap01	ap01	0.45,0.55	1	194,287	134.810682093942	NA	NA	NA	NA	NA	NA	8627
HIP13869	TRBV23-1	Unk	ap01	ap01	0.45,0.55	1	5,24	0.746986613071791	NA	NA	NA	NA	NA	NA	8627
HIP13869	TRBV9	ap01	ap01	ap01	0.45,0.55	1	224,135	146.360752216995	NA	NA	NA	NA	NA	NA	8627
HIP13869	TRBV5-4	ap01	ap01	ap01	0.45,0.55	1	113,124	89.5001427584613	NA	NA	NA	NA	NA	NA	8627
HIP13869	TRBV5-6	ap01	ap01	ap01	0.45,0.55	1	55,94	35.0072075725589	NA	NA	NA	NA	NA	NA	8627
HIP13869	TRBV20-1	ap01,ap02	ap01,ap02	ap01,ap02	0.45,0.55	0.86,0.14	198,355	43.9369505347034	43,44	17.666473986432	NA	NA	NA	NA	8627
HIP13869	TRBV25-1	ap01	ap01	ap01	0.45,0.55	1	17,56	3.96928048084134	NA	NA	NA	NA	NA	NA	8627
HIP13869	TRBV19	ap01	ap01	ap01	0.45,0.55	1	151,229	103.502704901971	NA	NA	NA	NA	NA	NA	8627
HIP13869	TRBV2	ap01	ap01	ap01	0.45,0.55	1	117,138	90.2247011953275	NA	NA	NA	NA	NA	NA	8627
HIP13869	TRBV7-8	ap01,ap03	ap01,ap03	ap01,ap03	0.45,0.55	0.72,0.28	30,37	10.7783111743941	10,16	2.69265325735136	NA	NA	NA	NA	8627
HIP13869	TRBV7-7	ap01	ap01_C315T	ap01,ap01_C315T	0.45,0.55	0.45,0.55	14,3	0.58232260018285	2,19	3.3401559082545	NA	NA	NA	NA	8627
HIP13869	TRBV5-1	ap01	ap01	ap01	0.45,0.55	1	353,449	263.917125811135	NA	NA	NA	NA	NA	NA	8627
HIP13869	TRBV7-2	ap01	ap01	ap01	0.45,0.55	1	83,141	53.0463347255266	NA	NA	NA	NA	NA	NA	8627
HIP13869	TRBV21-1	ap01	ap01	ap01	0.45,0.55	1	21,41	12.0673550893199	NA	NA	NA	NA	NA	NA	8627
HIP13869	TRBV4-2	ap01	ap01	ap01	0.45,0.55	1	118,114	146.853796705369	NA	NA	NA	NA	NA	NA	8627
HIP13869	TRBV1	ap01	ap01	ap01	0.45,0.55	1	23,53	11.1583384160957	NA	NA	NA	NA	NA	NA	8627
HIP13869	TRBV12-5	ap01	ap01	ap01	0.45,0.55	1	15,21	10.7262582556892	NA	NA	NA	NA	NA	NA	8627
HIP13869	TRBV7-3	ap01	ap03	ap01,ap03	0.45,0.55	0.67,0.33	83,5	18.4050659422248	6,37	5.11073790232709	NA	NA	NA	NA	8627
HIP13869	TRBV11-3	ap01	ap01	ap01	0.45,0.55	1	30,60	16.8758513014121	NA	NA	NA	NA	NA	NA	8627
HIP13869	TRBV4-1	ap01	ap01	ap01	0.45,0.55	1	156,139	175.095712592878	NA	NA	NA	NA	NA	NA	8627
HIP13869	TRBV13	ap01	ap01	ap01	0.45,0.55	1	54,61	42.3267137241205	NA	NA	NA	NA	NA	NA	8627
HIP13869	TRBV12-2	ap01	ap01	ap01	0.45,0.55	1	9,14	6.07979210374947	NA	NA	NA	NA	NA	NA	8627
HIP13869	TRBV10-1	ap01	ap01	ap01	0.45,0.55	1	50,32	35.7050774816097	NA	NA	NA	NA	NA	NA	8627
HIP13869	TRBV18	ap01	ap01	ap01	0.45,0.55	1	68,105	46.1339641448094	NA	NA	NA	NA	NA	NA	8627
HIP13869	TRBV12-1	ap01	ap01	ap01	0.45,0.55	1	5,9	3.06690106190014	NA	NA	NA	NA	NA	NA	8627
HIP13869	TRBV15	ap02	ap02	ap02	0.45,0.55	1	42,71	26.9315611402859	NA	NA	NA	NA	NA	NA	8627
HIP13869	TRBV27	ap01	ap01	ap01	0.45,0.55	1	125,214	79.4693775091496	NA	NA	NA	NA	NA	NA	8627
HIP13869	TRBV24-1	ap01	ap01	ap01	0.45,0.55	1	87,136	58.6018175506906	NA	NA	NA	NA	NA	NA	8627
HIP13869	TRBV7-6	ap01	ap01	ap01	0.45,0.55	1	38,49	28.2410761300714	NA	NA	NA	NA	NA	NA	8627
HIP13869	TRBV7-9	ap01	ap01	ap01	0.45,0.55	1	108,118	85.6704641615668	NA	NA	NA	NA	NA	NA	8627
HIP13869	TRBV6-23	ap01	ap01	ap01	0.45,0.55	1	68,68	88.3769574284687	NA	NA	NA	NA	NA	NA	8627
HIP13869	TRBV11-1	ap01	ap01	ap01	0.45,0.55	1	11,19	6.95058967884548	NA	NA	NA	NA	NA	NA	8627
HIP13869	TRBV6-56	ap01,ap02	ap01,ap02	ap01,ap02	0.45,0.55	0.75,0.25	91,137	26.6143284655451	34,41	12.444540056027	NA	NA	NA	NA	8627
HIP13869	TRBV6-9	ap01	ap01	ap01	0.45,0.55	1	3,5	1.94184430847267	NA	NA	NA	NA	NA	NA	8627
HIP13869	TRBV6-1	ap01	ap01	ap01	0.45,0.55	1	150,126	155.911864863309	NA	NA	NA	NA	NA	NA	8627
HIP13869	TRBV14	ap01	ap01	ap01	0.45,0.55	1	29,68	13.7707311413837	NA	NA	NA	NA	NA	NA	8627
HIP13869	TRBV5-5	ap01	ap01	ap01	0.45,0.55	1	14,33	6.60410138233499	NA	NA	NA	NA	NA	NA	8627
HIP13869	TRBV6-7	ap01	ap01	ap01	0.45,0.55	1	4,10	1.74159515019202	NA	NA	NA	NA	NA	NA	8627
HIP13869	TRBV5-3	ap01	ap01	ap01	0.45,0.55	1	9,20	4.5542370337607	NA	NA	NA	NA	NA	NA	8627
HIP13869	TRBV3-12	ap01	ap01	ap01	0.45,0.55	1	134,138	108.432495662731	NA	NA	NA	NA	NA	NA	8627
HIP13869	TRBV7-4	ap01	ap01	ap01	0.45,0.55	1	6,6	7.79796683192371	NA	NA	NA	NA	NA	NA	8627
HIP13869	TRBV6-4	ap01	ap01	ap01	0.45,0.55	1	103,92	115.972998727914	NA	NA	NA	NA	NA	NA	8627
HIP13869	TRBV5-8	ap01	ap01	ap01	0.45,0.55	1	12,20	7.76737723389068	NA	NA	NA	NA	NA	NA	8627
HIP13869	TRBV4-3	Unk	ap01	ap01	0.45,0.55	1	0,1	0.254259178331462	NA	NA	NA	NA	NA	NA	8627
HIP13869	TRBV10-3	ap01	ap01	ap01	0.45,0.55	1	93,84	106.229496169274	NA	NA	NA	NA	NA	NA	8627
HIP13869	TRBV7-1	ap01_G291C_T296C,ap01_G291C_T296C_C314T	ap01_G291C_T296C	ap01_G291C_T296C,ap01_G291C_T296C_C314T	0.45,0.55	0.5,0.5	1,1	0.877288058939723	2,0	0.584397595818549	NA	NA	NA	NA	8627
HIP13869	TRBV6-8	ap01	ap01	ap01	0.45,0.55	1	5,4	4.87175127932043	NA	NA	NA	NA	NA	NA	8627
HIP13869	TRBV10-2	ap01	ap01	ap01	0.45,0.55	1	24,11	10.0466599463536	NA	NA	NA	NA	NA	NA	8627
HIP13869	TRBV5-7	ap01	ap01	ap01	0.45,0.55	1	1,3	0.308269198382274	NA	NA	NA	NA	NA	NA	8627
HIP13869	TRBV16	Unk	ap01	ap01	0.45,0.55	1	0,2	0.508518356662924	NA	NA	NA	NA	NA	NA	8627
HIP13869	TRBV17	Unk	Unk	NA	NA	NA	NA	NA	NA	NA	NA	NA	NA	NA	8627
HIP13869	TRBV26	Unk	Unk	NA	NA	NA	NA	NA	NA	NA	NA	NA	NA	NA	8627
