subject	gene	TRBD2_01	TRBD2_02	alleles	proirs_row	proirs_col	counts1	k1	counts2	k2	counts3	k3	counts4	k4	TOTAL
Keck0063_MC1	TRBV25-1	ap01	ap01	ap01	0.47,0.53	1	31,52	19.6282993290706	NA	NA	NA	NA	NA	NA	11265
Keck0063_MC1	TRBV6-23	ap01	ap01	ap01	0.47,0.53	1	277,93	64.8502054750127	NA	NA	NA	NA	NA	NA	11265
Keck0063_MC1	TRBV29-1	ap01,ap02	ap01,ap02	ap01,ap02	0.47,0.53	0.83,0.17	55,99	11.2729043969578	17,14	11.4571674640603	NA	NA	NA	NA	11265
Keck0063_MC1	TRBV4-2	ap01	ap01	ap01	0.47,0.53	1	183,129	151.408941731443	NA	NA	NA	NA	NA	NA	11265
Keck0063_MC1	TRBV30	ap01	ap01	ap01	0.47,0.53	1	127,144	99.3172951292187	NA	NA	NA	NA	NA	NA	11265
Keck0063_MC1	TRBV3-12	ap01	ap01	ap01	0.47,0.53	1	323,251	304.701577136625	NA	NA	NA	NA	NA	NA	11265
Keck0063_MC1	TRBV7-3	ap01	ap01	ap01	0.47,0.53	1	169,213	126.308001184939	NA	NA	NA	NA	NA	NA	11265
Keck0063_MC1	TRBV24-1	ap01	ap01	ap01	0.47,0.53	1	67,121	40.0637972259127	NA	NA	NA	NA	NA	NA	11265
Keck0063_MC1	TRBV27	ap01	ap01	ap01	0.47,0.53	1	228,422	133.532591982122	NA	NA	NA	NA	NA	NA	11265
Keck0063_MC1	TRBV20-1	ap01,ap02	ap01,ap02	ap01,ap02	0.47,0.53	0.86,0.14	216,276	74.070750663033	37,42	14.0823040997021	NA	NA	NA	NA	11265
Keck0063_MC1	TRBV7-7	ap01_C315T	ap01	ap01,ap01_C315T	0.47,0.53	0.5,0.5	3,23	4.03460065093661	26,0	7.11788902136088	NA	NA	NA	NA	11265
Keck0063_MC1	TRBV9	ap01	ap01	ap01	0.47,0.53	1	280,266	34.1938437619653	NA	NA	NA	NA	NA	NA	11265
Keck0063_MC1	TRBV5-4	Del	ap01	ap01	0.47,0.53	1	29,159	11.858876767913	NA	NA	NA	NA	NA	NA	11265
Keck0063_MC1	TRBV5-6	ap01	ap01	ap01	0.47,0.53	1	80,74	94.4827722073681	NA	NA	NA	NA	NA	NA	11265
Keck0063_MC1	TRBV2	ap01	ap01	ap01	0.47,0.53	1	156,207	113.748158961552	NA	NA	NA	NA	NA	NA	11265
Keck0063_MC1	TRBV6-56	ap01,ap02	ap01,ap02	ap01,ap02	0.47,0.53	0.62,0.38	75,102	24.0899292569556	52,58	20.0626615374223	NA	NA	NA	NA	11265
Keck0063_MC1	TRBV1	ap01	ap01	ap01	0.47,0.53	1	25,30	19.0978233910821	NA	NA	NA	NA	NA	NA	11265
Keck0063_MC1	TRBV6-1	ap01	ap01	ap01	0.47,0.53	1	66,92	46.9129550057573	NA	NA	NA	NA	NA	NA	11265
Keck0063_MC1	TRBV11-2	ap01	ap01	ap01	0.47,0.53	1	91,134	62.7245608218087	NA	NA	NA	NA	NA	NA	11265
Keck0063_MC1	TRBV12-34	ap01	ap01	ap01	0.47,0.53	1	216,214	277.922347173161	NA	NA	NA	NA	NA	NA	11265
Keck0063_MC1	TRBV15	ap02	ap02	ap02	0.47,0.53	1	66,81	49.9253211162022	NA	NA	NA	NA	NA	NA	11265
Keck0063_MC1	TRBV28	Del	ap01	ap01	0.47,0.53	1	76,336	8.9814554217377	NA	NA	NA	NA	NA	NA	11265
Keck0063_MC1	TRBV4-1	ap01	ap01	ap01	0.47,0.53	1	110,149	79.3749480228011	NA	NA	NA	NA	NA	NA	11265
Keck0063_MC1	TRBV5-1	ap01	ap01	ap01	0.47,0.53	1	359,462	265.700578200859	NA	NA	NA	NA	NA	NA	11265
Keck0063_MC1	TRBV4-3	ap01	Del	ap01	0.47,0.53	1	214,7	54.1080026286306	NA	NA	NA	NA	NA	NA	11265
Keck0063_MC1	TRBV13	ap01	ap01	ap01	0.47,0.53	1	55,57	44.4798746416538	NA	NA	NA	NA	NA	NA	11265
Keck0063_MC1	TRBV6-4	ap01	ap01	ap01	0.47,0.53	1	109,81	96.8747529509877	NA	NA	NA	NA	NA	NA	11265
Keck0063_MC1	TRBV7-2	ap01	ap01	ap01	0.47,0.53	1	369,216	234.409258153122	NA	NA	NA	NA	NA	NA	11265
Keck0063_MC1	TRBV10-3	ap01	ap01	ap01	0.47,0.53	1	87,101	67.3915203805579	NA	NA	NA	NA	NA	NA	11265
Keck0063_MC1	TRBV6-8	ap01	ap01	ap01	0.47,0.53	1	4,5	3.00088144965596	NA	NA	NA	NA	NA	NA	11265
Keck0063_MC1	TRBV10-1	ap01	ap01	ap01	0.47,0.53	1	51,77	34.6327065773504	NA	NA	NA	NA	NA	NA	11265
Keck0063_MC1	TRBV19	ap01	ap01	ap01	0.47,0.53	1	200,237	153.604141522415	NA	NA	NA	NA	NA	NA	11265
Keck0063_MC1	TRBV12-2	ap01	ap01	ap01	0.47,0.53	1	21,19	24.1187688001638	NA	NA	NA	NA	NA	NA	11265
Keck0063_MC1	TRBV7-9	ap01	ap01	ap01	0.47,0.53	1	141,145	114.338929368682	NA	NA	NA	NA	NA	NA	11265
Keck0063_MC1	TRBV7-6	ap01	ap01	ap01	0.47,0.53	1	77,72	92.1850638985553	NA	NA	NA	NA	NA	NA	11265
Keck0063_MC1	TRBV21-1	ap01	ap01	ap01	0.47,0.53	1	81,109	58.6455005049925	NA	NA	NA	NA	NA	NA	11265
Keck0063_MC1	TRBV6-9	ap01	ap01	ap01	0.47,0.53	1	7,9	5.18307967075146	NA	NA	NA	NA	NA	NA	11265
Keck0063_MC1	TRBV5-3	ap01	ap01	ap01	0.47,0.53	1	21,30	14.7276846184967	NA	NA	NA	NA	NA	NA	11265
Keck0063_MC1	TRBV18	ap01	ap01	ap01	0.47,0.53	1	90,134	61.6320261286624	NA	NA	NA	NA	NA	NA	11265
Keck0063_MC1	TRBV7-8	ap01,ap03	ap01,ap03	ap01,ap03	0.47,0.53	0.65,0.35	43,48	16.5801172190019	24,24	21.048792601955	NA	NA	NA	NA	11265
Keck0063_MC1	TRBV14	ap01	ap01	ap01	0.47,0.53	1	41,50	31.101349189706	NA	NA	NA	NA	NA	NA	11265
Keck0063_MC1	TRBV11-3	ap01	ap01	ap01	0.47,0.53	1	50,44	55.4360678422915	NA	NA	NA	NA	NA	NA	11265
Keck0063_MC1	TRBV10-2	ap01	ap01	ap01	0.47,0.53	1	24,52	11.9805564770461	NA	NA	NA	NA	NA	NA	11265
Keck0063_MC1	TRBV23-1	ap01	ap01	ap01	0.47,0.53	1	29,42	20.1817445886368	NA	NA	NA	NA	NA	NA	11265
Keck0063_MC1	TRBV12-1	ap01	ap01	ap01	0.47,0.53	1	14,11	13.4009089872844	NA	NA	NA	NA	NA	NA	11265
Keck0063_MC1	TRBV6-7	ap01	ap01	ap01	0.47,0.53	1	15,14	17.9163900548434	NA	NA	NA	NA	NA	NA	11265
Keck0063_MC1	TRBV11-1	ap01	ap01	ap01	0.47,0.53	1	28,22	26.8018179745687	NA	NA	NA	NA	NA	NA	11265
Keck0063_MC1	TRBV5-8	ap01	ap01	ap01	0.47,0.53	1	24,23	29.6304013643663	NA	NA	NA	NA	NA	NA	11265
Keck0063_MC1	TRBV12-5	ap01	ap01	ap01	0.47,0.53	1	31,22	25.8856020279917	NA	NA	NA	NA	NA	NA	11265
Keck0063_MC1	TRBV5-5	ap01	ap01	ap01	0.47,0.53	1	37,18	17.6253216240581	NA	NA	NA	NA	NA	NA	11265
Keck0063_MC1	TRBV7-4	ap01	ap01	ap01	0.47,0.53	1	9,9	11.714011309523	NA	NA	NA	NA	NA	NA	11265
Keck0063_MC1	TRBV7-1	Unk	ap01_G291C_T296C_C314T	ap01_G291C_T296C_C314T	0.47,0.53	1	0,3	0.821554393757688	NA	NA	NA	NA	NA	NA	11265
Keck0063_MC1	TRBV5-7	ap01	Unk	ap01	0.47,0.53	1	2,0	0.610810631051354	NA	NA	NA	NA	NA	NA	11265
Keck0063_MC1	TRBV16	ap01	ap01	ap01	0.47,0.53	1	1,2	0.544831763974568	NA	NA	NA	NA	NA	NA	11265
Keck0063_MC1	TRBV17	Unk	Unk	NA	NA	NA	NA	NA	NA	NA	NA	NA	NA	NA	11265
Keck0063_MC1	TRBV26	Unk	Unk	NA	NA	NA	NA	NA	NA	NA	NA	NA	NA	NA	11265
