subject	gene	TRBD2_01	TRBD2_02	alleles	proirs_row	proirs_col	counts1	k1	counts2	k2	counts3	k3	counts4	k4	TOTAL
Keck0002_MC1	TRBV3-12	ap01	ap01	ap01	0.44,0.56	1	205,211	165.591242164118	NA	NA	NA	NA	NA	NA	8916
Keck0002_MC1	TRBV28	Del	ap01	ap01	0.44,0.56	1	55,315	18.5655444319524	NA	NA	NA	NA	NA	NA	8916
Keck0002_MC1	TRBV5-6	ap01	ap01	ap01	0.44,0.56	1	77,69	86.832163072269	NA	NA	NA	NA	NA	NA	8916
Keck0002_MC1	TRBV27	ap01	ap01	ap01	0.44,0.56	1	167,213	124.873616832514	NA	NA	NA	NA	NA	NA	8916
Keck0002_MC1	TRBV29-1	ap01,ap02	ap01,ap02	ap01,ap02	0.44,0.56	0.85,0.15	54,85	15.1649265265646	10,15	2.98275121786018	NA	NA	NA	NA	8916
Keck0002_MC1	TRBV5-1	ap01	ap01	ap01	0.44,0.56	1	263,217	266.010600133831	NA	NA	NA	NA	NA	NA	8916
Keck0002_MC1	TRBV10-3	ap01	ap01	ap01	0.44,0.56	1	61,82	44.5891926846496	NA	NA	NA	NA	NA	NA	8916
Keck0002_MC1	TRBV2	ap01	ap01	ap01	0.44,0.56	1	163,119	139.507550989207	NA	NA	NA	NA	NA	NA	8916
Keck0002_MC1	TRBV9	ap01	ap01	ap01	0.44,0.56	1	184,223	140.433389541415	NA	NA	NA	NA	NA	NA	8916
Keck0002_MC1	TRBV6-23	ap01	ap01	ap01	0.44,0.56	1	88,198	44.8942832951037	NA	NA	NA	NA	NA	NA	8916
Keck0002_MC1	TRBV5-7	ap01	ap01	ap01	0.44,0.56	1	4,1	0.280007488115189	NA	NA	NA	NA	NA	NA	8916
Keck0002_MC1	TRBV4-2	ap01	ap01	ap01	0.44,0.56	1	90,115	67.2460654605284	NA	NA	NA	NA	NA	NA	8916
Keck0002_MC1	TRBV24-1	ap01	ap01	ap01	0.44,0.56	1	51,96	30.5893044355565	NA	NA	NA	NA	NA	NA	8916
Keck0002_MC1	TRBV20-1	ap01	ap01	ap01	0.44,0.56	1	408,591	287.864926747073	NA	NA	NA	NA	NA	NA	8916
Keck0002_MC1	TRBV7-6	ap01	ap01	ap01	0.44,0.56	1	60,48	58.2219540214204	NA	NA	NA	NA	NA	NA	8916
Keck0002_MC1	TRBV25-1	ap01	ap01	ap01	0.44,0.56	1	31,46	21.6049986632713	NA	NA	NA	NA	NA	NA	8916
Keck0002_MC1	TRBV30	ap01	ap01	ap01	0.44,0.56	1	108,100	127.063064120854	NA	NA	NA	NA	NA	NA	8916
Keck0002_MC1	TRBV1	ap01	ap01	ap01	0.44,0.56	1	19,15	18.1095470055729	NA	NA	NA	NA	NA	NA	8916
Keck0002_MC1	TRBV6-56	ap01,ap02	ap01,ap02	ap01,ap02	0.44,0.56	0.76,0.24	99,101	40.7146563991459	32,32	28.0559109296821	NA	NA	NA	NA	8916
Keck0002_MC1	TRBV11-3	ap01	ap01	ap01	0.44,0.56	1	28,59	15.2596970297237	NA	NA	NA	NA	NA	NA	8916
Keck0002_MC1	TRBV6-4	ap01	ap01	ap01	0.44,0.56	1	50,52	40.2572947254665	NA	NA	NA	NA	NA	NA	8916
Keck0002_MC1	TRBV4-1	ap01	ap01	ap01	0.44,0.56	1	105,101	129.717853140358	NA	NA	NA	NA	NA	NA	8916
Keck0002_MC1	TRBV7-2	ap01	ap01	ap01	0.44,0.56	1	82,218	33.6664085453856	NA	NA	NA	NA	NA	NA	8916
Keck0002_MC1	TRBV6-1	ap01	ap01	ap01	0.44,0.56	1	73,50	57.0856964752306	NA	NA	NA	NA	NA	NA	8916
Keck0002_MC1	TRBV7-3	ap01	ap01	ap01	0.44,0.56	1	103,100	128.759336643274	NA	NA	NA	NA	NA	NA	8916
Keck0002_MC1	TRBV7-7	ap01_C315T	ap01_C315T	ap01_C315T	0.44,0.56	1	19,21	14.9954747687527	NA	NA	NA	NA	NA	NA	8916
Keck0002_MC1	TRBV12-34	ap01	ap01	ap01	0.44,0.56	1	187,168	211.579692678104	NA	NA	NA	NA	NA	NA	8916
Keck0002_MC1	TRBV13	ap01	ap01	ap01	0.44,0.56	1	55,45	55.0071500256866	NA	NA	NA	NA	NA	NA	8916
Keck0002_MC1	TRBV7-8	ap01	ap01,ap03	ap01,ap03	0.44,0.56	0.65,0.35	38,32	26.2394492159932	7,30	2.50398314066496	NA	NA	NA	NA	8916
Keck0002_MC1	TRBV5-4	ap01	ap01	ap01	0.44,0.56	1	93,103	73.3475790078465	NA	NA	NA	NA	NA	NA	8916
Keck0002_MC1	TRBV6-7	ap01	ap01	ap01	0.44,0.56	1	9,5	5.13183698990022	NA	NA	NA	NA	NA	NA	8916
Keck0002_MC1	TRBV15	ap02	ap02	ap02	0.44,0.56	1	30,55	18.3522203830178	NA	NA	NA	NA	NA	NA	8916
Keck0002_MC1	TRBV11-1	ap01	ap01	ap01	0.44,0.56	1	20,22	15.8103721867112	NA	NA	NA	NA	NA	NA	8916
Keck0002_MC1	TRBV11-2	ap01	ap01	ap01	0.44,0.56	1	94,113	71.9683836497395	NA	NA	NA	NA	NA	NA	8916
Keck0002_MC1	TRBV4-3	Unk	ap01	ap01	0.44,0.56	1	33,153	2.36295555490938	NA	NA	NA	NA	NA	NA	8916
Keck0002_MC1	TRBV12-5	ap01	ap01	ap01	0.44,0.56	1	24,24	31.1465040376143	NA	NA	NA	NA	NA	NA	8916
Keck0002_MC1	TRBV7-9	ap01	ap01	ap01	0.44,0.56	1	116,147	86.9706698100727	NA	NA	NA	NA	NA	NA	8916
Keck0002_MC1	TRBV12-1	ap01	ap01	ap01	0.44,0.56	1	4,10	1.79686115445703	NA	NA	NA	NA	NA	NA	8916
Keck0002_MC1	TRBV10-2	ap01	ap01	ap01	0.44,0.56	1	25,14	14.4369944726174	NA	NA	NA	NA	NA	NA	8916
Keck0002_MC1	TRBV14	ap01	ap01	ap01	0.44,0.56	1	29,58	16.5621706201413	NA	NA	NA	NA	NA	NA	8916
Keck0002_MC1	TRBV10-1	ap01	ap01	ap01	0.44,0.56	1	38,45	29.2595852788169	NA	NA	NA	NA	NA	NA	8916
Keck0002_MC1	TRBV21-1	ap01	ap01	ap01	0.44,0.56	1	76,74	95.3565451070095	NA	NA	NA	NA	NA	NA	8916
Keck0002_MC1	TRBV19	ap01	ap01	ap01	0.44,0.56	1	149,207	107.280006274507	NA	NA	NA	NA	NA	NA	8916
Keck0002_MC1	TRBV18	ap01	ap01	ap01	0.44,0.56	1	64,103	42.6456993863941	NA	NA	NA	NA	NA	NA	8916
Keck0002_MC1	TRBV5-5	ap01	ap01	ap01	0.44,0.56	1	29,33	22.6568727758788	NA	NA	NA	NA	NA	NA	8916
Keck0002_MC1	TRBV5-3	ap01	ap01	ap01	0.44,0.56	1	14,21	9.70204724781264	NA	NA	NA	NA	NA	NA	8916
Keck0002_MC1	TRBV12-2	ap01	ap01	ap01	0.44,0.56	1	11,17	7.50114308016661	NA	NA	NA	NA	NA	NA	8916
Keck0002_MC1	TRBV7-4	ap01	ap01	ap01	0.44,0.56	1	9,10	7.09028867539709	NA	NA	NA	NA	NA	NA	8916
Keck0002_MC1	TRBV23-1	ap01	ap01	ap01	0.44,0.56	1	8,21	3.34993422268456	NA	NA	NA	NA	NA	NA	8916
Keck0002_MC1	TRBV6-8	ap01	ap01	ap01	0.44,0.56	1	7,4	4.17332049281698	NA	NA	NA	NA	NA	NA	8916
Keck0002_MC1	TRBV7-1	ap01_G291C_T296C	ap01_G291C_T296C	ap01_G291C_T296C	0.44,0.56	1	4,3	3.55405850021777	NA	NA	NA	NA	NA	NA	8916
Keck0002_MC1	TRBV5-8	ap01	ap01	ap01	0.44,0.56	1	18,20	14.1805773507942	NA	NA	NA	NA	NA	NA	8916
Keck0002_MC1	TRBV16	Unk	ap01	ap01	0.44,0.56	1	0,2	0.487576172459004	NA	NA	NA	NA	NA	NA	8916
Keck0002_MC1	TRBV6-9	ap01	ap01	ap01	0.44,0.56	1	1,3	0.327321245499507	NA	NA	NA	NA	NA	NA	8916
Keck0002_MC1	TRBV17	Unk	Unk	NA	NA	NA	NA	NA	NA	NA	NA	NA	NA	NA	8916
Keck0002_MC1	TRBV26	Unk	Unk	NA	NA	NA	NA	NA	NA	NA	NA	NA	NA	NA	8916
