subject	gene	TRBD2_01	TRBD2_02	alleles	proirs_row	proirs_col	counts1	k1	counts2	k2	counts3	k3	counts4	k4	TOTAL
HIP03233	TRBV19	ap01	ap01	ap01	0.46,0.54	1	371,587	247.119633237499	NA	NA	NA	NA	NA	NA	22132
HIP03233	TRBV28	ap01	ap01	ap01	0.46,0.54	1	511,750	35.5596143011336	NA	NA	NA	NA	NA	NA	22132
HIP03233	TRBV21-1	ap01	ap01	ap01	0.46,0.54	1	176,290	114.231656254324	NA	NA	NA	NA	NA	NA	22132
HIP03233	TRBV6-23	ap01	ap01	ap01	0.46,0.54	1	153,187	116.242892411034	NA	NA	NA	NA	NA	NA	22132
HIP03233	TRBV7-4	ap01	ap01	ap01	0.46,0.54	1	20,29	14.0098199971499	NA	NA	NA	NA	NA	NA	22132
HIP03233	TRBV5-6	ap01	ap01	ap01	0.46,0.54	1	158,197	119.029813236999	NA	NA	NA	NA	NA	NA	22132
HIP03233	TRBV4-1	ap01	ap01	ap01	0.46,0.54	1	296,264	33.3073971001366	NA	NA	NA	NA	NA	NA	22132
HIP03233	TRBV4-2	ap01	ap01	ap01	0.46,0.54	1	211,196	250.086080447839	NA	NA	NA	NA	NA	NA	22132
HIP03233	TRBV7-3	ap01	ap01	ap01	0.46,0.54	1	361,367	293.584640554506	NA	NA	NA	NA	NA	NA	22132
HIP03233	TRBV20-1	ap01,ap02	ap01,ap02	ap01,ap02	0.46,0.54	0.87,0.13	318,451	99.0907606008041	43,72	10.6324444003554	NA	NA	NA	NA	22132
HIP03233	TRBV5-1	ap01	ap01	ap01	0.46,0.54	1	795,768	99.0102612568078	NA	NA	NA	NA	NA	NA	22132
HIP03233	TRBV9	ap01	ap01	ap01	0.46,0.54	1	515,567	40.7522780437442	NA	NA	NA	NA	NA	NA	22132
HIP03233	TRBV30	ap01	ap01	ap01	0.46,0.54	1	252,59	14.9343683437125	NA	NA	NA	NA	NA	NA	22132
HIP03233	TRBV6-56	ap01,ap02	ap01,ap02	ap01,ap02	0.46,0.54	0.75,0.25	288,294	118.487630575956	100,94	80.7549273327622	NA	NA	NA	NA	22132
HIP03233	TRBV27	ap01	ap01	ap01	0.46,0.54	1	421,551	310.375258796022	NA	NA	NA	NA	NA	NA	22132
HIP03233	TRBV12-2	ap01	ap01	ap01	0.46,0.54	1	41,69	26.2352759558906	NA	NA	NA	NA	NA	NA	22132
HIP03233	TRBV29-1	ap01,ap02	ap01,ap02	ap01,ap02	0.46,0.54	0.87,0.13	128,215	31.4806854842018	21,31	6.23808225249257	NA	NA	NA	NA	22132
HIP03233	TRBV5-4	ap01	ap01	ap01	0.46,0.54	1	362,381	291.019693781563	NA	NA	NA	NA	NA	NA	22132
HIP03233	TRBV7-8	ap01,ap03	ap01,ap03	ap01,ap03	0.46,0.54	0.66,0.34	85,115	27.8804965284949	45,56	15.9864754770726	NA	NA	NA	NA	22132
HIP03233	TRBV12-5	ap01	ap01	ap01	0.46,0.54	1	43,91	22.6665478790722	NA	NA	NA	NA	NA	NA	22132
HIP03233	TRBV7-9	ap01	ap01	ap01	0.46,0.54	1	415,494	318.73969503746	NA	NA	NA	NA	NA	NA	22132
HIP03233	TRBV6-1	ap01	ap01	ap01	0.46,0.54	1	175,152	190.304853897082	NA	NA	NA	NA	NA	NA	22132
HIP03233	TRBV12-34	ap01	ap01	ap01	0.46,0.54	1	368,619	235.560099437823	NA	NA	NA	NA	NA	NA	22132
HIP03233	TRBV18	ap01	ap01	ap01	0.46,0.54	1	239,269	187.595412653646	NA	NA	NA	NA	NA	NA	22132
HIP03233	TRBV3-12	ap01	ap01	ap01	0.46,0.54	1	504,465	59.2223650247755	NA	NA	NA	NA	NA	NA	22132
HIP03233	TRBV10-1	ap01	ap01	ap01	0.46,0.54	1	108,125	83.8751661217014	NA	NA	NA	NA	NA	NA	22132
HIP03233	TRBV7-7	ap01_C315T	ap01	ap01,ap01_C315T	0.46,0.54	0.63,0.37	20,65	2.96888477018248	47,2	11.1351694476082	NA	NA	NA	NA	22132
HIP03233	TRBV2	ap01	ap01	ap01	0.46,0.54	1	477,394	48.5804195132115	NA	NA	NA	NA	NA	NA	22132
HIP03233	TRBV6-4	ap01	ap01	ap01	0.46,0.54	1	151,162	120.592203222386	NA	NA	NA	NA	NA	NA	22132
HIP03233	TRBV10-3	ap01	ap01	ap01	0.46,0.54	1	155,172	122.301351393469	NA	NA	NA	NA	NA	NA	22132
HIP03233	TRBV11-2	ap01	ap01	ap01	0.46,0.54	1	188,177	226.658161983718	NA	NA	NA	NA	NA	NA	22132
HIP03233	TRBV25-1	ap01	ap01	ap01	0.46,0.54	1	61,106	38.1635419942831	NA	NA	NA	NA	NA	NA	22132
HIP03233	TRBV7-2	ap01	ap01	ap01	0.46,0.54	1	313,418	228.581646633078	NA	NA	NA	NA	NA	NA	22132
HIP03233	TRBV24-1	ap01	ap01	ap01	0.46,0.54	1	162,290	99.1428390859723	NA	NA	NA	NA	NA	NA	22132
HIP03233	TRBV1	ap01	ap01	ap01	0.46,0.54	1	52,62	39.9121348735085	NA	NA	NA	NA	NA	NA	22132
HIP03233	TRBV7-6	ap01	ap01	ap01	0.46,0.54	1	150,195	110.92802048763	NA	NA	NA	NA	NA	NA	22132
HIP03233	TRBV5-5	ap01	ap01	ap01	0.46,0.54	1	48,78	31.4379363364645	NA	NA	NA	NA	NA	NA	22132
HIP03233	TRBV5-8	ap01	ap01	ap01	0.46,0.54	1	52,61	40.1723291183532	NA	NA	NA	NA	NA	NA	22132
HIP03233	TRBV23-1	ap01	ap01	ap01	0.46,0.54	1	46,69	31.624139230302	NA	NA	NA	NA	NA	NA	22132
HIP03233	TRBV10-2	ap01	ap01	ap01	0.46,0.54	1	74,35	33.029292979822	NA	NA	NA	NA	NA	NA	22132
HIP03233	TRBV14	ap01	ap01	ap01	0.46,0.54	1	120,186	80.9365890447633	NA	NA	NA	NA	NA	NA	22132
HIP03233	TRBV6-7	ap01	ap01	ap01	0.46,0.54	1	17,29	10.7765020325031	NA	NA	NA	NA	NA	NA	22132
HIP03233	TRBV13	ap01	ap01	ap01	0.46,0.54	1	83,135	54.3289073011975	NA	NA	NA	NA	NA	NA	22132
HIP03233	TRBV11-3	ap01	ap01	ap01	0.46,0.54	1	116,242	62.054620713932	NA	NA	NA	NA	NA	NA	22132
HIP03233	TRBV5-3	ap01	ap01	ap01	0.46,0.54	1	43,58	31.2529579589467	NA	NA	NA	NA	NA	NA	22132
HIP03233	TRBV12-1	ap01	ap01	ap01	0.46,0.54	1	25,32	18.6181005370273	NA	NA	NA	NA	NA	NA	22132
HIP03233	TRBV6-8	ap01	ap01	ap01	0.46,0.54	1	9,17	5.27665173158097	NA	NA	NA	NA	NA	NA	22132
HIP03233	TRBV5-7	Unk	ap01	ap01	0.46,0.54	1	1,5	0.223198569341124	NA	NA	NA	NA	NA	NA	22132
HIP03233	TRBV6-9	ap01	ap01	ap01	0.46,0.54	1	18,16	20.1668971907622	NA	NA	NA	NA	NA	NA	22132
HIP03233	TRBV15	ap02	ap02	ap02	0.46,0.54	1	115,151	84.6545243399157	NA	NA	NA	NA	NA	NA	22132
HIP03233	TRBV11-1	ap01	ap01	ap01	0.46,0.54	1	35,42	26.7938846374033	NA	NA	NA	NA	NA	NA	22132
HIP03233	TRBV7-1	ap01_G291C_T296C	ap01_G291C_T296C,ap01_G291C_T296C_C314T	ap01_G291C_T296C,ap01_G291C_T296C_C314T	0.46,0.54	0.26,0.74	4,1	0.0180501181692406	2,12	1.67822436793135	NA	NA	NA	NA	22132
HIP03233	TRBV16	Unk	ap01	ap01	0.46,0.54	1	1,6	0.483392814185805	NA	NA	NA	NA	NA	NA	22132
HIP03233	TRBV17	Unk	ap01	ap01	0.46,0.54	1	0,1	0.260194244844681	NA	NA	NA	NA	NA	NA	22132
HIP03233	TRBV26	Unk	Unk	NA	NA	NA	NA	NA	NA	NA	NA	NA	NA	NA	22132
HIP03233	TRBV4-3	Del	Del	Del	NA	NA	NA	1000	NA	NA	NA	NA	NA	NA	22132
