subject	gene	TRBD2_01	TRBD2_02	alleles	proirs_row	proirs_col	counts1	k1	counts2	k2	counts3	k3	counts4	k4	TOTAL
HIP13233	TRBV27	ap01	ap01	ap01	0.45,0.55	1	358,452	268.613024594975	NA	NA	NA	NA	NA	NA	16511
HIP13233	TRBV10-3	ap01	ap01	ap01	0.45,0.55	1	167,186	131.552320663633	NA	NA	NA	NA	NA	NA	16511
HIP13233	TRBV3-12	ap01	ap01	ap01	0.45,0.55	1	271,294	215.446961788536	NA	NA	NA	NA	NA	NA	16511
HIP13233	TRBV12-34	ap01	ap01	ap01	0.45,0.55	1	291,286	36.9928190833054	NA	NA	NA	NA	NA	NA	16511
HIP13233	TRBV6-4	ap01	ap01	ap01	0.45,0.55	1	167,138	169.720678026878	NA	NA	NA	NA	NA	NA	16511
HIP13233	TRBV5-4	ap01	ap01	ap01	0.45,0.55	1	271,307	212.177444705256	NA	NA	NA	NA	NA	NA	16511
HIP13233	TRBV6-56	ap01,ap02	ap01,ap02	ap01,ap02	0.45,0.55	0.76,0.24	242,278	92.0413349098187	71,91	24.7118149222823	NA	NA	NA	NA	16511
HIP13233	TRBV20-1	ap01,ap02	ap01,ap02	ap01,ap02	0.45,0.55	0.86,0.14	254,377	75.9107052984841	42,63	12.391536885401	NA	NA	NA	NA	16511
HIP13233	TRBV15	ap02	ap02	ap02	0.45,0.55	1	100,133	73.3356935398432	NA	NA	NA	NA	NA	NA	16511
HIP13233	TRBV6-23	ap01	ap01	ap01	0.45,0.55	1	194,442	96.0000336994614	NA	NA	NA	NA	NA	NA	16511
HIP13233	TRBV4-1	ap01	ap01	ap01	0.45,0.55	1	221,186	230.103005801407	NA	NA	NA	NA	NA	NA	16511
HIP13233	TRBV5-6	ap01	ap01	ap01	0.45,0.55	1	141,164	109.321153811916	NA	NA	NA	NA	NA	NA	16511
HIP13233	TRBV24-1	ap01	ap01	ap01	0.45,0.55	1	189,276	132.409983424059	NA	NA	NA	NA	NA	NA	16511
HIP13233	TRBV5-3	ap01	ap01	ap01	0.45,0.55	1	23,43	13.7460782062021	NA	NA	NA	NA	NA	NA	16511
HIP13233	TRBV4-3	Del	ap01	ap01	0.45,0.55	1	51,316	25.0138774144945	NA	NA	NA	NA	NA	NA	16511
HIP13233	TRBV19	ap01	ap01	ap01	0.45,0.55	1	238,347	166.878220597388	NA	NA	NA	NA	NA	NA	16511
HIP13233	TRBV29-1	ap01,ap02	ap01,ap02	ap01,ap02	0.45,0.55	0.85,0.15	141,189	47.0643452998042	26,30	9.85662570763146	NA	NA	NA	NA	16511
HIP13233	TRBV7-9	ap01	ap01	ap01	0.45,0.55	1	225,266	173.367729158421	NA	NA	NA	NA	NA	NA	16511
HIP13233	TRBV10-1	ap01	ap01	ap01	0.45,0.55	1	105,89	110.349728578349	NA	NA	NA	NA	NA	NA	16511
HIP13233	TRBV13	ap01	ap01	ap01	0.45,0.55	1	87,92	69.765149536938	NA	NA	NA	NA	NA	NA	16511
HIP13233	TRBV18	ap01	ap01	ap01	0.45,0.55	1	103,170	67.2337059676484	NA	NA	NA	NA	NA	NA	16511
HIP13233	TRBV4-2	ap01	ap01	ap01	0.45,0.55	1	214,193	243.818796027342	NA	NA	NA	NA	NA	NA	16511
HIP13233	TRBV5-8	ap01	ap01	ap01	0.45,0.55	1	44,50	34.4104963536499	NA	NA	NA	NA	NA	NA	16511
HIP13233	TRBV14	ap01	ap01	ap01	0.45,0.55	1	82,123	56.6293403841389	NA	NA	NA	NA	NA	NA	16511
HIP13233	TRBV7-3	ap03	ap01	ap01,ap03	0.45,0.55	0.78,0.22	38,213	26.6736307259468	67,4	15.0716174668582	NA	NA	NA	NA	16511
HIP13233	TRBV6-1	ap01	ap01	ap01	0.45,0.55	1	103,73	84.9409047784768	NA	NA	NA	NA	NA	NA	16511
HIP13233	TRBV28	ap01	ap01	ap01	0.45,0.55	1	390,464	299.766326686574	NA	NA	NA	NA	NA	NA	16511
HIP13233	TRBV12-5	ap01	ap01	ap01	0.45,0.55	1	55,55	71.4574273962822	NA	NA	NA	NA	NA	NA	16511
HIP13233	TRBV7-6	ap01	ap01	ap01	0.45,0.55	1	89,102	69.3858437622522	NA	NA	NA	NA	NA	NA	16511
HIP13233	TRBV7-7	ap01_C315T	ap01_C315T	ap01_C315T	0.45,0.55	1	39,39	50.6698121537274	NA	NA	NA	NA	NA	NA	16511
HIP13233	TRBV5-1	ap01	ap01	ap01	0.45,0.55	1	538,456	56.5379955719955	NA	NA	NA	NA	NA	NA	16511
HIP13233	TRBV2	ap01	ap01	ap01	0.45,0.55	1	289,217	258.165816289519	NA	NA	NA	NA	NA	NA	16511
HIP13233	TRBV21-1	ap01	ap01	ap01	0.45,0.55	1	107,151	76.2836456681166	NA	NA	NA	NA	NA	NA	16511
HIP13233	TRBV7-2	ap01	ap01	ap01	0.45,0.55	1	338,416	256.309998239532	NA	NA	NA	NA	NA	NA	16511
HIP13233	TRBV11-2	ap01	ap01	ap01	0.45,0.55	1	138,112	136.931062234295	NA	NA	NA	NA	NA	NA	16511
HIP13233	TRBV1	ap01	ap01	ap01	0.45,0.55	1	48,29	31.4059124422002	NA	NA	NA	NA	NA	NA	16511
HIP13233	TRBV10-2	ap01	ap01	ap01	0.45,0.55	1	65,23	16.018571239221	NA	NA	NA	NA	NA	NA	16511
HIP13233	TRBV9	ap01	ap01	ap01	0.45,0.55	1	278,411	193.496283821062	NA	NA	NA	NA	NA	NA	16511
HIP13233	TRBV11-3	ap01	ap01	ap01	0.45,0.55	1	74,85	57.6435608546853	NA	NA	NA	NA	NA	NA	16511
HIP13233	TRBV23-1	ap01	ap01	ap01	0.45,0.55	1	27,38	19.2749995092919	NA	NA	NA	NA	NA	NA	16511
HIP13233	TRBV6-7	ap01	ap01	ap01	0.45,0.55	1	13,17	9.60657554126817	NA	NA	NA	NA	NA	NA	16511
HIP13233	TRBV7-8	ap01,ap03	ap01,ap03	ap01,ap03	0.45,0.55	0.62,0.38	66,77	24.8151745114558	36,50	11.5927281314029	NA	NA	NA	NA	16511
HIP13233	TRBV7-4	ap01	ap01	ap01	0.45,0.55	1	14,25	8.66241871162988	NA	NA	NA	NA	NA	NA	16511
HIP13233	TRBV5-5	ap01	ap01	ap01	0.45,0.55	1	30,40	21.9755579305431	NA	NA	NA	NA	NA	NA	16511
HIP13233	TRBV11-1	ap01	ap01	ap01	0.45,0.55	1	15,23	10.2332750229762	NA	NA	NA	NA	NA	NA	16511
HIP13233	TRBV25-1	ap01	ap01	ap01	0.45,0.55	1	64,101	42.9410029976161	NA	NA	NA	NA	NA	NA	16511
HIP13233	TRBV12-2	ap01	ap01	ap01	0.45,0.55	1	27,37	19.5265008233903	NA	NA	NA	NA	NA	NA	16511
HIP13233	TRBV6-9	ap01	ap01	ap01	0.45,0.55	1	6,13	3.13760501561633	NA	NA	NA	NA	NA	NA	16511
HIP13233	TRBV6-8	ap01	ap01	ap01	0.45,0.55	1	7,10	4.95996264106109	NA	NA	NA	NA	NA	NA	16511
HIP13233	TRBV12-1	ap01	ap01	ap01	0.45,0.55	1	11,13	8.47687343136324	NA	NA	NA	NA	NA	NA	16511
HIP13233	TRBV30	Del	ap01	ap01	0.45,0.55	1	56,268	7.60254592202155	NA	NA	NA	NA	NA	NA	16511
HIP13233	TRBV16	ap01	ap01	ap01	0.45,0.55	1	4,5	3.01390816210523	NA	NA	NA	NA	NA	NA	16511
HIP13233	TRBV5-7	ap01	ap01	ap01	0.45,0.55	1	4,3	3.56759153245638	NA	NA	NA	NA	NA	NA	16511
HIP13233	TRBV7-1	Unk	ap01_T296C	ap01_T296C	0.45,0.55	1	1,5	0.189652887342912	NA	NA	NA	NA	NA	NA	16511
HIP13233	TRBV17	Unk	Unk	NA	NA	NA	NA	NA	NA	NA	NA	NA	NA	NA	16511
HIP13233	TRBV26	Unk	Unk	NA	NA	NA	NA	NA	NA	NA	NA	NA	NA	NA	16511
