subject	gene	TRBD2_01	TRBD2_02	alleles	proirs_row	proirs_col	counts1	k1	counts2	k2	counts3	k3	counts4	k4	TOTAL
HIP01219	TRBV20-1	ap01,ap02	ap01,ap02	ap01,ap02	0.44,0.56	0.84,0.16	310,448	96.4145408497622	62,85	20.368308534924	NA	NA	NA	NA	16837
HIP01219	TRBV6-1	ap01	ap01	ap01	0.44,0.56	1	199,167	205.908253909707	NA	NA	NA	NA	NA	NA	16837
HIP01219	TRBV12-5	ap01	ap01	ap01	0.44,0.56	1	62,51	62.4664481803759	NA	NA	NA	NA	NA	NA	16837
HIP01219	TRBV7-9	ap01	ap01	ap01	0.44,0.56	1	271,324	207.918429541343	NA	NA	NA	NA	NA	NA	16837
HIP01219	TRBV7-6	ap01	ap01	ap01	0.44,0.56	1	133,155	103.020988561452	NA	NA	NA	NA	NA	NA	16837
HIP01219	TRBV12-34	ap01	ap01	ap01	0.44,0.56	1	387,373	47.9366355437803	NA	NA	NA	NA	NA	NA	16837
HIP01219	TRBV10-2	ap01	ap01	ap01	0.44,0.56	1	54,69	40.3458356949744	NA	NA	NA	NA	NA	NA	16837
HIP01219	TRBV5-6	ap01	ap01	ap01	0.44,0.56	1	144,197	104.413202431297	NA	NA	NA	NA	NA	NA	16837
HIP01219	TRBV30	ap01	ap01	ap01	0.44,0.56	1	286,68	14.4289179053843	NA	NA	NA	NA	NA	NA	16837
HIP01219	TRBV3-12	ap01	ap01	ap01	0.44,0.56	1	392,355	44.8215553011032	NA	NA	NA	NA	NA	NA	16837
HIP01219	TRBV4-2	ap01	ap01	ap01	0.44,0.56	1	161,166	129.99386762066	NA	NA	NA	NA	NA	NA	16837
HIP01219	TRBV4-1	ap01	ap01	ap01	0.44,0.56	1	122,180	85.2617427988988	NA	NA	NA	NA	NA	NA	16837
HIP01219	TRBV5-4	ap01	ap01	ap01	0.44,0.56	1	194,228	149.804688948603	NA	NA	NA	NA	NA	NA	16837
HIP01219	TRBV29-1	ap01,ap02	ap01,ap02	ap01,ap02	0.44,0.56	0.85,0.15	124,203	32.9500492341825	26,30	9.87356181106927	NA	NA	NA	NA	16837
HIP01219	TRBV15	ap02	ap02	ap02	0.44,0.56	1	65,133	36.3638002866174	NA	NA	NA	NA	NA	NA	16837
HIP01219	TRBV6-4	ap01	ap01	ap01	0.44,0.56	1	130,181	93.4917455117442	NA	NA	NA	NA	NA	NA	16837
HIP01219	TRBV10-1	ap01	ap01	ap01	0.44,0.56	1	98,157	65.4574158223649	NA	NA	NA	NA	NA	NA	16837
HIP01219	TRBV21-1	ap01	ap01	ap01	0.44,0.56	1	97,190	56.3367560586931	NA	NA	NA	NA	NA	NA	16837
HIP01219	TRBV5-1	ap01	ap01	ap01	0.44,0.56	1	698,778	54.9328523563108	NA	NA	NA	NA	NA	NA	16837
HIP01219	TRBV10-3	ap01	ap01	ap01	0.44,0.56	1	134,180	97.973172955317	NA	NA	NA	NA	NA	NA	16837
HIP01219	TRBV27	ap01	ap01	ap01	0.44,0.56	1	241,508	131.191587459877	NA	NA	NA	NA	NA	NA	16837
HIP01219	TRBV19	ap01	ap01	ap01	0.44,0.56	1	320,446	230.02078092517	NA	NA	NA	NA	NA	NA	16837
HIP01219	TRBV7-3	ap02	ap01	ap01,ap02	0.44,0.56	0.84,0.16	40,264	36.2121429261049	58,1	16.350469149723	NA	NA	NA	NA	16837
HIP01219	TRBV7-8	ap01,ap03	ap01,ap03	ap01,ap03	0.44,0.56	0.62,0.38	77,70	59.259268591972	43,46	17.182426091445	NA	NA	NA	NA	16837
HIP01219	TRBV11-2	ap01	ap01	ap01	0.44,0.56	1	126,156	95.3617035787742	NA	NA	NA	NA	NA	NA	16837
HIP01219	TRBV1	ap01	ap01	ap01	0.44,0.56	1	45,57	33.7436717748621	NA	NA	NA	NA	NA	NA	16837
HIP01219	TRBV6-56	ap01,ap02	ap01,ap02	ap01,ap02	0.44,0.56	0.76,0.24	231,309	77.7037188755318	74,101	24.4171228453974	NA	NA	NA	NA	16837
HIP01219	TRBV28	ap01	ap01	ap01	0.44,0.56	1	143,542	19.0759165403911	NA	NA	NA	NA	NA	NA	16837
HIP01219	TRBV24-1	ap01	ap01	ap01	0.44,0.56	1	113,255	57.406865824077	NA	NA	NA	NA	NA	NA	16837
HIP01219	TRBV6-23	ap01	ap01	ap01	0.44,0.56	1	129,153	99.2724132921791	NA	NA	NA	NA	NA	NA	16837
HIP01219	TRBV9	ap01	ap01	ap01	0.44,0.56	1	349,424	266.11431974805	NA	NA	NA	NA	NA	NA	16837
HIP01219	TRBV25-1	ap01	ap01	ap01	0.44,0.56	1	68,98	48.0915998592258	NA	NA	NA	NA	NA	NA	16837
HIP01219	TRBV7-7	ap01_C315T	ap01_C315T	ap01_C315T	0.44,0.56	1	58,86	40.4301500927453	NA	NA	NA	NA	NA	NA	16837
HIP01219	TRBV2	ap01	ap01	ap01	0.44,0.56	1	282,267	34.1452911856556	NA	NA	NA	NA	NA	NA	16837
HIP01219	TRBV14	ap01	ap01	ap01	0.44,0.56	1	90,132	63.0902305039222	NA	NA	NA	NA	NA	NA	16837
HIP01219	TRBV13	ap01	ap01	ap01	0.44,0.56	1	80,89	63.001586538545	NA	NA	NA	NA	NA	NA	16837
HIP01219	TRBV7-2	ap01	ap01	ap01	0.44,0.56	1	184,188	148.983192808925	NA	NA	NA	NA	NA	NA	16837
HIP01219	TRBV5-5	ap01	ap01	ap01	0.44,0.56	1	22,35	14.7543465865962	NA	NA	NA	NA	NA	NA	16837
HIP01219	TRBV5-8	ap01	ap01	ap01	0.44,0.56	1	44,57	32.6843859284939	NA	NA	NA	NA	NA	NA	16837
HIP01219	TRBV5-7	ap01	ap01	ap01	0.44,0.56	1	6,12	3.42430638100779	NA	NA	NA	NA	NA	NA	16837
HIP01219	TRBV12-1	ap01	ap01	ap01	0.44,0.56	1	13,21	8.6407507826841	NA	NA	NA	NA	NA	NA	16837
HIP01219	TRBV18	ap01	ap01	ap01	0.44,0.56	1	139,171	105.468158710059	NA	NA	NA	NA	NA	NA	16837
HIP01219	TRBV6-8	ap01	ap01	ap01	0.44,0.56	1	10,10	12.9787537187683	NA	NA	NA	NA	NA	NA	16837
HIP01219	TRBV7-4	ap01	ap01	ap01	0.44,0.56	1	8,24	2.61146937654285	NA	NA	NA	NA	NA	NA	16837
HIP01219	TRBV6-7	ap01	ap01	ap01	0.44,0.56	1	9,16	5.62502768771191	NA	NA	NA	NA	NA	NA	16837
HIP01219	TRBV12-2	ap01	ap01	ap01	0.44,0.56	1	20,32	13.3686270681602	NA	NA	NA	NA	NA	NA	16837
HIP01219	TRBV11-1	Unk	ap01	ap01	0.44,0.56	1	3,30	4.15066420389873	NA	NA	NA	NA	NA	NA	16837
HIP01219	TRBV5-3	ap01	ap01	ap01	0.44,0.56	1	26,44	16.792933449168	NA	NA	NA	NA	NA	NA	16837
HIP01219	TRBV6-9	ap01	ap01	ap01	0.44,0.56	1	8,4	3.8368848382919	NA	NA	NA	NA	NA	NA	16837
HIP01219	TRBV11-3	ap01	ap01	ap01	0.44,0.56	1	104,81	97.3388593890345	NA	NA	NA	NA	NA	NA	16837
HIP01219	TRBV23-1	ap01	ap01	ap01	0.44,0.56	1	25,46	15.2450794865996	NA	NA	NA	NA	NA	NA	16837
HIP01219	TRBV16	ap01	ap01	ap01	0.44,0.56	1	3,3	3.89362611563049	NA	NA	NA	NA	NA	NA	16837
HIP01219	TRBV7-1	Unk	ap01_T296C	ap01_T296C	0.44,0.56	1	0,1	0.244284058100109	NA	NA	NA	NA	NA	NA	16837
HIP01219	TRBV17	Unk	Unk	NA	NA	NA	NA	NA	NA	NA	NA	NA	NA	NA	16837
HIP01219	TRBV26	Unk	Unk	NA	NA	NA	NA	NA	NA	NA	NA	NA	NA	NA	16837
HIP01219	TRBV4-3	Del	Del	Del	NA	NA	NA	1000	NA	NA	NA	NA	NA	NA	16837
