subject	gene	TRBD2_01	TRBD2_02	alleles	proirs_row	proirs_col	counts1	k1	counts2	k2	counts3	k3	counts4	k4	TOTAL
HIP01140	TRBV4-1	ap01	ap01	ap01	0.45,0.55	1	196,179	227.104362911299	NA	NA	NA	NA	NA	NA	21135
HIP01140	TRBV6-4	ap01	ap01	ap01	0.45,0.55	1	256,218	270.94079247456	NA	NA	NA	NA	NA	NA	21135
HIP01140	TRBV2	ap01	ap01	ap01	0.45,0.55	1	273,345	204.661195545921	NA	NA	NA	NA	NA	NA	21135
HIP01140	TRBV21-1	ap01	ap01	ap01	0.45,0.55	1	129,282	66.3994892315336	NA	NA	NA	NA	NA	NA	21135
HIP01140	TRBV5-1	ap01	ap01	ap01	0.45,0.55	1	646,649	52.6926741825528	NA	NA	NA	NA	NA	NA	21135
HIP01140	TRBV4-2	ap01	ap01	ap01	0.45,0.55	1	64,219	12.7941677380133	NA	NA	NA	NA	NA	NA	21135
HIP01140	TRBV6-23	ap01	ap01	ap01	0.45,0.55	1	459,524	35.8380169060086	NA	NA	NA	NA	NA	NA	21135
HIP01140	TRBV3-12	ap01	ap01	ap01	0.45,0.55	1	513,508	65.8632490801301	NA	NA	NA	NA	NA	NA	21135
HIP01140	TRBV7-6	ap01	ap01	ap01	0.45,0.55	1	165,165	214.455889070641	NA	NA	NA	NA	NA	NA	21135
HIP01140	TRBV10-1	ap01	ap01	ap01	0.45,0.55	1	72,106	50.1526687398873	NA	NA	NA	NA	NA	NA	21135
HIP01140	TRBV4-3	ap01	ap01	ap01	0.45,0.55	1	237,263	186.972342358553	NA	NA	NA	NA	NA	NA	21135
HIP01140	TRBV11-2	ap01	ap01	ap01	0.45,0.55	1	185,237	137.872411341155	NA	NA	NA	NA	NA	NA	21135
HIP01140	TRBV27	ap01	ap01	ap01	0.45,0.55	1	290,466	192.054763897054	NA	NA	NA	NA	NA	NA	21135
HIP01140	TRBV20-1	ap01,ap02	ap01,ap02	ap01,ap02	0.45,0.55	0.86,0.14	414,615	123.024873028342	82,89	32.4371356211133	NA	NA	NA	NA	21135
HIP01140	TRBV6-56	ap01,ap02	ap01,ap02	ap01,ap02	0.45,0.55	0.73,0.27	288,342	106.69112902192	100,133	33.5407961148101	NA	NA	NA	NA	21135
HIP01140	TRBV15	ap02	ap02	ap02	0.45,0.55	1	114,142	85.9891943743573	NA	NA	NA	NA	NA	NA	21135
HIP01140	TRBV7-3	ap01	ap01	ap01	0.45,0.55	1	293,294	239.084968955218	NA	NA	NA	NA	NA	NA	21135
HIP01140	TRBV7-9	ap01	ap01	ap01	0.45,0.55	1	367,553	252.405505554476	NA	NA	NA	NA	NA	NA	21135
HIP01140	TRBV19	ap01	ap01	ap01	0.45,0.55	1	333,479	234.821926139357	NA	NA	NA	NA	NA	NA	21135
HIP01140	TRBV12-34	ap01	ap01	ap01	0.45,0.55	1	416,526	311.791895861279	NA	NA	NA	NA	NA	NA	21135
HIP01140	TRBV18	ap01	ap01	ap01	0.45,0.55	1	175,263	120.53315427129	NA	NA	NA	NA	NA	NA	21135
HIP01140	TRBV5-6	ap01	ap01	ap01	0.45,0.55	1	173,185	138.259731629396	NA	NA	NA	NA	NA	NA	21135
HIP01140	TRBV7-2	ap01	ap01	ap01	0.45,0.55	1	478,492	38.6892268783285	NA	NA	NA	NA	NA	NA	21135
HIP01140	TRBV10-3	ap01	ap01	ap01	0.45,0.55	1	171,232	124.143717683297	NA	NA	NA	NA	NA	NA	21135
HIP01140	TRBV5-4	ap01	ap01	ap01	0.45,0.55	1	346,351	281.359537137031	NA	NA	NA	NA	NA	NA	21135
HIP01140	TRBV25-1	ap01	ap01	ap01	0.45,0.55	1	76,99	56.222253084359	NA	NA	NA	NA	NA	NA	21135
HIP01140	TRBV5-3	ap01	ap01	ap01	0.45,0.55	1	32,48	22.0636387906756	NA	NA	NA	NA	NA	NA	21135
HIP01140	TRBV6-1	ap01	ap01	ap01	0.45,0.55	1	141,120	149.11477510703	NA	NA	NA	NA	NA	NA	21135
HIP01140	TRBV24-1	ap01	ap01	ap01	0.45,0.55	1	121,235	69.7995050990422	NA	NA	NA	NA	NA	NA	21135
HIP01140	TRBV10-2	ap01	ap01	ap01	0.45,0.55	1	21,28	15.3708555128986	NA	NA	NA	NA	NA	NA	21135
HIP01140	TRBV7-4	ap01	ap01	ap01	0.45,0.55	1	13,29	6.54331631959236	NA	NA	NA	NA	NA	NA	21135
HIP01140	TRBV29-1	ap01,ap02	ap01,ap02	ap01,ap02	0.45,0.55	0.83,0.17	102,191	20.6009437151888	30,28	23.9809782816312	NA	NA	NA	NA	21135
HIP01140	TRBV30	ap01	ap02	ap01,ap02	0.45,0.55	0.44,0.56	227,6	59.2076323139538	33,266	43.5586702958658	NA	NA	NA	NA	21135
HIP01140	TRBV14	ap01	ap01	ap01	0.45,0.55	1	86,157	52.1632887977986	NA	NA	NA	NA	NA	NA	21135
HIP01140	TRBV7-7	ap01	ap01	ap01	0.45,0.55	1	68,66	85.1296752266303	NA	NA	NA	NA	NA	NA	21135
HIP01140	TRBV11-3	ap01	ap01	ap01	0.45,0.55	1	196,149	178.322177055884	NA	NA	NA	NA	NA	NA	21135
HIP01140	TRBV11-1	ap01	ap01	ap01	0.45,0.55	1	44,53	33.6491328328162	NA	NA	NA	NA	NA	NA	21135
HIP01140	TRBV12-5	ap01	ap01	ap01	0.45,0.55	1	68,97	48.1589360823537	NA	NA	NA	NA	NA	NA	21135
HIP01140	TRBV9	ap01	ap01	ap01	0.45,0.55	1	537,565	43.1520584125315	NA	NA	NA	NA	NA	NA	21135
HIP01140	TRBV12-1	ap01	ap01	ap01	0.45,0.55	1	11,25	5.41907962560878	NA	NA	NA	NA	NA	NA	21135
HIP01140	TRBV5-8	ap01	ap01	ap01	0.45,0.55	1	26,60	12.5771511783174	NA	NA	NA	NA	NA	NA	21135
HIP01140	TRBV7-8	ap01,ap03	ap01,ap03	ap01,ap03	0.45,0.55	0.68,0.32	81,87	32.2665116819328	40,40	35.0920431662461	NA	NA	NA	NA	21135
HIP01140	TRBV12-2	ap01	ap01	ap01	0.45,0.55	1	25,36	17.6193289008657	NA	NA	NA	NA	NA	NA	21135
HIP01140	TRBV28	ap01	ap01	ap01	0.45,0.55	1	49,92	29.0722433851996	NA	NA	NA	NA	NA	NA	21135
HIP01140	TRBV13	ap01	ap01	ap01	0.45,0.55	1	86,73	90.638061644927	NA	NA	NA	NA	NA	NA	21135
HIP01140	TRBV5-5	ap01	ap01	ap01	0.45,0.55	1	55,58	44.1630270670978	NA	NA	NA	NA	NA	NA	21135
HIP01140	TRBV6-7	ap01	ap01	ap01	0.45,0.55	1	22,18	22.0898270953635	NA	NA	NA	NA	NA	NA	21135
HIP01140	TRBV23-1	ap01	ap01	ap01	0.45,0.55	1	30,76	12.7876987228155	NA	NA	NA	NA	NA	NA	21135
HIP01140	TRBV16	ap01	ap01	ap01	0.45,0.55	1	3,2	2.2731251212554	NA	NA	NA	NA	NA	NA	21135
HIP01140	TRBV1	ap01	ap01	ap01	0.45,0.55	1	31,31	40.2917124920597	NA	NA	NA	NA	NA	NA	21135
HIP01140	TRBV5-7	Unk	ap01	ap01	0.45,0.55	1	0,7	1.78318511303548	NA	NA	NA	NA	NA	NA	21135
HIP01140	TRBV6-8	ap01	ap01	ap01	0.45,0.55	1	7,22	1.89690258547341	NA	NA	NA	NA	NA	NA	21135
HIP01140	TRBV7-1	ap01_G291C_T296C	ap01_G291C_T296C	ap01_G291C_T296C	0.45,0.55	1	4,8	2.24847338796716	NA	NA	NA	NA	NA	NA	21135
HIP01140	TRBV6-9	ap01	ap01	ap01	0.45,0.55	1	4,2	1.94678492044244	NA	NA	NA	NA	NA	NA	21135
HIP01140	TRBV17	Unk	Unk	NA	NA	NA	NA	NA	NA	NA	NA	NA	NA	NA	21135
HIP01140	TRBV26	Unk	Unk	NA	NA	NA	NA	NA	NA	NA	NA	NA	NA	NA	21135
