subject	gene	TRBD2_01	TRBD2_02	alleles	proirs_row	proirs_col	counts1	k1	counts2	k2	counts3	k3	counts4	k4	TOTAL
Keck0071_MC1	TRBV29-1	ap01,ap02	ap01,ap02	ap01,ap02	0.44,0.56	0.84,0.16	195,306	54.5838079776174	39,57	11.9230393784606	NA	NA	NA	NA	25380
Keck0071_MC1	TRBV30	ap01	ap01	ap01	0.44,0.56	1	413,535	306.639106089318	NA	NA	NA	NA	NA	NA	25380
Keck0071_MC1	TRBV5-1	ap01	ap01	ap01	0.44,0.56	1	989,1376	71.076950383899	NA	NA	NA	NA	NA	NA	25380
Keck0071_MC1	TRBV3-12	ap01	ap01	ap01	0.44,0.56	1	768,881	59.8463853143304	NA	NA	NA	NA	NA	NA	25380
Keck0071_MC1	TRBV2	ap01	ap01	ap01	0.44,0.56	1	435,507	33.6989948322035	NA	NA	NA	NA	NA	NA	25380
Keck0071_MC1	TRBV27	ap01	ap01	ap01	0.44,0.56	1	526,709	38.36858435723	NA	NA	NA	NA	NA	NA	25380
Keck0071_MC1	TRBV6-56	ap01,ap02	ap01,ap02	ap01,ap02	0.44,0.56	0.72,0.28	329,453	107.253195881725	138,172	49.3031947276978	NA	NA	NA	NA	25380
Keck0071_MC1	TRBV24-1	ap01	ap01	ap01	0.44,0.56	1	248,343	178.738340397131	NA	NA	NA	NA	NA	NA	25380
Keck0071_MC1	TRBV4-2	ap01	ap01	ap01	0.44,0.56	1	283,283	36.751105094154	NA	NA	NA	NA	NA	NA	25380
Keck0071_MC1	TRBV25-1	ap01	ap01	ap01	0.44,0.56	1	93,206	47.8312274306632	NA	NA	NA	NA	NA	NA	25380
Keck0071_MC1	TRBV20-1	ap01,ap02	ap01,ap02	ap01,ap02	0.44,0.56	0.87,0.13	467,782	118.940768723441	67,114	16.6313010451603	NA	NA	NA	NA	25380
Keck0071_MC1	TRBV10-1	ap01	ap01	ap01	0.44,0.56	1	123,199	81.4829686455073	NA	NA	NA	NA	NA	NA	25380
Keck0071_MC1	TRBV28	ap01	ap01	ap01	0.44,0.56	1	533,123	22.7491221681455	NA	NA	NA	NA	NA	NA	25380
Keck0071_MC1	TRBV6-8	ap01	ap01	ap01	0.44,0.56	1	11,29	4.50772535693753	NA	NA	NA	NA	NA	NA	25380
Keck0071_MC1	TRBV7-9	ap01	ap01	ap01	0.44,0.56	1	245,397	162.150185252922	NA	NA	NA	NA	NA	NA	25380
Keck0071_MC1	TRBV7-8	ap01,ap03	ap01,ap03	ap01,ap03	0.44,0.56	0.68,0.32	60,91	17.5506476762709	32,39	11.6444362679795	NA	NA	NA	NA	25380
Keck0071_MC1	TRBV7-2	ap01	ap01	ap01	0.44,0.56	1	239,289	182.560439709504	NA	NA	NA	NA	NA	NA	25380
Keck0071_MC1	TRBV6-4	ap01	ap01	ap01	0.44,0.56	1	186,72	55.4134141763397	NA	NA	NA	NA	NA	NA	25380
Keck0071_MC1	TRBV4-1	ap01	ap01	ap01	0.44,0.56	1	359,488	260.851894397052	NA	NA	NA	NA	NA	NA	25380
Keck0071_MC1	TRBV12-34	ap01	ap01	ap01	0.44,0.56	1	385,675	242.119609776609	NA	NA	NA	NA	NA	NA	25380
Keck0071_MC1	TRBV5-6	ap01	ap01	ap01	0.44,0.56	1	168,222	123.649701213341	NA	NA	NA	NA	NA	NA	25380
Keck0071_MC1	TRBV6-1	ap01	ap01	ap01	0.44,0.56	1	245,297	186.958780042273	NA	NA	NA	NA	NA	NA	25380
Keck0071_MC1	TRBV7-3	ap01	ap03	ap01,ap03	0.44,0.56	0.74,0.26	300,17	69.5245701714994	10,102	17.8792858995987	NA	NA	NA	NA	25380
Keck0071_MC1	TRBV14	ap01	ap01	ap01	0.44,0.56	1	105,196	63.0781427414342	NA	NA	NA	NA	NA	NA	25380
Keck0071_MC1	TRBV5-3	ap01	ap01	ap01	0.44,0.56	1	26,26	33.7642661642404	NA	NA	NA	NA	NA	NA	25380
Keck0071_MC1	TRBV12-1	ap01	ap01	ap01	0.44,0.56	1	15,31	8.26690540509576	NA	NA	NA	NA	NA	NA	25380
Keck0071_MC1	TRBV9	ap01	ap01	ap01	0.44,0.56	1	625,426	48.6728212330404	NA	NA	NA	NA	NA	NA	25380
Keck0071_MC1	TRBV1	ap01	ap01	ap01	0.44,0.56	1	80,89	63.0273895163824	NA	NA	NA	NA	NA	NA	25380
Keck0071_MC1	TRBV15	ap02	ap02	ap02	0.44,0.56	1	107,187	67.4385922444485	NA	NA	NA	NA	NA	NA	25380
Keck0071_MC1	TRBV18	ap01	ap01	ap01	0.44,0.56	1	224,357	149.73302546295	NA	NA	NA	NA	NA	NA	25380
Keck0071_MC1	TRBV6-23	ap01	ap01	ap01	0.44,0.56	1	257,304	197.988234238855	NA	NA	NA	NA	NA	NA	25380
Keck0071_MC1	TRBV13	ap01	ap01	ap01	0.44,0.56	1	57,77	41.5361472134193	NA	NA	NA	NA	NA	NA	25380
Keck0071_MC1	TRBV10-2	ap01	ap01	ap01	0.44,0.56	1	82,111	59.6971746346977	NA	NA	NA	NA	NA	NA	25380
Keck0071_MC1	TRBV5-4	ap01	ap01	ap01	0.44,0.56	1	338,435	251.659851929696	NA	NA	NA	NA	NA	NA	25380
Keck0071_MC1	TRBV12-5	ap01	ap01	ap01	0.44,0.56	1	61,92	42.0702099389619	NA	NA	NA	NA	NA	NA	25380
Keck0071_MC1	TRBV11-2	ap01	ap01	ap01	0.44,0.56	1	215,324	148.345319869559	NA	NA	NA	NA	NA	NA	25380
Keck0071_MC1	TRBV7-6	ap01	ap01	ap01	0.44,0.56	1	142,189	104.176749858182	NA	NA	NA	NA	NA	NA	25380
Keck0071_MC1	TRBV19	ap01	ap01	ap01	0.44,0.56	1	318,532	206.318755264298	NA	NA	NA	NA	NA	NA	25380
Keck0071_MC1	TRBV5-7	ap01	ap01	ap01	0.44,0.56	1	5,6	3.83067424257049	NA	NA	NA	NA	NA	NA	25380
Keck0071_MC1	TRBV5-8	ap01	ap01	ap01	0.44,0.56	1	27,48	16.8155001227418	NA	NA	NA	NA	NA	NA	25380
Keck0071_MC1	TRBV7-4	ap01	ap01	ap01	0.44,0.56	1	17,24	12.131183012323	NA	NA	NA	NA	NA	NA	25380
Keck0071_MC1	TRBV11-3	ap01	ap01	ap01	0.44,0.56	1	102,158	69.3138948034288	NA	NA	NA	NA	NA	NA	25380
Keck0071_MC1	TRBV10-3	ap01	ap01	ap01	0.44,0.56	1	138,233	89.0056162069225	NA	NA	NA	NA	NA	NA	25380
Keck0071_MC1	TRBV12-2	ap01	ap01	ap01	0.44,0.56	1	35,65	21.1087428964426	NA	NA	NA	NA	NA	NA	25380
Keck0071_MC1	TRBV21-1	ap01	ap01	ap01	0.44,0.56	1	115,194	74.2126944970844	NA	NA	NA	NA	NA	NA	25380
Keck0071_MC1	TRBV7-7	ap01	ap01	ap01	0.44,0.56	1	74,110	51.4345566947007	NA	NA	NA	NA	NA	NA	25380
Keck0071_MC1	TRBV23-1	ap01	ap01	ap01	0.44,0.56	1	38,76	21.5713114275728	NA	NA	NA	NA	NA	NA	25380
Keck0071_MC1	TRBV6-7	ap01	ap01	ap01	0.44,0.56	1	17,27	11.3869251686425	NA	NA	NA	NA	NA	NA	25380
Keck0071_MC1	TRBV11-1	ap01	ap01	ap01	0.44,0.56	1	34,26	31.0914499827546	NA	NA	NA	NA	NA	NA	25380
Keck0071_MC1	TRBV5-5	ap01	ap01	ap01	0.44,0.56	1	33,61	19.973410716044	NA	NA	NA	NA	NA	NA	25380
Keck0071_MC1	TRBV7-1	ap01_G291C_T296C_C314T	ap01_G291C_T296C_C314T	ap01_G291C_T296C_C314T	0.44,0.56	1	4,7	2.51875030869066	NA	NA	NA	NA	NA	NA	25380
Keck0071_MC1	TRBV6-9	ap01	ap01	ap01	0.44,0.56	1	9,8	10.0549029509267	NA	NA	NA	NA	NA	NA	25380
Keck0071_MC1	TRBV16	ap01	ap01	ap01	0.44,0.56	1	6,5	6.15902608582205	NA	NA	NA	NA	NA	NA	25380
Keck0071_MC1	TRBV17	Unk	Unk	NA	NA	NA	NA	NA	NA	NA	NA	NA	NA	NA	25380
Keck0071_MC1	TRBV26	Unk	Unk	NA	NA	NA	NA	NA	NA	NA	NA	NA	NA	NA	25380
Keck0071_MC1	TRBV4-3	Del	Del	Del	NA	NA	NA	1000	NA	NA	NA	NA	NA	NA	25380
