subject	gene	TRBD2_01	TRBD2_02	alleles	proirs_row	proirs_col	counts1	k1	counts2	k2	counts3	k3	counts4	k4	TOTAL
HIP09001	TRBV21-1	ap01	ap01	ap01	0.48,0.52	1	169,262	112.72282992012	NA	NA	NA	NA	NA	NA	26357
HIP09001	TRBV7-9	ap01	ap01	ap01	0.48,0.52	1	562,651	43.5599944154368	NA	NA	NA	NA	NA	NA	26357
HIP09001	TRBV20-1	ap01,ap02	ap01,ap02	ap01,ap02	0.48,0.52	0.86,0.14	564,746	186.317780085908	98,121	34.6685461539871	NA	NA	NA	NA	26357
HIP09001	TRBV10-3	ap01	ap01	ap01	0.48,0.52	1	255,308	194.167939900436	NA	NA	NA	NA	NA	NA	26357
HIP09001	TRBV5-1	ap01	ap01	ap01	0.48,0.52	1	1066,1017	130.889857477505	NA	NA	NA	NA	NA	NA	26357
HIP09001	TRBV6-23	ap01	ap01	ap01	0.48,0.52	1	252,276	199.709464559457	NA	NA	NA	NA	NA	NA	26357
HIP09001	TRBV25-1	ap01	ap01	ap01	0.48,0.52	1	169,196	130.92475254472	NA	NA	NA	NA	NA	NA	26357
HIP09001	TRBV9	ap01	ap01	ap01	0.48,0.52	1	701,379	39.562878123675	NA	NA	NA	NA	NA	NA	26357
HIP09001	TRBV6-4	ap01	ap01	ap01	0.48,0.52	1	228,234	185.02330665489	NA	NA	NA	NA	NA	NA	26357
HIP09001	TRBV6-56	ap01,ap02	ap01,ap02	ap01,ap02	0.48,0.52	0.72,0.28	380,404	151.769167779728	145,153	58.219941562043	NA	NA	NA	NA	26357
HIP09001	TRBV3-12	ap01	ap01	ap01	0.48,0.52	1	597,558	71.4481156548012	NA	NA	NA	NA	NA	NA	26357
HIP09001	TRBV6-1	ap01	ap01	ap01	0.48,0.52	1	251,267	201.096994935075	NA	NA	NA	NA	NA	NA	26357
HIP09001	TRBV10-2	ap01	ap01	ap01	0.48,0.52	1	123,139	96.2952956264492	NA	NA	NA	NA	NA	NA	26357
HIP09001	TRBV15	ap02	ap02	ap02	0.48,0.52	1	116,178	77.8777641995755	NA	NA	NA	NA	NA	NA	26357
HIP09001	TRBV19	ap01	ap01	ap01	0.48,0.52	1	502,605	38.2613133713383	NA	NA	NA	NA	NA	NA	26357
HIP09001	TRBV4-2	ap01	ap01	ap01	0.48,0.52	1	354,309	38.8553238384781	NA	NA	NA	NA	NA	NA	26357
HIP09001	TRBV4-1	ap01	ap01	ap01	0.48,0.52	1	587,499	62.2818470546913	NA	NA	NA	NA	NA	NA	26357
HIP09001	TRBV7-3	ap01	ap03	ap01,ap03	0.48,0.52	0.64,0.36	330,17	70.2375177009295	23,170	29.5323717273893	NA	NA	NA	NA	26357
HIP09001	TRBV7-6	ap01	ap01	ap01	0.48,0.52	1	213,175	216.257629402221	NA	NA	NA	NA	NA	NA	26357
HIP09001	TRBV10-1	ap01	ap01	ap01	0.48,0.52	1	138,215	91.7537556717456	NA	NA	NA	NA	NA	NA	26357
HIP09001	TRBV7-8	ap03	ap01,ap03	ap01,ap03	0.48,0.52	0.65,0.35	17,127	22.1868224260734	28,48	6.33304053799326	NA	NA	NA	NA	26357
HIP09001	TRBV5-5	ap01	ap01	ap01	0.48,0.52	1	55,51	65.1699197267667	NA	NA	NA	NA	NA	NA	26357
HIP09001	TRBV12-34	ap01	ap01	ap01	0.48,0.52	1	673,756	52.8137388012167	NA	NA	NA	NA	NA	NA	26357
HIP09001	TRBV11-2	ap01	ap01	ap01	0.48,0.52	1	264,262	34.0422077125057	NA	NA	NA	NA	NA	NA	26357
HIP09001	TRBV5-8	Unk	ap01	ap01	0.48,0.52	1	12,59	3.13681589218294	NA	NA	NA	NA	NA	NA	26357
HIP09001	TRBV5-6	ap01	ap01	ap01	0.48,0.52	1	263,281	210.370580832392	NA	NA	NA	NA	NA	NA	26357
HIP09001	TRBV29-1	ap01,ap02	ap01,ap02	ap01,ap02	0.48,0.52	0.85,0.15	180,268	51.505184045054	32,48	9.0618925449665	NA	NA	NA	NA	26357
HIP09001	TRBV7-2	ap01	ap01	ap01	0.48,0.52	1	279,269	34.7106414930138	NA	NA	NA	NA	NA	NA	26357
HIP09001	TRBV18	ap01	ap01	ap01	0.48,0.52	1	176,252	123.142546860427	NA	NA	NA	NA	NA	NA	26357
HIP09001	TRBV5-4	ap01	ap01	ap01	0.48,0.52	1	557,449	55.1668827046242	NA	NA	NA	NA	NA	NA	26357
HIP09001	TRBV7-7	ap01	ap01	ap01	0.48,0.52	1	91,87	112.028846667233	NA	NA	NA	NA	NA	NA	26357
HIP09001	TRBV12-5	ap01	ap01	ap01	0.48,0.52	1	92,127	65.6736866529081	NA	NA	NA	NA	NA	NA	26357
HIP09001	TRBV27	ap01	ap01	ap01	0.48,0.52	1	412,585	289.619369436673	NA	NA	NA	NA	NA	NA	26357
HIP09001	TRBV30	Del	ap01	ap01	0.48,0.52	1	122,507	6.28876232329891	NA	NA	NA	NA	NA	NA	26357
HIP09001	TRBV2	ap01	ap01	ap01	0.48,0.52	1	560,524	67.1135673405631	NA	NA	NA	NA	NA	NA	26357
HIP09001	TRBV24-1	ap01	ap01	ap01	0.48,0.52	1	151,226	102.949251670645	NA	NA	NA	NA	NA	NA	26357
HIP09001	TRBV28	ap01	ap01	ap01	0.48,0.52	1	62,103	39.456068138849	NA	NA	NA	NA	NA	NA	26357
HIP09001	TRBV6-7	ap01	ap01	ap01	0.48,0.52	1	20,28	14.1689718655061	NA	NA	NA	NA	NA	NA	26357
HIP09001	TRBV14	ap01	ap01	ap01	0.48,0.52	1	108,207	61.1235498547531	NA	NA	NA	NA	NA	NA	26357
HIP09001	TRBV5-3	ap01	ap01	ap01	0.48,0.52	1	45,42	53.7585780180403	NA	NA	NA	NA	NA	NA	26357
HIP09001	TRBV12-2	ap01	ap01	ap01	0.48,0.52	1	52,61	40.0936099862292	NA	NA	NA	NA	NA	NA	26357
HIP09001	TRBV7-1	ap01_G291C_T296C,ap01_G291C_T296C_C314T	ap01_G291C_T296C	ap01_G291C_T296C,ap01_G291C_T296C_C314T	0.48,0.52	0.82,0.18	4,10	0.0686596088858613	3,0	0.816088523088044	NA	NA	NA	NA	26357
HIP09001	TRBV11-1	ap01	ap01	ap01	0.48,0.52	1	45,34	40.9183629312606	NA	NA	NA	NA	NA	NA	26357
HIP09001	TRBV13	ap01	ap01	ap01	0.48,0.52	1	135,140	109.1541087074	NA	NA	NA	NA	NA	NA	26357
HIP09001	TRBV6-8	ap01	ap01	ap01	0.48,0.52	1	19,16	19.9160196721481	NA	NA	NA	NA	NA	NA	26357
HIP09001	TRBV12-1	ap01	ap01	ap01	0.48,0.52	1	27,24	30.3291145478072	NA	NA	NA	NA	NA	NA	26357
HIP09001	TRBV23-1	ap01	ap01	ap01	0.48,0.52	1	51,98	28.794951865914	NA	NA	NA	NA	NA	NA	26357
HIP09001	TRBV11-3	ap01	ap01	ap01	0.48,0.52	1	80,101	59.7095412327911	NA	NA	NA	NA	NA	NA	26357
HIP09001	TRBV7-4	ap01	ap01	ap01	0.48,0.52	1	25,39	16.6080680061493	NA	NA	NA	NA	NA	NA	26357
HIP09001	TRBV6-9	ap01	ap01	ap01	0.48,0.52	1	7,9	5.1797695180738	NA	NA	NA	NA	NA	NA	26357
HIP09001	TRBV5-7	ap01	ap01	ap01	0.48,0.52	1	10,7	8.20128793703154	NA	NA	NA	NA	NA	NA	26357
HIP09001	TRBV1	ap01	ap01	ap01	0.48,0.52	1	73,71	91.8094369686947	NA	NA	NA	NA	NA	NA	26357
HIP09001	TRBV16	ap01	ap01	ap01	0.48,0.52	1	2,6	0.534379725963949	NA	NA	NA	NA	NA	NA	26357
HIP09001	TRBV17	Unk	ap01	ap01	0.48,0.52	1	0,1	0.275786706433332	NA	NA	NA	NA	NA	NA	26357
HIP09001	TRBV26	Unk	Unk	NA	NA	NA	NA	NA	NA	NA	NA	NA	NA	NA	26357
HIP09001	TRBV4-3	Del	Del	Del	NA	NA	NA	1000	NA	NA	NA	NA	NA	NA	26357
