subject	gene	TRBD2_01	TRBD2_02	alleles	proirs_row	proirs_col	counts1	k1	counts2	k2	counts3	k3	counts4	k4	TOTAL
Keck0036_MC1	TRBV20-1	ap01	ap01	ap01	0.46,0.54	1	530,583	41.9528373571871	NA	NA	NA	NA	NA	NA	9326
Keck0036_MC1	TRBV6-23	ap01	ap01	ap01	0.46,0.54	1	98,246	40.7797426735261	NA	NA	NA	NA	NA	NA	9326
Keck0036_MC1	TRBV12-34	ap01	ap01	ap01	0.46,0.54	1	217,224	175.682792318959	NA	NA	NA	NA	NA	NA	9326
Keck0036_MC1	TRBV5-1	ap01	ap01	ap01	0.46,0.54	1	305,230	275.729731762956	NA	NA	NA	NA	NA	NA	9326
Keck0036_MC1	TRBV6-4	ap01	ap01	ap01	0.46,0.54	1	147,105	123.443424818242	NA	NA	NA	NA	NA	NA	9326
Keck0036_MC1	TRBV10-3	ap01	ap01	ap01	0.46,0.54	1	77,102	56.3445142471606	NA	NA	NA	NA	NA	NA	9326
Keck0036_MC1	TRBV30	Del	ap02	ap02	0.46,0.54	1	22,115	6.75958927399795	NA	NA	NA	NA	NA	NA	9326
Keck0036_MC1	TRBV29-1	ap01,ap02	ap01,ap02	ap01,ap02	0.46,0.54	0.87,0.13	69,61	51.2704863482389	9,10	3.49237497767554	NA	NA	NA	NA	9326
Keck0036_MC1	TRBV9	ap01	ap01	ap01	0.46,0.54	1	232,184	224.346031641724	NA	NA	NA	NA	NA	NA	9326
Keck0036_MC1	TRBV27	ap01	ap01	ap01	0.46,0.54	1	148,169	115.500673570332	NA	NA	NA	NA	NA	NA	9326
Keck0036_MC1	TRBV24-1	ap01	ap01	ap01	0.46,0.54	1	113,178	75.1498926384292	NA	NA	NA	NA	NA	NA	9326
Keck0036_MC1	TRBV3-12	ap01	ap01	ap01	0.46,0.54	1	218,241	172.241247402346	NA	NA	NA	NA	NA	NA	9326
Keck0036_MC1	TRBV14	ap01	ap01	ap01	0.46,0.54	1	28,53	16.2533860842566	NA	NA	NA	NA	NA	NA	9326
Keck0036_MC1	TRBV25-1	ap01	ap01	ap01	0.46,0.54	1	34,47	24.3573022227288	NA	NA	NA	NA	NA	NA	9326
Keck0036_MC1	TRBV11-2	ap01	ap01	ap01	0.46,0.54	1	78,96	59.0263329386722	NA	NA	NA	NA	NA	NA	9326
Keck0036_MC1	TRBV15	ap02	ap02	ap02	0.46,0.54	1	58,54	69.0031510458513	NA	NA	NA	NA	NA	NA	9326
Keck0036_MC1	TRBV2	ap01	ap01	ap01	0.46,0.54	1	184,132	155.436836186929	NA	NA	NA	NA	NA	NA	9326
Keck0036_MC1	TRBV4-3	Del	ap01	ap01	0.46,0.54	1	22,156	17.6751504884814	NA	NA	NA	NA	NA	NA	9326
Keck0036_MC1	TRBV6-1	ap01	ap01	ap01	0.46,0.54	1	99,52	52.9196489715193	NA	NA	NA	NA	NA	NA	9326
Keck0036_MC1	TRBV6-56	ap01,ap02	ap01,ap02	ap01,ap02	0.46,0.54	0.73,0.27	122,100	81.5555163729042	32,49	8.96328060301508	NA	NA	NA	NA	9326
Keck0036_MC1	TRBV1	ap01	ap01	ap01	0.46,0.54	1	20,24	15.2987929793641	NA	NA	NA	NA	NA	NA	9326
Keck0036_MC1	TRBV13	ap01	ap01	ap01	0.46,0.54	1	53,40	47.9666281552654	NA	NA	NA	NA	NA	NA	9326
Keck0036_MC1	TRBV4-1	ap01	ap01	ap01	0.46,0.54	1	83,62	74.0817811992734	NA	NA	NA	NA	NA	NA	9326
Keck0036_MC1	TRBV7-2	ap01	ap01	ap01	0.46,0.54	1	153,194	114.266941008462	NA	NA	NA	NA	NA	NA	9326
Keck0036_MC1	TRBV4-2	ap01	ap01	ap01	0.46,0.54	1	93,22	6.36336032937276	NA	NA	NA	NA	NA	NA	9326
Keck0036_MC1	TRBV5-6	ap01	ap01	ap01	0.46,0.54	1	67,87	49.4938173585383	NA	NA	NA	NA	NA	NA	9326
Keck0036_MC1	TRBV10-1	ap01	ap01	ap01	0.46,0.54	1	45,65	31.4937189996834	NA	NA	NA	NA	NA	NA	9326
Keck0036_MC1	TRBV18	ap01	ap01	ap01	0.46,0.54	1	64,72	50.2340568956608	NA	NA	NA	NA	NA	NA	9326
Keck0036_MC1	TRBV5-4	ap01	ap01	ap01	0.46,0.54	1	115,122	92.2277908369957	NA	NA	NA	NA	NA	NA	9326
Keck0036_MC1	TRBV7-4	ap01	ap01	ap01	0.46,0.54	1	7,16	3.33120522009269	NA	NA	NA	NA	NA	NA	9326
Keck0036_MC1	TRBV7-3	ap01	ap02	ap01,ap02	0.46,0.54	0.57,0.43	92,6	18.8798972150015	8,66	11.5682539805965	NA	NA	NA	NA	9326
Keck0036_MC1	TRBV7-8	ap01,ap03	ap01,ap03	ap01,ap03	0.46,0.54	0.73,0.27	45,62	14.378918803239	20,20	17.5463678478975	NA	NA	NA	NA	9326
Keck0036_MC1	TRBV7-9	ap01	ap01	ap01	0.46,0.54	1	119,137	92.5719707892653	NA	NA	NA	NA	NA	NA	9326
Keck0036_MC1	TRBV7-6	ap01	ap01	ap01	0.46,0.54	1	76,70	89.1930679696532	NA	NA	NA	NA	NA	NA	9326
Keck0036_MC1	TRBV12-5	ap01	ap01	ap01	0.46,0.54	1	15,48	3.4870987239254	NA	NA	NA	NA	NA	NA	9326
Keck0036_MC1	TRBV6-9	ap01	ap01	ap01	0.46,0.54	1	2,2	2.60211974529522	NA	NA	NA	NA	NA	NA	9326
Keck0036_MC1	TRBV7-7	ap01	ap01	ap01	0.46,0.54	1	14,32	6.66241044018539	NA	NA	NA	NA	NA	NA	9326
Keck0036_MC1	TRBV21-1	ap01	ap01	ap01	0.46,0.54	1	63,110	39.0327757928449	NA	NA	NA	NA	NA	NA	9326
Keck0036_MC1	TRBV12-2	ap01	ap01	ap01	0.46,0.54	1	9,23	3.63641179640413	NA	NA	NA	NA	NA	NA	9326
Keck0036_MC1	TRBV23-1	ap01	ap01	ap01	0.46,0.54	1	12,20	7.68836986564023	NA	NA	NA	NA	NA	NA	9326
Keck0036_MC1	TRBV11-1	ap01	ap01	ap01	0.46,0.54	1	17,5	2.74305313187895	NA	NA	NA	NA	NA	NA	9326
Keck0036_MC1	TRBV19	ap01	ap01	ap01	0.46,0.54	1	134,177	98.1889351160168	NA	NA	NA	NA	NA	NA	9326
Keck0036_MC1	TRBV11-3	ap01	ap01	ap01	0.46,0.54	1	45,110	19.5132249837869	NA	NA	NA	NA	NA	NA	9326
Keck0036_MC1	TRBV10-2	Unk	ap01	ap01	0.46,0.54	1	10,48	1.93499872303516	NA	NA	NA	NA	NA	NA	9326
Keck0036_MC1	TRBV28	ap01	ap01	ap01	0.46,0.54	1	26,72	9.0261162987605	NA	NA	NA	NA	NA	NA	9326
Keck0036_MC1	TRBV6-8	ap01	ap01	ap01	0.46,0.54	1	5,3	3.27613857938298	NA	NA	NA	NA	NA	NA	9326
Keck0036_MC1	TRBV16	ap01	ap01	ap01	0.46,0.54	1	6,2	1.34803766817552	NA	NA	NA	NA	NA	NA	9326
Keck0036_MC1	TRBV5-5	ap01	ap01	ap01	0.46,0.54	1	29,21	24.8140931713604	NA	NA	NA	NA	NA	NA	9326
Keck0036_MC1	TRBV12-1	ap01	ap01	ap01	0.46,0.54	1	8,16	4.41562470948481	NA	NA	NA	NA	NA	NA	9326
Keck0036_MC1	TRBV5-8	ap01	ap01	ap01	0.46,0.54	1	13,20	8.77278935503234	NA	NA	NA	NA	NA	NA	9326
Keck0036_MC1	TRBV6-7	ap01	ap01	ap01	0.46,0.54	1	4,7	2.47404555509566	NA	NA	NA	NA	NA	NA	9326
Keck0036_MC1	TRBV5-3	ap01	ap01	ap01	0.46,0.54	1	13,19	9.0390225553856	NA	NA	NA	NA	NA	NA	9326
Keck0036_MC1	TRBV5-7	ap01	ap01	ap01	0.46,0.54	1	3,2	2.2885992260153	NA	NA	NA	NA	NA	NA	9326
Keck0036_MC1	TRBV7-1	Unk	ap01_G291C_T296C	ap01_G291C_T296C	0.46,0.54	1	0,5	1.33116600176628	NA	NA	NA	NA	NA	NA	9326
Keck0036_MC1	TRBV17	ap01	ap01	ap01	0.46,0.54	1	1,1	1.30105987264761	NA	NA	NA	NA	NA	NA	9326
Keck0036_MC1	TRBV26	Unk	Unk	NA	NA	NA	NA	NA	NA	NA	NA	NA	NA	NA	9326
