subject	gene	TRBD2_01	TRBD2_02	alleles	proirs_row	proirs_col	counts1	k1	counts2	k2	counts3	k3	counts4	k4	TOTAL
HIP00926	TRBV6-4	ap01	ap01	ap01	0.44,0.56	1	224,285	167.630352485233	NA	NA	NA	NA	NA	NA	30401
HIP00926	TRBV6-56	ap01,ap02	ap01,ap02	ap01,ap02	0.44,0.56	0.76,0.24	345,379	135.499836483167	120,113	96.9887963747417	NA	NA	NA	NA	30401
HIP00926	TRBV11-3	ap01	ap01	ap01	0.44,0.56	1	176,230	130.215142153096	NA	NA	NA	NA	NA	NA	30401
HIP00926	TRBV6-23	ap01	ap01	ap01	0.44,0.56	1	633,739	49.0044047067167	NA	NA	NA	NA	NA	NA	30401
HIP00926	TRBV28	Del	ap01	ap01	0.44,0.56	1	192,947	29.2828291443856	NA	NA	NA	NA	NA	NA	30401
HIP00926	TRBV4-1	ap01	ap01	ap01	0.44,0.56	1	311,317	252.10601226469	NA	NA	NA	NA	NA	NA	30401
HIP00926	TRBV12-34	ap01	ap01	ap01	0.44,0.56	1	708,552	66.4153685140596	NA	NA	NA	NA	NA	NA	30401
HIP00926	TRBV20-1	ap01,ap02	ap01,ap02	ap01,ap02	0.44,0.56	0.85,0.15	577,878	168.579987722002	100,158	27.8298069082374	NA	NA	NA	NA	30401
HIP00926	TRBV24-1	ap01	ap01	ap01	0.44,0.56	1	232,439	138.216966027297	NA	NA	NA	NA	NA	NA	30401
HIP00926	TRBV4-3	ap01	ap01	ap01	0.44,0.56	1	508,528	40.9289706200463	NA	NA	NA	NA	NA	NA	30401
HIP00926	TRBV7-8	ap01,ap03	ap01,ap03	ap01,ap03	0.44,0.56	0.65,0.35	127,158	45.4854293251667	72,83	27.35004496855	NA	NA	NA	NA	30401
HIP00926	TRBV27	ap01	ap01	ap01	0.44,0.56	1	450,819	276.094920069115	NA	NA	NA	NA	NA	NA	30401
HIP00926	TRBV30	ap01	ap01	ap01	0.44,0.56	1	94,359	11.4185605924192	NA	NA	NA	NA	NA	NA	30401
HIP00926	TRBV11-2	ap01	ap01	ap01	0.44,0.56	1	318,316	40.9574956065437	NA	NA	NA	NA	NA	NA	30401
HIP00926	TRBV25-1	ap01	ap01	ap01	0.44,0.56	1	128,183	90.8308130262084	NA	NA	NA	NA	NA	NA	30401
HIP00926	TRBV12-2	ap01	ap01	ap01	0.44,0.56	1	40,54	29.1691998404734	NA	NA	NA	NA	NA	NA	30401
HIP00926	TRBV2	ap01	ap01	ap01	0.44,0.56	1	398,375	47.9107009615034	NA	NA	NA	NA	NA	NA	30401
HIP00926	TRBV19	ap01	ap01	ap01	0.44,0.56	1	459,613	33.6353398167569	NA	NA	NA	NA	NA	NA	30401
HIP00926	TRBV23-1	ap01	ap01_T304C	ap01,ap01_T304C	0.44,0.56	0.43,0.57	65,3	15.9897577774842	10,80	12.4793044995062	NA	NA	NA	NA	30401
HIP00926	TRBV9	ap01	ap01	ap01	0.44,0.56	1	725,835	56.4074350451751	NA	NA	NA	NA	NA	NA	30401
HIP00926	TRBV7-2	ap01	ap01	ap01	0.44,0.56	1	729,656	82.7094908869076	NA	NA	NA	NA	NA	NA	30401
HIP00926	TRBV5-4	ap01	ap01	ap01	0.44,0.56	1	393,446	307.398512694669	NA	NA	NA	NA	NA	NA	30401
HIP00926	TRBV3-12	ap01	ap01	ap01	0.44,0.56	1	685,665	85.6609506061537	NA	NA	NA	NA	NA	NA	30401
HIP00926	TRBV5-5	ap01	ap01	ap01	0.44,0.56	1	86,93	68.3996101768594	NA	NA	NA	NA	NA	NA	30401
HIP00926	TRBV5-7	ap01	ap01	ap01	0.44,0.56	1	9,8	10.0495989990812	NA	NA	NA	NA	NA	NA	30401
HIP00926	TRBV7-3	ap02	ap01	ap01,ap02	0.44,0.56	0.82,0.18	73,513	74.2200716234445	126,5	31.9554363317381	NA	NA	NA	NA	30401
HIP00926	TRBV6-1	ap01	ap01	ap01	0.44,0.56	1	175,178	141.952895526347	NA	NA	NA	NA	NA	NA	30401
HIP00926	TRBV5-1	ap01	ap01	ap01	0.44,0.56	1	809,765	97.8360649565523	NA	NA	NA	NA	NA	NA	30401
HIP00926	TRBV4-2	ap01	ap01	ap01	0.44,0.56	1	112,401	20.1880251872471	NA	NA	NA	NA	NA	NA	30401
HIP00926	TRBV6-7	ap01	ap01	ap01	0.44,0.56	1	16,35	8.3694059549826	NA	NA	NA	NA	NA	NA	30401
HIP00926	TRBV12-5	ap01	ap01	ap01	0.44,0.56	1	97,102	77.8610582516508	NA	NA	NA	NA	NA	NA	30401
HIP00926	TRBV10-3	ap01	ap01	ap01	0.44,0.56	1	283,303	225.829443961976	NA	NA	NA	NA	NA	NA	30401
HIP00926	TRBV18	ap01	ap01	ap01	0.44,0.56	1	242,278	188.460669697907	NA	NA	NA	NA	NA	NA	30401
HIP00926	TRBV7-4	ap01	ap01	ap01	0.44,0.56	1	27,26	33.4181444831177	NA	NA	NA	NA	NA	NA	30401
HIP00926	TRBV14	ap01	ap01	ap01	0.44,0.56	1	131,218	85.4004746770536	NA	NA	NA	NA	NA	NA	30401
HIP00926	TRBV5-8	ap01	ap01	ap01	0.44,0.56	1	53,71	38.7845667057664	NA	NA	NA	NA	NA	NA	30401
HIP00926	TRBV7-9	ap01	ap01	ap01	0.44,0.56	1	446,594	32.7230311000964	NA	NA	NA	NA	NA	NA	30401
HIP00926	TRBV5-6	ap01	ap01	ap01	0.44,0.56	1	263,255	32.8363024628815	NA	NA	NA	NA	NA	NA	30401
HIP00926	TRBV12-1	ap01	ap01	ap01	0.44,0.56	1	14,38	5.50794882169933	NA	NA	NA	NA	NA	NA	30401
HIP00926	TRBV10-1	ap01	ap01	ap01	0.44,0.56	1	186,151	184.261388998915	NA	NA	NA	NA	NA	NA	30401
HIP00926	TRBV21-1	ap01	ap01	ap01	0.44,0.56	1	213,344	141.431394655064	NA	NA	NA	NA	NA	NA	30401
HIP00926	TRBV29-1	ap01,ap02	ap01,ap02	ap01,ap02	0.44,0.56	0.86,0.14	213,329	61.0699751683632	35,54	10.0494818064723	NA	NA	NA	NA	30401
HIP00926	TRBV13	ap01	ap01	ap01	0.44,0.56	1	131,167	97.9536069935868	NA	NA	NA	NA	NA	NA	30401
HIP00926	TRBV15	ap02	ap02	ap02	0.44,0.56	1	184,259	131.569236863134	NA	NA	NA	NA	NA	NA	30401
HIP00926	TRBV1	ap01	ap01	ap01	0.44,0.56	1	53,46	57.3646677246595	NA	NA	NA	NA	NA	NA	30401
HIP00926	TRBV7-6	ap01	ap01	ap01	0.44,0.56	1	229,237	184.752659216865	NA	NA	NA	NA	NA	NA	30401
HIP00926	TRBV5-3	ap01	ap01	ap01	0.44,0.56	1	35,81	17.2158299450614	NA	NA	NA	NA	NA	NA	30401
HIP00926	TRBV10-2	ap01	ap01	ap01	0.44,0.56	1	98,57	60.2071241748927	NA	NA	NA	NA	NA	NA	30401
HIP00926	TRBV6-8	ap01	ap01	ap01	0.44,0.56	1	16,15	19.1373666873177	NA	NA	NA	NA	NA	NA	30401
HIP00926	TRBV7-7	ap01_C315T	ap01_C315T	ap01_C315T	0.44,0.56	1	87,112	64.7844718319534	NA	NA	NA	NA	NA	NA	30401
HIP00926	TRBV11-1	ap01	ap01	ap01	0.44,0.56	1	21,90	0.139308204203962	NA	NA	NA	NA	NA	NA	30401
HIP00926	TRBV7-1	ap01_G291C_T296C	ap01_G291C_T296C	ap01_G291C_T296C	0.44,0.56	1	17,9	8.99290301364955	NA	NA	NA	NA	NA	NA	30401
HIP00926	TRBV6-9	ap01	ap01	ap01	0.44,0.56	1	22,20	25.2922081057261	NA	NA	NA	NA	NA	NA	30401
HIP00926	TRBV16	ap01	ap01	ap01	0.44,0.56	1	7,9	5.21537290428756	NA	NA	NA	NA	NA	NA	30401
HIP00926	TRBV17	Unk	Unk	NA	NA	NA	NA	NA	NA	NA	NA	NA	NA	NA	30401
HIP00926	TRBV26	Unk	Unk	NA	NA	NA	NA	NA	NA	NA	NA	NA	NA	NA	30401
