subject	gene	TRBD2_01	TRBD2_02	alleles	proirs_row	proirs_col	counts1	k1	counts2	k2	counts3	k3	counts4	k4	TOTAL
HIP08888	TRBV4-2	ap01	ap01	ap01	0.41,0.59	1	162,261	108.774700597944	NA	NA	NA	NA	NA	NA	22324
HIP08888	TRBV3-12	ap01	ap01	ap01	0.41,0.59	1	543,654	41.4921234885591	NA	NA	NA	NA	NA	NA	22324
HIP08888	TRBV6-23	ap01	ap01	ap01	0.41,0.59	1	211,667	67.1447104125244	NA	NA	NA	NA	NA	NA	22324
HIP08888	TRBV27	ap01	ap01	ap01	0.41,0.59	1	307,636	173.914397774712	NA	NA	NA	NA	NA	NA	22324
HIP08888	TRBV28	Del	ap01	ap01	0.41,0.59	1	138,717	20.0670691449098	NA	NA	NA	NA	NA	NA	22324
HIP08888	TRBV6-4	ap01	ap01	ap01	0.41,0.59	1	170,181	135.314253779083	NA	NA	NA	NA	NA	NA	22324
HIP08888	TRBV6-1	ap01	ap01	ap01	0.41,0.59	1	198,156	186.706872384137	NA	NA	NA	NA	NA	NA	22324
HIP08888	TRBV19	ap01	ap01	ap01	0.41,0.59	1	342,484	244.903758592708	NA	NA	NA	NA	NA	NA	22324
HIP08888	TRBV12-2	ap01	ap01	ap01	0.41,0.59	1	24,34	17.17823271635	NA	NA	NA	NA	NA	NA	22324
HIP08888	TRBV2	ap01	ap01	ap01	0.41,0.59	1	375,352	44.7077112346244	NA	NA	NA	NA	NA	NA	22324
HIP08888	TRBV5-3	ap01	ap01	ap01	0.41,0.59	1	32,44	23.2081566477224	NA	NA	NA	NA	NA	NA	22324
HIP08888	TRBV11-2	ap01	ap01	ap01	0.41,0.59	1	191,190	245.421857248798	NA	NA	NA	NA	NA	NA	22324
HIP08888	TRBV4-3	Del	ap01	ap01	0.41,0.59	1	53,346	23.8025182060137	NA	NA	NA	NA	NA	NA	22324
HIP08888	TRBV7-3	ap03	ap01	ap01,ap03	0.41,0.59	0.85,0.15	60,362	41.6697125799924	75,2	21.5944860747426	NA	NA	NA	NA	22324
HIP08888	TRBV5-1	ap01	ap01	ap01	0.41,0.59	1	989,963	123.637968005566	NA	NA	NA	NA	NA	NA	22324
HIP08888	TRBV7-8	ap01,ap03	ap01,ap03	ap01,ap03	0.41,0.59	0.65,0.35	73,114	21.2047846641517	46,56	16.8500043652801	NA	NA	NA	NA	22324
HIP08888	TRBV7-7	ap01_C315T	ap01_C315T	ap01_C315T	0.41,0.59	1	57,71	43.0201792033892	NA	NA	NA	NA	NA	NA	22324
HIP08888	TRBV6-7	ap01	ap01	ap01	0.41,0.59	1	27,11	8.47994105412769	NA	NA	NA	NA	NA	NA	22324
HIP08888	TRBV10-3	ap01	ap01	ap01	0.41,0.59	1	178,219	134.963404166084	NA	NA	NA	NA	NA	NA	22324
HIP08888	TRBV4-1	ap01	ap01	ap01	0.41,0.59	1	299,230	272.729906173953	NA	NA	NA	NA	NA	NA	22324
HIP08888	TRBV6-56	ap01,ap02	ap01,ap02	ap01,ap02	0.41,0.59	0.75,0.25	257,340	88.1642654053506	94,105	36.5108017078093	NA	NA	NA	NA	22324
HIP08888	TRBV5-6	ap01	ap01	ap01	0.41,0.59	1	227,222	285.37921158351	NA	NA	NA	NA	NA	NA	22324
HIP08888	TRBV7-9	ap01	ap01	ap01	0.41,0.59	1	323,469	228.588697523082	NA	NA	NA	NA	NA	NA	22324
HIP08888	TRBV21-1	ap01	ap01	ap01	0.41,0.59	1	118,271	60.7976089616758	NA	NA	NA	NA	NA	NA	22324
HIP08888	TRBV18	ap01	ap01	ap01	0.41,0.59	1	105,176	68.9449081667409	NA	NA	NA	NA	NA	NA	22324
HIP08888	TRBV5-4	ap01	ap01	ap01	0.41,0.59	1	332,351	264.826468396235	NA	NA	NA	NA	NA	NA	22324
HIP08888	TRBV10-1	ap01	ap01	ap01	0.41,0.59	1	101,103	81.4261105231001	NA	NA	NA	NA	NA	NA	22324
HIP08888	TRBV24-1	ap01	ap01	ap01	0.41,0.59	1	195,326	128.235873540612	NA	NA	NA	NA	NA	NA	22324
HIP08888	TRBV12-34	ap01	ap01	ap01	0.41,0.59	1	466,393	48.2146930536856	NA	NA	NA	NA	NA	NA	22324
HIP08888	TRBV14	ap01	ap01	ap01	0.41,0.59	1	106,166	72.2623523143832	NA	NA	NA	NA	NA	NA	22324
HIP08888	TRBV9	ap01	ap01	ap01	0.41,0.59	1	377,686	235.221911028291	NA	NA	NA	NA	NA	NA	22324
HIP08888	TRBV11-3	ap01	ap01	ap01	0.41,0.59	1	176,123	140.065779450312	NA	NA	NA	NA	NA	NA	22324
HIP08888	TRBV13	ap01	ap01	ap01	0.41,0.59	1	114,131	88.5470908706387	NA	NA	NA	NA	NA	NA	22324
HIP08888	TRBV30	ap01	ap02	ap01,ap02	0.41,0.59	0.408,0.556,0.036	161,8	41.9277902848895	17,213	36.1313877826481	NA	NA	NA	NA	22324
HIP08888	TRBV29-1	ap01,ap02	ap01,ap02	ap01,ap02	0.41,0.59	0.87,0.13	141,250	34.3913792653574	19,39	3.46422130802336	NA	NA	NA	NA	22324
HIP08888	TRBV10-2	ap01	ap01	ap01	0.41,0.59	1	87,38	31.5484059438888	NA	NA	NA	NA	NA	NA	22324
HIP08888	TRBV12-5	ap01	ap01	ap01	0.41,0.59	1	60,56	71.0034007520905	NA	NA	NA	NA	NA	NA	22324
HIP08888	TRBV15	ap02	ap02	ap02	0.41,0.59	1	109,189	70.1367919768923	NA	NA	NA	NA	NA	NA	22324
HIP08888	TRBV7-2	ap01	ap01	ap01	0.41,0.59	1	263,578	141.433470460489	NA	NA	NA	NA	NA	NA	22324
HIP08888	TRBV5-5	ap01	ap01	ap01	0.41,0.59	1	45,36	43.3349776270342	NA	NA	NA	NA	NA	NA	22324
HIP08888	TRBV25-1	ap01	ap01	ap01	0.41,0.59	1	75,90	57.3851047420236	NA	NA	NA	NA	NA	NA	22324
HIP08888	TRBV12-1	ap01	ap01	ap01	0.41,0.59	1	17,19	13.3263290854106	NA	NA	NA	NA	NA	NA	22324
HIP08888	TRBV6-9	ap01	ap01	ap01	0.41,0.59	1	10,12	7.65134729893649	NA	NA	NA	NA	NA	NA	22324
HIP08888	TRBV20-1	ap01,ap02	ap01,ap02	ap01,ap02	0.41,0.59	0.84,0.16	315,463	97.8697763984195	61,84	20.1993487178202	NA	NA	NA	NA	22324
HIP08888	TRBV7-6	ap01	ap01	ap01	0.41,0.59	1	134,161	102.482476851861	NA	NA	NA	NA	NA	NA	22324
HIP08888	TRBV5-8	ap01	ap01	ap01	0.41,0.59	1	31,40	23.0810992722659	NA	NA	NA	NA	NA	NA	22324
HIP08888	TRBV23-1	ap01	ap01	ap01	0.41,0.59	1	44,54	33.3924663919903	NA	NA	NA	NA	NA	NA	22324
HIP08888	TRBV1	ap01	ap01	ap01	0.41,0.59	1	50,50	64.6792633695386	NA	NA	NA	NA	NA	NA	22324
HIP08888	TRBV7-4	ap01	ap01	ap01	0.41,0.59	1	15,20	11.021251409521	NA	NA	NA	NA	NA	NA	22324
HIP08888	TRBV6-8	ap01	ap01	ap01	0.41,0.59	1	7,11	4.76344270870674	NA	NA	NA	NA	NA	NA	22324
HIP08888	TRBV11-1	ap01	ap01	ap01	0.41,0.59	1	18,46	8.21203676370466	NA	NA	NA	NA	NA	NA	22324
HIP08888	TRBV7-1	ap01_T296C	ap01_T296C	ap01_T296C	0.41,0.59	1	2,4	1.16565382868035	NA	NA	NA	NA	NA	NA	22324
HIP08888	TRBV5-7	ap01	ap01	ap01	0.41,0.59	1	3,3	3.88075580217231	NA	NA	NA	NA	NA	NA	22324
HIP08888	TRBV16	Unk	ap01	ap01	0.41,0.59	1	1,7	0.556596932869053	NA	NA	NA	NA	NA	NA	22324
HIP08888	TRBV17	Unk	Unk	NA	NA	NA	NA	NA	NA	NA	NA	NA	NA	NA	22324
HIP08888	TRBV26	Unk	Unk	NA	NA	NA	NA	NA	NA	NA	NA	NA	NA	NA	22324
