subject	gene	TRBD2_01	TRBD2_02	alleles	proirs_row	proirs_col	counts1	k1	counts2	k2	counts3	k3	counts4	k4	TOTAL
Keck0053_MC1	TRBV12-34	ap01	ap01	ap01	0.46,0.54	1	248,189	227.137974931806	NA	NA	NA	NA	NA	NA	10721
Keck0053_MC1	TRBV30	Unk	ap01	ap01	0.46,0.54	1	41,176	1.97303407709454	NA	NA	NA	NA	NA	NA	10721
Keck0053_MC1	TRBV29-1	ap01,ap02	ap01,ap02	ap01,ap02	0.46,0.54	0.86,0.14	75,109	22.6173639748795	11,20	2.29847413510025	NA	NA	NA	NA	10721
Keck0053_MC1	TRBV24-1	ap01	ap01	ap01	0.46,0.54	1	84,117	60.0230931328214	NA	NA	NA	NA	NA	NA	10721
Keck0053_MC1	TRBV6-23	ap01	ap01	ap01	0.46,0.54	1	118,286	52.3248569046981	NA	NA	NA	NA	NA	NA	10721
Keck0053_MC1	TRBV5-1	ap01	ap01	ap01	0.46,0.54	1	389,279	32.8037100197556	NA	NA	NA	NA	NA	NA	10721
Keck0053_MC1	TRBV3-12	ap01	ap01	ap01	0.46,0.54	1	308,234	280.916498576618	NA	NA	NA	NA	NA	NA	10721
Keck0053_MC1	TRBV25-1	ap01	ap01	ap01	0.46,0.54	1	30,54	18.2243386985212	NA	NA	NA	NA	NA	NA	10721
Keck0053_MC1	TRBV2	ap01	ap01	ap01	0.46,0.54	1	207,143	165.717813563834	NA	NA	NA	NA	NA	NA	10721
Keck0053_MC1	TRBV28	ap01	ap01	ap01	0.46,0.54	1	245,331	177.763208303006	NA	NA	NA	NA	NA	NA	10721
Keck0053_MC1	TRBV12-1	ap01	ap01	ap01	0.46,0.54	1	6,17	2.01420523627839	NA	NA	NA	NA	NA	NA	10721
Keck0053_MC1	TRBV27	ap01	ap01	ap01	0.46,0.54	1	233,284	177.153928886019	NA	NA	NA	NA	NA	NA	10721
Keck0053_MC1	TRBV11-3	ap01	ap01	ap01	0.46,0.54	1	46,80	28.6804142317528	NA	NA	NA	NA	NA	NA	10721
Keck0053_MC1	TRBV20-1	ap01,ap02	ap01,ap02	ap01,ap02	0.46,0.54	0.84,0.16	259,352	84.3023453082188	60,54	45.6753456804679	NA	NA	NA	NA	10721
Keck0053_MC1	TRBV4-3	Del	ap01	ap01	0.46,0.54	1	21,196	28.8511577565143	NA	NA	NA	NA	NA	NA	10721
Keck0053_MC1	TRBV6-4	ap01	ap01	ap01	0.46,0.54	1	82,71	88.8664490031991	NA	NA	NA	NA	NA	NA	10721
Keck0053_MC1	TRBV12-2	ap01	ap01	ap01	0.46,0.54	1	19,19	24.7144324985018	NA	NA	NA	NA	NA	NA	10721
Keck0053_MC1	TRBV6-56	ap01,ap02	ap01,ap02	ap01,ap02	0.46,0.54	0.73,0.27	131,137	53.0565969006628	58,43	33.4703952403034	NA	NA	NA	NA	10721
Keck0053_MC1	TRBV4-1	ap01	ap01	ap01	0.46,0.54	1	218,125	133.109867399452	NA	NA	NA	NA	NA	NA	10721
Keck0053_MC1	TRBV4-2	ap01	ap01	ap01	0.46,0.54	1	126,118	150.953282164558	NA	NA	NA	NA	NA	NA	10721
Keck0053_MC1	TRBV5-4	ap01	ap01	ap01	0.46,0.54	1	125,124	160.977147136955	NA	NA	NA	NA	NA	NA	10721
Keck0053_MC1	TRBV5-6	ap01	ap01	ap01	0.46,0.54	1	74,77	59.7345353529975	NA	NA	NA	NA	NA	NA	10721
Keck0053_MC1	TRBV18	ap01	ap01	ap01	0.46,0.54	1	90,97	71.7686713734155	NA	NA	NA	NA	NA	NA	10721
Keck0053_MC1	TRBV10-2	ap01	ap01	ap01	0.46,0.54	1	45,13	6.76446987863534	NA	NA	NA	NA	NA	NA	10721
Keck0053_MC1	TRBV15	ap02	ap02	ap02	0.46,0.54	1	70,88	52.5178400487295	NA	NA	NA	NA	NA	NA	10721
Keck0053_MC1	TRBV6-1	ap01	ap01	ap01	0.46,0.54	1	78,78	101.459249204376	NA	NA	NA	NA	NA	NA	10721
Keck0053_MC1	TRBV7-9	ap01	ap01	ap01	0.46,0.54	1	160,196	121.39340052897	NA	NA	NA	NA	NA	NA	10721
Keck0053_MC1	TRBV14	ap01	ap01	ap01	0.46,0.54	1	46,63	33.1515856121141	NA	NA	NA	NA	NA	NA	10721
Keck0053_MC1	TRBV7-2	ap01	ap01	ap01	0.46,0.54	1	147,227	99.1884386757883	NA	NA	NA	NA	NA	NA	10721
Keck0053_MC1	TRBV1	ap01	ap01	ap01	0.46,0.54	1	17,18	13.6410522855866	NA	NA	NA	NA	NA	NA	10721
Keck0053_MC1	TRBV13	ap01	ap01	ap01	0.46,0.54	1	41,55	29.8511857478295	NA	NA	NA	NA	NA	NA	10721
Keck0053_MC1	TRBV9	ap01	ap01	ap01	0.46,0.54	1	127,209	82.3046980818818	NA	NA	NA	NA	NA	NA	10721
Keck0053_MC1	TRBV7-6	ap01	ap01	ap01	0.46,0.54	1	77,62	75.8914369329453	NA	NA	NA	NA	NA	NA	10721
Keck0053_MC1	TRBV5-7	Unk	ap01	ap01	0.46,0.54	1	0,5	1.3150504059886	NA	NA	NA	NA	NA	NA	10721
Keck0053_MC1	TRBV11-2	ap01	ap01	ap01	0.46,0.54	1	145,109	130.369216352733	NA	NA	NA	NA	NA	NA	10721
Keck0053_MC1	TRBV7-3	ap03	ap01	ap01,ap03	0.46,0.54	0.76,0.24	20,152	25.1739383734965	52,3	11.2723987347961	NA	NA	NA	NA	10721
Keck0053_MC1	TRBV19	ap01	ap01	ap01	0.46,0.54	1	165,214	122.063699581277	NA	NA	NA	NA	NA	NA	10721
Keck0053_MC1	TRBV10-3	ap01	ap01	ap01	0.46,0.54	1	91,97	72.8495674761887	NA	NA	NA	NA	NA	NA	10721
Keck0053_MC1	TRBV10-1	ap01	ap01	ap01	0.46,0.54	1	50,54	39.8422607539866	NA	NA	NA	NA	NA	NA	10721
Keck0053_MC1	TRBV7-8	ap01,ap03	ap01,ap03	ap01,ap03	0.46,0.54	0.7,0.3	41,49	15.0514644972477	15,23	4.21886637534339	NA	NA	NA	NA	10721
Keck0053_MC1	TRBV23-1	ap01	ap01	ap01	0.46,0.54	1	21,36	13.2304552351208	NA	NA	NA	NA	NA	NA	10721
Keck0053_MC1	TRBV7-7	ap01_C315T	ap01_C315T	ap01_C315T	0.46,0.54	1	24,26	19.1032443554178	NA	NA	NA	NA	NA	NA	10721
Keck0053_MC1	TRBV11-1	ap01	ap01	ap01	0.46,0.54	1	12,30	5.08045079734765	NA	NA	NA	NA	NA	NA	10721
Keck0053_MC1	TRBV6-7	ap01	ap01	ap01	0.46,0.54	1	6,9	4.11828588586014	NA	NA	NA	NA	NA	NA	10721
Keck0053_MC1	TRBV21-1	ap01	ap01	ap01	0.46,0.54	1	58,98	36.9169860034731	NA	NA	NA	NA	NA	NA	10721
Keck0053_MC1	TRBV5-5	ap01	ap01	ap01	0.46,0.54	1	23,29	17.2333180090513	NA	NA	NA	NA	NA	NA	10721
Keck0053_MC1	TRBV6-9	ap01	ap01	ap01	0.46,0.54	1	7,5	5.86971021412398	NA	NA	NA	NA	NA	NA	10721
Keck0053_MC1	TRBV12-5	ap01	ap01	ap01	0.46,0.54	1	43,35	42.9902349342605	NA	NA	NA	NA	NA	NA	10721
Keck0053_MC1	TRBV5-3	ap01	ap01	ap01	0.46,0.54	1	18,25	12.8808778199759	NA	NA	NA	NA	NA	NA	10721
Keck0053_MC1	TRBV7-4	ap01	ap01	ap01	0.46,0.54	1	5,14	1.72233937709828	NA	NA	NA	NA	NA	NA	10721
Keck0053_MC1	TRBV5-8	ap01	ap01	ap01	0.46,0.54	1	21,24	16.3865762094934	NA	NA	NA	NA	NA	NA	10721
Keck0053_MC1	TRBV6-8	ap01	ap01	ap01	0.46,0.54	1	5,5	6.50379802592152	NA	NA	NA	NA	NA	NA	10721
Keck0053_MC1	TRBV7-1	ap01_G291C_T296C	ap01_G291C_T296C	ap01_G291C_T296C	0.46,0.54	1	1,2	0.554875940377831	NA	NA	NA	NA	NA	NA	10721
Keck0053_MC1	TRBV16	Unk	ap01	ap01	0.46,0.54	1	0,1	0.263010081197719	NA	NA	NA	NA	NA	NA	10721
Keck0053_MC1	TRBV17	Unk	Unk	NA	NA	NA	NA	NA	NA	NA	NA	NA	NA	NA	10721
Keck0053_MC1	TRBV26	Unk	Unk	NA	NA	NA	NA	NA	NA	NA	NA	NA	NA	NA	10721
