subject	gene	TRBD2_01	TRBD2_02	alleles	proirs_row	proirs_col	counts1	k1	counts2	k2	counts3	k3	counts4	k4	TOTAL
HIP14095	TRBV19	ap01	ap01	ap01	0.43,0.57	1	395,624	266.328009772846	NA	NA	NA	NA	NA	NA	23214
HIP14095	TRBV5-6	ap01	ap01	ap01	0.43,0.57	1	147,153	118.277858056151	NA	NA	NA	NA	NA	NA	23214
HIP14095	TRBV5-5	ap01	ap01	ap01	0.43,0.57	1	57,59	45.9418281683917	NA	NA	NA	NA	NA	NA	23214
HIP14095	TRBV6-23	ap01	ap01	ap01	0.43,0.57	1	462,597	34.3636345400959	NA	NA	NA	NA	NA	NA	23214
HIP14095	TRBV28	ap01	ap01	ap01	0.43,0.57	1	527,918	33.465339875117	NA	NA	NA	NA	NA	NA	23214
HIP14095	TRBV6-4	ap01	ap01	ap01	0.43,0.57	1	132,198	91.547052084285	NA	NA	NA	NA	NA	NA	23214
HIP14095	TRBV7-9	ap01	ap01	ap01	0.43,0.57	1	366,481	270.28368608527	NA	NA	NA	NA	NA	NA	23214
HIP14095	TRBV20-1	ap01,ap02	ap01,ap02	ap01,ap02	0.43,0.57	0.87,0.13	486,782	132.943598705472	68,124	15.1932315022495	NA	NA	NA	NA	23214
HIP14095	TRBV3-12	ap01	ap01	ap01	0.43,0.57	1	422,526	318.555629954117	NA	NA	NA	NA	NA	NA	23214
HIP14095	TRBV21-1	ap01	ap01	ap01	0.43,0.57	1	159,304	94.4286382418233	NA	NA	NA	NA	NA	NA	23214
HIP14095	TRBV2	ap01	ap01	ap01	0.43,0.57	1	306,312	247.780883280937	NA	NA	NA	NA	NA	NA	23214
HIP14095	TRBV4-3	ap01	ap01	ap01	0.43,0.57	1	311,372	238.549227636693	NA	NA	NA	NA	NA	NA	23214
HIP14095	TRBV27	ap01	ap01	ap01	0.43,0.57	1	372,526	265.73679206073	NA	NA	NA	NA	NA	NA	23214
HIP14095	TRBV7-7	ap01	ap01_C315T	ap01,ap01_C315T	0.43,0.57	0.39,0.61	53,1	14.9682312820751	11,74	10.1467155314785	NA	NA	NA	NA	23214
HIP14095	TRBV10-2	ap01	ap01	ap01	0.43,0.57	1	69,38	38.7111439938775	NA	NA	NA	NA	NA	NA	23214
HIP14095	TRBV4-2	ap01	ap01	ap01	0.43,0.57	1	220,197	247.72357500666	NA	NA	NA	NA	NA	NA	23214
HIP14095	TRBV5-1	ap01	ap01	ap01	0.43,0.57	1	676,757	53.0998200068528	NA	NA	NA	NA	NA	NA	23214
HIP14095	TRBV6-1	ap01	ap01	ap01	0.43,0.57	1	150,129	160.186356214247	NA	NA	NA	NA	NA	NA	23214
HIP14095	TRBV14	ap01	ap01	ap01	0.43,0.57	1	132,208	89.1281288440807	NA	NA	NA	NA	NA	NA	23214
HIP14095	TRBV10-3	ap01	ap01	ap01	0.43,0.57	1	148,209	105.788264670403	NA	NA	NA	NA	NA	NA	23214
HIP14095	TRBV5-4	ap01	ap01	ap01	0.43,0.57	1	74,313	2.45958277694211	NA	NA	NA	NA	NA	NA	23214
HIP14095	TRBV7-6	ap01	ap01	ap01	0.43,0.57	1	156,143	181.081874474238	NA	NA	NA	NA	NA	NA	23214
HIP14095	TRBV12-34	ap01	ap01	ap01	0.43,0.57	1	522,486	61.8219720252674	NA	NA	NA	NA	NA	NA	23214
HIP14095	TRBV4-1	ap01	ap01	ap01	0.43,0.57	1	180,199	142.011244211294	NA	NA	NA	NA	NA	NA	23214
HIP14095	TRBV30	ap01	Del	ap01	0.43,0.57	1	265,38	28.2352528641397	NA	NA	NA	NA	NA	NA	23214
HIP14095	TRBV29-1	ap01,ap02	ap01,ap02	ap01,ap02	0.43,0.57	0.84,0.16	158,255	43.04052664596	32,46	10.0362699301065	NA	NA	NA	NA	23214
HIP14095	TRBV25-1	ap01	ap01	ap01	0.43,0.57	1	92,114	69.6109369261435	NA	NA	NA	NA	NA	NA	23214
HIP14095	TRBV6-56	ap01,ap02	ap01,ap02	ap01,ap02	0.43,0.57	0.73,0.27	239,296	86.0723287488436	92,105	35.2217883234915	NA	NA	NA	NA	23214
HIP14095	TRBV7-2	ap01	ap01	ap01	0.43,0.57	1	521,623	39.9673373780818	NA	NA	NA	NA	NA	NA	23214
HIP14095	TRBV12-2	ap01	ap01	ap01	0.43,0.57	1	25,27	19.8783262363594	NA	NA	NA	NA	NA	NA	23214
HIP14095	TRBV23-1	ap01	ap01	ap01	0.43,0.57	1	34,67	19.7100241101102	NA	NA	NA	NA	NA	NA	23214
HIP14095	TRBV9	ap01	ap01	ap01	0.43,0.57	1	485,558	37.7366811503874	NA	NA	NA	NA	NA	NA	23214
HIP14095	TRBV10-1	ap01	ap01	ap01	0.43,0.57	1	103,118	80.2635119834226	NA	NA	NA	NA	NA	NA	23214
HIP14095	TRBV5-8	ap01	ap01	ap01	0.43,0.57	1	45,69	30.8463838154302	NA	NA	NA	NA	NA	NA	23214
HIP14095	TRBV7-8	ap01,ap03	ap01,ap03	ap01,ap03	0.43,0.57	0.59,0.41	93,118	32.8336103579575	66,80	24.1756505870731	NA	NA	NA	NA	23214
HIP14095	TRBV13	ap01	ap01	ap01	0.43,0.57	1	63,78	47.6841345683822	NA	NA	NA	NA	NA	NA	23214
HIP14095	TRBV11-3	ap01	ap01	ap01	0.43,0.57	1	104,153	72.853657402104	NA	NA	NA	NA	NA	NA	23214
HIP14095	TRBV24-1	ap01	ap01	ap01	0.43,0.57	1	214,329	146.482051908117	NA	NA	NA	NA	NA	NA	23214
HIP14095	TRBV18	ap01	ap01	ap01	0.43,0.57	1	190,301	127.901994755174	NA	NA	NA	NA	NA	NA	23214
HIP14095	TRBV15	ap02	ap02	ap02	0.43,0.57	1	99,162	65.394742688938	NA	NA	NA	NA	NA	NA	23214
HIP14095	TRBV7-3	ap02	ap01	ap01,ap02	0.43,0.57	0.85,0.15	53,347	46.6582322519502	73,0	22.2436984000589	NA	NA	NA	NA	23214
HIP14095	TRBV7-4	ap01	ap01	ap01	0.43,0.57	1	19,21	14.9914196241033	NA	NA	NA	NA	NA	NA	23214
HIP14095	TRBV11-2	ap01	ap01	ap01	0.43,0.57	1	250,272	198.299477715553	NA	NA	NA	NA	NA	NA	23214
HIP14095	TRBV5-3	ap01	ap01	ap01	0.43,0.57	1	20,30	13.8707654673159	NA	NA	NA	NA	NA	NA	23214
HIP14095	TRBV12-1	ap01	ap01	ap01	0.43,0.57	1	14,17	10.6771051232029	NA	NA	NA	NA	NA	NA	23214
HIP14095	TRBV11-1	Del	ap01	ap01	0.43,0.57	1	8,61	6.30441769007468	NA	NA	NA	NA	NA	NA	23214
HIP14095	TRBV12-5	ap01	ap01	ap01	0.43,0.57	1	34,72	18.500562490008	NA	NA	NA	NA	NA	NA	23214
HIP14095	TRBV6-9	ap01	ap01	ap01	0.43,0.57	1	5,9	3.10485288079833	NA	NA	NA	NA	NA	NA	23214
HIP14095	TRBV6-8	ap01	ap01	ap01	0.43,0.57	1	6,7	4.64501428823563	NA	NA	NA	NA	NA	NA	23214
HIP14095	TRBV16	ap01	ap01	ap01	0.43,0.57	1	2,5	0.903291898690732	NA	NA	NA	NA	NA	NA	23214
HIP14095	TRBV1	ap01	ap01	ap01	0.43,0.57	1	21,33	14.2014652546511	NA	NA	NA	NA	NA	NA	23214
HIP14095	TRBV6-7	ap01	ap01	ap01	0.43,0.57	1	6,12	3.43555266813348	NA	NA	NA	NA	NA	NA	23214
HIP14095	TRBV7-1	ap01_G291C_T296C	ap01_G291C_T296C	ap01_G291C_T296C	0.43,0.57	1	5,11	2.62106823275747	NA	NA	NA	NA	NA	NA	23214
HIP14095	TRBV5-7	ap01	ap01	ap01	0.43,0.57	1	9,4	3.48161582956107	NA	NA	NA	NA	NA	NA	23214
HIP14095	TRBV17	Unk	Unk	NA	NA	NA	NA	NA	NA	NA	NA	NA	NA	NA	23214
HIP14095	TRBV26	Unk	Unk	NA	NA	NA	NA	NA	NA	NA	NA	NA	NA	NA	23214
