subject	gene	TRBD2_01	TRBD2_02	alleles	proirs_row	proirs_col	counts1	k1	counts2	k2	counts3	k3	counts4	k4	TOTAL
HIP12129	TRBV28	Del	ap01	ap01	0.45,0.55	1	58,316	18.6545567106017	NA	NA	NA	NA	NA	NA	8981
HIP12129	TRBV6-4	ap01	ap01	ap01	0.45,0.55	1	115,96	118.617872327184	NA	NA	NA	NA	NA	NA	8981
HIP12129	TRBV27	ap01	ap01	ap01	0.45,0.55	1	173,414	79.6563528056899	NA	NA	NA	NA	NA	NA	8981
HIP12129	TRBV5-1	ap01	ap01	ap01	0.45,0.55	1	329,403	249.862701742834	NA	NA	NA	NA	NA	NA	8981
HIP12129	TRBV7-2	ap01	ap01	ap01	0.45,0.55	1	234,163	188.815861225617	NA	NA	NA	NA	NA	NA	8981
HIP12129	TRBV14	ap01	ap01	ap01	0.45,0.55	1	27,51	15.9164924188538	NA	NA	NA	NA	NA	NA	8981
HIP12129	TRBV10-2	ap01	ap01	ap01	0.45,0.55	1	11,38	2.07596151531257	NA	NA	NA	NA	NA	NA	8981
HIP12129	TRBV11-3	ap01	ap01	ap01	0.45,0.55	1	12,29	5.4527932914009	NA	NA	NA	NA	NA	NA	8981
HIP12129	TRBV19	ap01	ap01	ap01	0.45,0.55	1	117,158	85.0981740488375	NA	NA	NA	NA	NA	NA	8981
HIP12129	TRBV9	ap01	ap01	ap01	0.45,0.55	1	179,194	142.409936247588	NA	NA	NA	NA	NA	NA	8981
HIP12129	TRBV4-3	ap01	Del	ap01	0.45,0.55	1	145,14	24.3662304441538	NA	NA	NA	NA	NA	NA	8981
HIP12129	TRBV6-56	ap01,ap02	ap01,ap02	ap01,ap02	0.45,0.55	0.77,0.23	126,139	49.2788071082055	32,48	9.37710642483044	NA	NA	NA	NA	8981
HIP12129	TRBV21-1	ap01	ap01	ap01	0.45,0.55	1	34,70	18.5639979333988	NA	NA	NA	NA	NA	NA	8981
HIP12129	TRBV7-9	ap01	ap01	ap01	0.45,0.55	1	159,144	182.313275795851	NA	NA	NA	NA	NA	NA	8981
HIP12129	TRBV30	ap01,ap03	ap01,ap03	ap01,ap03	0.45,0.55	0.88,0.12	125,144	47.3794339595729	14,23	3.60822603844589	NA	NA	NA	NA	8981
HIP12129	TRBV11-2	ap01	ap01	ap01	0.45,0.55	1	46,84	27.8564833439595	NA	NA	NA	NA	NA	NA	8981
HIP12129	TRBV2	ap01	ap01	ap01	0.45,0.55	1	128,136	102.532904040789	NA	NA	NA	NA	NA	NA	8981
HIP12129	TRBV7-8	ap01,ap03	ap01,ap03	ap01,ap03	0.45,0.55	0.67,0.33	36,29	23.4089667594901	14,18	4.84387109448945	NA	NA	NA	NA	8981
HIP12129	TRBV5-6	ap01	ap01	ap01	0.45,0.55	1	83,82	106.267746810348	NA	NA	NA	NA	NA	NA	8981
HIP12129	TRBV5-4	ap01	ap01	ap01	0.45,0.55	1	120,129	95.7406283263238	NA	NA	NA	NA	NA	NA	8981
HIP12129	TRBV4-2	ap01	ap01	ap01	0.45,0.55	1	108,79	93.270156855349	NA	NA	NA	NA	NA	NA	8981
HIP12129	TRBV20-1	ap01,ap02	ap01,ap02	ap01,ap02	0.45,0.55	0.9,0.1	146,215	43.7715641081237	16,26	4.19429518999779	NA	NA	NA	NA	8981
HIP12129	TRBV6-1	ap01	ap01	ap01	0.45,0.55	1	64,62	79.9446110344571	NA	NA	NA	NA	NA	NA	8981
HIP12129	TRBV12-2	ap01	ap01	ap01	0.45,0.55	1	6,15	2.59840690839513	NA	NA	NA	NA	NA	NA	8981
HIP12129	TRBV12-34	ap01	ap01	ap01	0.45,0.55	1	156,150	193.03705101411	NA	NA	NA	NA	NA	NA	8981
HIP12129	TRBV29-1	ap01,ap02	ap01,ap02	ap01,ap02	0.45,0.55	0.85,0.15	95,147	26.7262041482762	14,30	1.8783229599849	NA	NA	NA	NA	8981
HIP12129	TRBV10-3	ap01	ap01	ap01	0.45,0.55	1	77,95	58.3042207656092	NA	NA	NA	NA	NA	NA	8981
HIP12129	TRBV12-1	ap01	ap01	ap01	0.45,0.55	1	6,9	4.13428375605903	NA	NA	NA	NA	NA	NA	8981
HIP12129	TRBV15	ap02	ap02	ap02	0.45,0.55	1	33,50	22.6105709210193	NA	NA	NA	NA	NA	NA	8981
HIP12129	TRBV4-1	ap01	ap01	ap01	0.45,0.55	1	164,198	125.290770780258	NA	NA	NA	NA	NA	NA	8981
HIP12129	TRBV3-12	ap01	ap01	ap01	0.45,0.55	1	137,164	105.022627293023	NA	NA	NA	NA	NA	NA	8981
HIP12129	TRBV6-7	Unk	ap01	ap01	0.45,0.55	1	3,14	0.364663130771665	NA	NA	NA	NA	NA	NA	8981
HIP12129	TRBV12-5	ap01	ap01	ap01	0.45,0.55	1	17,28	11.073855288974	NA	NA	NA	NA	NA	NA	8981
HIP12129	TRBV6-23	ap01	ap01	ap01	0.45,0.55	1	207,64	36.7302181864207	NA	NA	NA	NA	NA	NA	8981
HIP12129	TRBV7-3	ap01	ap01	ap01	0.45,0.55	1	122,144	94.046969216349	NA	NA	NA	NA	NA	NA	8981
HIP12129	TRBV5-5	ap01	ap01	ap01	0.45,0.55	1	6,13	3.11036585761643	NA	NA	NA	NA	NA	NA	8981
HIP12129	TRBV7-6	ap01	ap01	ap01	0.45,0.55	1	56,45	54.9218190667012	NA	NA	NA	NA	NA	NA	8981
HIP12129	TRBV1	ap01	ap01	ap01	0.45,0.55	1	22,23	17.7188351849896	NA	NA	NA	NA	NA	NA	8981
HIP12129	TRBV10-1	ap01	ap01	ap01	0.45,0.55	1	23,69	7.01679585749218	NA	NA	NA	NA	NA	NA	8981
HIP12129	TRBV25-1	ap01	ap01	ap01	0.45,0.55	1	41,64	27.6109903132101	NA	NA	NA	NA	NA	NA	8981
HIP12129	TRBV23-1	ap01	ap01	ap01	0.45,0.55	1	10,18	6.1225345029331	NA	NA	NA	NA	NA	NA	8981
HIP12129	TRBV24-1	ap01	ap01	ap01	0.45,0.55	1	57,106	34.0281164530424	NA	NA	NA	NA	NA	NA	8981
HIP12129	TRBV5-3	ap01	ap01	ap01	0.45,0.55	1	16,16	20.7985698174493	NA	NA	NA	NA	NA	NA	8981
HIP12129	TRBV7-7	ap01_C315T	ap01	ap01,ap01_C315T	0.45,0.55	0.66,0.34	3,24	3.93991199124205	14,0	4.06720183590426	NA	NA	NA	NA	8981
HIP12129	TRBV13	ap01	ap01	ap01	0.45,0.55	1	28,38	20.3172420933847	NA	NA	NA	NA	NA	NA	8981
HIP12129	TRBV5-8	ap01	ap01	ap01	0.45,0.55	1	14,16	10.9265594705243	NA	NA	NA	NA	NA	NA	8981
HIP12129	TRBV6-9	ap01	ap01	ap01	0.45,0.55	1	4,1	0.325140101351913	NA	NA	NA	NA	NA	NA	8981
HIP12129	TRBV7-4	ap01	ap01	ap01	0.45,0.55	1	9,7	8.44952728697497	NA	NA	NA	NA	NA	NA	8981
HIP12129	TRBV5-7	Unk	ap01	ap01	0.45,0.55	1	1,5	0.206880868460771	NA	NA	NA	NA	NA	NA	8981
HIP12129	TRBV18	ap01	ap01	ap01	0.45,0.55	1	46,60	33.9999907346151	NA	NA	NA	NA	NA	NA	8981
HIP12129	TRBV6-8	ap01	ap01	ap01	0.45,0.55	1	3,3	3.89973184077175	NA	NA	NA	NA	NA	NA	8981
HIP12129	TRBV11-1	ap01	ap01	ap01	0.45,0.55	1	10,5	4.87493554755513	NA	NA	NA	NA	NA	NA	8981
HIP12129	TRBV16	ap01	ap01	ap01	0.45,0.55	1	2,3	1.37809458535301	NA	NA	NA	NA	NA	NA	8981
HIP12129	TRBV17	Unk	Unk	NA	NA	NA	NA	NA	NA	NA	NA	NA	NA	NA	8981
HIP12129	TRBV26	Unk	Unk	NA	NA	NA	NA	NA	NA	NA	NA	NA	NA	NA	8981
HIP12129	TRBV7-1	Unk	Unk	NA	NA	NA	NA	NA	NA	NA	NA	NA	NA	NA	8981
