subject	gene	TRBD2_01	TRBD2_02	alleles	proirs_row	proirs_col	counts1	k1	counts2	k2	counts3	k3	counts4	k4	TOTAL
Keck0076_MC1	TRBV3-12	ap01	ap01	ap01	0.45,0.55	1	508,542	40.6444211491834	NA	NA	NA	NA	NA	NA	24015
Keck0076_MC1	TRBV4-1	ap01	ap01	ap01	0.45,0.55	1	419,471	32.9037257497704	NA	NA	NA	NA	NA	NA	24015
Keck0076_MC1	TRBV6-4	ap01	ap01	ap01	0.45,0.55	1	193,198	156.465540986104	NA	NA	NA	NA	NA	NA	24015
Keck0076_MC1	TRBV9	ap01	ap01	ap01	0.45,0.55	1	556,532	68.4026392867058	NA	NA	NA	NA	NA	NA	24015
Keck0076_MC1	TRBV30	ap01	ap01	ap01	0.45,0.55	1	347,438	260.092094316555	NA	NA	NA	NA	NA	NA	24015
Keck0076_MC1	TRBV7-7	ap01_C315T	ap01	ap01,ap01_C315T	0.45,0.55	0.56,0.44	9,42	4.49331737923464	39,1	10.0595090164023	NA	NA	NA	NA	24015
Keck0076_MC1	TRBV12-34	ap01	ap01	ap01	0.45,0.55	1	442,367	45.307014699261	NA	NA	NA	NA	NA	NA	24015
Keck0076_MC1	TRBV27	ap01	ap01	ap01	0.45,0.55	1	618,952	41.8728698329837	NA	NA	NA	NA	NA	NA	24015
Keck0076_MC1	TRBV29-1	ap01,ap02	ap01,ap02	ap01,ap02	0.45,0.55	0.84,0.16	125,281	13.1127034125871	39,39	34.2174524371138	NA	NA	NA	NA	24015
Keck0076_MC1	TRBV25-1	ap01	ap01	ap01	0.45,0.55	1	72,153	37.8930894959106	NA	NA	NA	NA	NA	NA	24015
Keck0076_MC1	TRBV24-1	ap01	ap01	ap01	0.45,0.55	1	167,270	109.853788864415	NA	NA	NA	NA	NA	NA	24015
Keck0076_MC1	TRBV5-1	ap01	ap01	ap01	0.45,0.55	1	886,1057	67.9972600010115	NA	NA	NA	NA	NA	NA	24015
Keck0076_MC1	TRBV20-1	ap01,ap02	ap01,ap02	ap01,ap02	0.45,0.55	0.89,0.11	429,663	120.287551551037	54,84	15.0048412313026	NA	NA	NA	NA	24015
Keck0076_MC1	TRBV2	ap01	ap01	ap01	0.45,0.55	1	503,479	61.5111569611174	NA	NA	NA	NA	NA	NA	24015
Keck0076_MC1	TRBV6-1	ap01	ap01	ap01	0.45,0.55	1	226,240	181.111036775041	NA	NA	NA	NA	NA	NA	24015
Keck0076_MC1	TRBV4-2	ap01	ap01	ap01	0.45,0.55	1	230,216	276.35567897487	NA	NA	NA	NA	NA	NA	24015
Keck0076_MC1	TRBV28	ap01	ap01	ap01	0.45,0.55	1	647,959	44.8126355418935	NA	NA	NA	NA	NA	NA	24015
Keck0076_MC1	TRBV1	ap01	ap01	ap01	0.45,0.55	1	51,69	37.0299000709056	NA	NA	NA	NA	NA	NA	24015
Keck0076_MC1	TRBV5-8	ap01	ap01	ap01	0.45,0.55	1	50,50	65.0139842036645	NA	NA	NA	NA	NA	NA	24015
Keck0076_MC1	TRBV6-56	ap01,ap02	ap01,ap02	ap01,ap02	0.45,0.55	0.72,0.28	309,353	117.750911984418	142,111	88.4659426136066	NA	NA	NA	NA	24015
Keck0076_MC1	TRBV5-6	ap01	ap01	ap01	0.45,0.55	1	167,206	126.414894829875	NA	NA	NA	NA	NA	NA	24015
Keck0076_MC1	TRBV5-7	ap01	ap01	ap01	0.45,0.55	1	4,12	1.19948615617557	NA	NA	NA	NA	NA	NA	24015
Keck0076_MC1	TRBV7-9	ap01	ap01	ap01	0.45,0.55	1	373,428	290.660275034205	NA	NA	NA	NA	NA	NA	24015
Keck0076_MC1	TRBV6-23	ap01	ap01	ap01	0.45,0.55	1	144,222	97.5226305714883	NA	NA	NA	NA	NA	NA	24015
Keck0076_MC1	TRBV11-3	ap01	ap01	ap01	0.45,0.55	1	194,142	167.907850508554	NA	NA	NA	NA	NA	NA	24015
Keck0076_MC1	TRBV6-8	ap01	ap01	ap01	0.45,0.55	1	8,11	5.76294696158533	NA	NA	NA	NA	NA	NA	24015
Keck0076_MC1	TRBV11-2	ap01	ap01	ap01	0.45,0.55	1	267,332	201.42755557786	NA	NA	NA	NA	NA	NA	24015
Keck0076_MC1	TRBV13	ap01	ap01	ap01	0.45,0.55	1	141,116	142.788277665072	NA	NA	NA	NA	NA	NA	24015
Keck0076_MC1	TRBV7-2	ap01	ap01	ap01	0.45,0.55	1	378,234	257.931051713556	NA	NA	NA	NA	NA	NA	24015
Keck0076_MC1	TRBV5-4	ap01	ap01	ap01	0.45,0.55	1	309,312	251.802183201411	NA	NA	NA	NA	NA	NA	24015
Keck0076_MC1	TRBV6-7	ap01	ap01	ap01	0.45,0.55	1	14,27	8.07971075726934	NA	NA	NA	NA	NA	NA	24015
Keck0076_MC1	TRBV7-6	ap01	ap01	ap01	0.45,0.55	1	130,111	138.217479009689	NA	NA	NA	NA	NA	NA	24015
Keck0076_MC1	TRBV19	ap01	ap01	ap01	0.45,0.55	1	269,398	186.501261813329	NA	NA	NA	NA	NA	NA	24015
Keck0076_MC1	TRBV10-1	ap01	ap01	ap01	0.45,0.55	1	83,125	56.9764805487231	NA	NA	NA	NA	NA	NA	24015
Keck0076_MC1	TRBV7-3	ap01	ap01	ap01	0.45,0.55	1	297,358	226.984807714638	NA	NA	NA	NA	NA	NA	24015
Keck0076_MC1	TRBV7-8	ap01,ap03	ap01,ap03	ap01,ap03	0.45,0.55	0.69,0.31	105,93	78.1417120538721	47,42	35.4105010588728	NA	NA	NA	NA	24015
Keck0076_MC1	TRBV10-3	ap01	ap01	ap01	0.45,0.55	1	166,168	135.171878115693	NA	NA	NA	NA	NA	NA	24015
Keck0076_MC1	TRBV15	ap02	ap02	ap02	0.45,0.55	1	75,121	49.4021626221655	NA	NA	NA	NA	NA	NA	24015
Keck0076_MC1	TRBV18	ap01	ap01	ap01	0.45,0.55	1	122,235	70.4828415364072	NA	NA	NA	NA	NA	NA	24015
Keck0076_MC1	TRBV21-1	ap01	ap01	ap01	0.45,0.55	1	86,202	40.2799200775528	NA	NA	NA	NA	NA	NA	24015
Keck0076_MC1	TRBV12-5	ap01	ap01	ap01	0.45,0.55	1	73,66	83.566092756357	NA	NA	NA	NA	NA	NA	24015
Keck0076_MC1	TRBV14	ap01	ap01	ap01	0.45,0.55	1	86,140	56.3234914815928	NA	NA	NA	NA	NA	NA	24015
Keck0076_MC1	TRBV10-2	ap01	ap01	ap01	0.45,0.55	1	88,91	71.1554349987483	NA	NA	NA	NA	NA	NA	24015
Keck0076_MC1	TRBV5-3	ap01	ap01	ap01	0.45,0.55	1	42,43	34.0722889388002	NA	NA	NA	NA	NA	NA	24015
Keck0076_MC1	TRBV6-9	ap01	ap01	ap01	0.45,0.55	1	6,6	7.80167810443975	NA	NA	NA	NA	NA	NA	24015
Keck0076_MC1	TRBV12-2	ap01	ap01	ap01	0.45,0.55	1	36,61	22.9574375989653	NA	NA	NA	NA	NA	NA	24015
Keck0076_MC1	TRBV23-1	ap01	ap01	ap01	0.45,0.55	1	34,70	18.4761853102227	NA	NA	NA	NA	NA	NA	24015
Keck0076_MC1	TRBV11-1	ap01	ap01	ap01	0.45,0.55	1	37,41	29.2089565943466	NA	NA	NA	NA	NA	NA	24015
Keck0076_MC1	TRBV16	ap01	ap01	ap01	0.45,0.55	1	5,7	3.56949594090204	NA	NA	NA	NA	NA	NA	24015
Keck0076_MC1	TRBV5-5	ap01	ap01	ap01	0.45,0.55	1	36,42	27.8740159324614	NA	NA	NA	NA	NA	NA	24015
Keck0076_MC1	TRBV7-4	ap01	ap01	ap01	0.45,0.55	1	14,26	8.33847803797966	NA	NA	NA	NA	NA	NA	24015
Keck0076_MC1	TRBV7-1	ap01_G291C_T296C	ap01_G291C_T296C	ap01_G291C_T296C	0.45,0.55	1	6,9	4.12813476065626	NA	NA	NA	NA	NA	NA	24015
Keck0076_MC1	TRBV12-1	ap01	ap01	ap01	0.45,0.55	1	21,27	15.6129244254934	NA	NA	NA	NA	NA	NA	24015
Keck0076_MC1	TRBV17	Unk	Unk	NA	NA	NA	NA	NA	NA	NA	NA	NA	NA	NA	24015
Keck0076_MC1	TRBV26	Unk	Unk	NA	NA	NA	NA	NA	NA	NA	NA	NA	NA	NA	24015
Keck0076_MC1	TRBV4-3	Del	Del	Del	NA	NA	NA	1000	NA	NA	NA	NA	NA	NA	24015
