subject	gene	TRBD2_01	TRBD2_02	alleles	proirs_row	proirs_col	counts1	k1	counts2	k2	counts3	k3	counts4	k4	TOTAL
HIP05832	TRBV5-1	ap01	ap01	ap01	0.48,0.52	1	246,312	183.050666522633	NA	NA	NA	NA	NA	NA	9369
HIP05832	TRBV6-56	ap01,ap02	ap01,ap02	ap01,ap02	0.48,0.52	0.77,0.23	90,88	76.6143417467557	30,22	17.1318883604441	NA	NA	NA	NA	9369
HIP05832	TRBV28	Del	ap01	ap01	0.48,0.52	1	60,302	18.2829986305578	NA	NA	NA	NA	NA	NA	9369
HIP05832	TRBV10-2	ap01	ap01	ap01	0.48,0.52	1	28,37	20.4205783296688	NA	NA	NA	NA	NA	NA	9369
HIP05832	TRBV4-3	ap01	ap01	ap01	0.48,0.52	1	121,25	3.69268914511048	NA	NA	NA	NA	NA	NA	9369
HIP05832	TRBV12-34	ap01	ap01	ap01	0.48,0.52	1	207,138	158.901212370398	NA	NA	NA	NA	NA	NA	9369
HIP05832	TRBV21-1	ap01	ap01	ap01	0.48,0.52	1	79,138	48.2532821533396	NA	NA	NA	NA	NA	NA	9369
HIP05832	TRBV6-23	ap01	ap01	ap01	0.48,0.52	1	217,83	67.7725397608119	NA	NA	NA	NA	NA	NA	9369
HIP05832	TRBV5-4	ap01	ap01	ap01	0.48,0.52	1	115,116	93.8887812437259	NA	NA	NA	NA	NA	NA	9369
HIP05832	TRBV30	ap01	ap01	ap01	0.48,0.52	1	125,111	140.283594893281	NA	NA	NA	NA	NA	NA	9369
HIP05832	TRBV7-9	ap01	ap01	ap01	0.48,0.52	1	204,197	254.335193122351	NA	NA	NA	NA	NA	NA	9369
HIP05832	TRBV10-1	ap01	ap01	ap01	0.48,0.52	1	43,78	25.4604723249372	NA	NA	NA	NA	NA	NA	9369
HIP05832	TRBV27	ap01	ap01	ap01	0.48,0.52	1	190,357	109.059753495294	NA	NA	NA	NA	NA	NA	9369
HIP05832	TRBV12-1	ap01	ap01	ap01	0.48,0.52	1	9,5	5.30650415289328	NA	NA	NA	NA	NA	NA	9369
HIP05832	TRBV6-8	ap01	ap01	ap01	0.48,0.52	1	3,2	2.30291612131012	NA	NA	NA	NA	NA	NA	9369
HIP05832	TRBV19	ap01	ap01	ap01	0.48,0.52	1	168,201	128.373426984131	NA	NA	NA	NA	NA	NA	9369
HIP05832	TRBV7-2	ap01	ap01	ap01	0.48,0.52	1	275,104	83.989270377819	NA	NA	NA	NA	NA	NA	9369
HIP05832	TRBV4-2	ap01	ap01	ap01	0.48,0.52	1	95,69	82.005061037364	NA	NA	NA	NA	NA	NA	9369
HIP05832	TRBV2	ap01	ap01	ap01	0.48,0.52	1	127,146	98.700690707423	NA	NA	NA	NA	NA	NA	9369
HIP05832	TRBV10-3	ap01	ap01	ap01	0.48,0.52	1	90,84	107.541344704194	NA	NA	NA	NA	NA	NA	9369
HIP05832	TRBV5-5	ap01	ap01	ap01	0.48,0.52	1	41,47	31.9012913266574	NA	NA	NA	NA	NA	NA	9369
HIP05832	TRBV7-7	ap01_C315T	ap01	ap01,ap01_C315T	0.48,0.52	0.67,0.33	1,25	6.03206368019773	13,0	3.50427493215772	NA	NA	NA	NA	9369
HIP05832	TRBV7-3	ap01	ap01	ap01	0.48,0.52	1	160,171	127.951181154103	NA	NA	NA	NA	NA	NA	9369
HIP05832	TRBV3-12	ap01	ap01	ap01	0.48,0.52	1	215,207	267.05187012992	NA	NA	NA	NA	NA	NA	9369
HIP05832	TRBV4-1	ap01	ap01	ap01	0.48,0.52	1	70,103	48.1264673211132	NA	NA	NA	NA	NA	NA	9369
HIP05832	TRBV7-6	ap01	ap01	ap01	0.48,0.52	1	65,56	70.1916093015224	NA	NA	NA	NA	NA	NA	9369
HIP05832	TRBV6-1	ap01	ap01	ap01	0.48,0.52	1	50,45	57.0747844839347	NA	NA	NA	NA	NA	NA	9369
HIP05832	TRBV24-1	ap01	ap01	ap01	0.48,0.52	1	95,119	71.1047549316477	NA	NA	NA	NA	NA	NA	9369
HIP05832	TRBV13	ap01	ap01	ap01	0.48,0.52	1	45,43	55.3729165631339	NA	NA	NA	NA	NA	NA	9369
HIP05832	TRBV20-1	ap01,ap02	ap01,ap02	ap01,ap02	0.48,0.52	0.89,0.11	184,249	59.0828575347637	28,23	18.817311065568	NA	NA	NA	NA	9369
HIP05832	TRBV5-3	ap01	ap01	ap01	0.48,0.52	1	16,25	10.594420003585	NA	NA	NA	NA	NA	NA	9369
HIP05832	TRBV9	ap01	ap01	ap01	0.48,0.52	1	214,197	251.329952119804	NA	NA	NA	NA	NA	NA	9369
HIP05832	TRBV11-2	ap01	ap01	ap01	0.48,0.52	1	98,144	67.4327681258071	NA	NA	NA	NA	NA	NA	9369
HIP05832	TRBV5-6	ap01	ap01	ap01	0.48,0.52	1	65,63	81.407318778782	NA	NA	NA	NA	NA	NA	9369
HIP05832	TRBV7-8	ap01,ap03	ap01,ap03	ap01,ap03	0.48,0.52	0.55,0.45	34,36	13.6071035008554	22,36	5.39090870957526	NA	NA	NA	NA	9369
HIP05832	TRBV25-1	ap01	ap01	ap01	0.48,0.52	1	24,33	17.1451922209742	NA	NA	NA	NA	NA	NA	9369
HIP05832	TRBV29-1	ap01,ap02	ap01,ap02	ap01,ap02	0.48,0.52	0.87,0.13	66,72	25.8448412031641	11,9	7.35157565130201	NA	NA	NA	NA	9369
HIP05832	TRBV6-4	ap01	ap01	ap01	0.48,0.52	1	62,73	47.7042214910855	NA	NA	NA	NA	NA	NA	9369
HIP05832	TRBV6-9	ap01	ap01	ap01	0.48,0.52	1	6,3	3.00358803158316	NA	NA	NA	NA	NA	NA	9369
HIP05832	TRBV5-8	ap01	ap01	ap01	0.48,0.52	1	17,23	12.2489746744898	NA	NA	NA	NA	NA	NA	9369
HIP05832	TRBV15	ap02	ap02	ap02	0.48,0.52	1	67,60	75.9995379451614	NA	NA	NA	NA	NA	NA	9369
HIP05832	TRBV18	ap01	ap01	ap01	0.48,0.52	1	92,131	64.4696746314712	NA	NA	NA	NA	NA	NA	9369
HIP05832	TRBV1	ap01	ap01	ap01	0.48,0.52	1	17,24	11.9704052932461	NA	NA	NA	NA	NA	NA	9369
HIP05832	TRBV12-2	ap01	ap01	ap01	0.48,0.52	1	7,22	1.55338497155996	NA	NA	NA	NA	NA	NA	9369
HIP05832	TRBV16	ap01	ap01	ap01	0.48,0.52	1	4,6	2.71824734620719	NA	NA	NA	NA	NA	NA	9369
HIP05832	TRBV7-4	ap01	ap01	ap01	0.48,0.52	1	10,11	7.90989589049279	NA	NA	NA	NA	NA	NA	9369
HIP05832	TRBV23-1	ap01	ap01	ap01	0.48,0.52	1	25,23	29.3385143474859	NA	NA	NA	NA	NA	NA	9369
HIP05832	TRBV14	ap01	ap01	ap01	0.48,0.52	1	56,74	40.8411566593376	NA	NA	NA	NA	NA	NA	9369
HIP05832	TRBV12-5	ap01	ap01	ap01	0.48,0.52	1	30,34	23.4511182902346	NA	NA	NA	NA	NA	NA	9369
HIP05832	TRBV6-7	ap01	ap01	ap01	0.48,0.52	1	5,8	3.25852449213713	NA	NA	NA	NA	NA	NA	9369
HIP05832	TRBV11-3	ap01	ap01	ap01	0.48,0.52	1	32,36	25.0888113445819	NA	NA	NA	NA	NA	NA	9369
HIP05832	TRBV11-1	ap01	ap01	ap01	0.48,0.52	1	22,20	25.4333540151387	NA	NA	NA	NA	NA	NA	9369
HIP05832	TRBV5-7	ap01	ap01	ap01	0.48,0.52	1	2,4	1.08055429185989	NA	NA	NA	NA	NA	NA	9369
HIP05832	TRBV7-1	ap01_G291C_T296C	ap01_G291C_T296C_C314T	ap01_G291C_T296C,ap01_G291C_T296C_C314T	0.48,0.52	0.33,0.67	2,0	0.539119220331958	0,4	1.07467945271537	NA	NA	NA	NA	9369
HIP05832	TRBV17	Unk	Unk	NA	NA	NA	NA	NA	NA	NA	NA	NA	NA	NA	9369
HIP05832	TRBV26	Unk	Unk	NA	NA	NA	NA	NA	NA	NA	NA	NA	NA	NA	9369
