subject	gene	TRBD2_01	TRBD2_02	alleles	proirs_row	proirs_col	counts1	k1	counts2	k2	counts3	k3	counts4	k4	TOTAL
HIP14240	TRBV4-3	ap01	ap01	ap01	0.49,0.51	1	322,271	33.7773587571398	NA	NA	NA	NA	NA	NA	22060
HIP14240	TRBV7-9	ap01	ap01	ap01	0.49,0.51	1	330,349	264.826209966163	NA	NA	NA	NA	NA	NA	22060
HIP14240	TRBV30	ap02	ap01,ap03	ap01,ap02,ap03	0.49,0.51	0.571,0.363,0.066	31,177	27.2087524184556	131,1	33.4633802681931	6,18	0.801985164429619	NA	NA	22060
HIP14240	TRBV25-1	ap01	ap01	ap01	0.49,0.51	1	78,89	60.7416104575346	NA	NA	NA	NA	NA	NA	22060
HIP14240	TRBV10-3	ap01	ap01	ap01	0.49,0.51	1	236,244	190.982195702784	NA	NA	NA	NA	NA	NA	22060
HIP14240	TRBV6-4	ap01	ap01	ap01	0.49,0.51	1	152,166	120.485880397032	NA	NA	NA	NA	NA	NA	22060
HIP14240	TRBV24-1	ap01	ap01	ap01	0.49,0.51	1	199,248	149.006802180471	NA	NA	NA	NA	NA	NA	22060
HIP14240	TRBV6-23	ap01	ap01	ap01	0.49,0.51	1	526,487	62.2487819609336	NA	NA	NA	NA	NA	NA	22060
HIP14240	TRBV5-4	ap01	ap01	ap01	0.49,0.51	1	353,283	34.780398631314	NA	NA	NA	NA	NA	NA	22060
HIP14240	TRBV5-5	ap01	ap01	ap01	0.49,0.51	1	64,63	81.7174935362358	NA	NA	NA	NA	NA	NA	22060
HIP14240	TRBV4-2	ap01	ap01	ap01	0.49,0.51	1	335,250	300.431591955065	NA	NA	NA	NA	NA	NA	22060
HIP14240	TRBV20-1	ap01,ap02	ap01,ap02	ap01,ap02	0.49,0.51	0.88,0.12	416,466	159.121373820362	59,64	23.1419476861166	NA	NA	NA	NA	22060
HIP14240	TRBV6-56	ap01,ap02	ap01,ap02	ap01,ap02	0.49,0.51	0.68,0.32	247,248	102.355480544104	116,114	99.3627364676343	NA	NA	NA	NA	22060
HIP14240	TRBV12-34	ap01	ap01	ap01	0.49,0.51	1	339,389	263.368052927433	NA	NA	NA	NA	NA	NA	22060
HIP14240	TRBV6-1	ap01	ap01	ap01	0.49,0.51	1	110,117	88.0855482859357	NA	NA	NA	NA	NA	NA	22060
HIP14240	TRBV5-8	ap01	ap01	ap01	0.49,0.51	1	43,59	30.6561893613596	NA	NA	NA	NA	NA	NA	22060
HIP14240	TRBV9	ap01	ap01	ap01	0.49,0.51	1	468,493	37.6125747466505	NA	NA	NA	NA	NA	NA	22060
HIP14240	TRBV3-12	ap01	ap01	ap01	0.49,0.51	1	562,495	62.4662808115523	NA	NA	NA	NA	NA	NA	22060
HIP14240	TRBV23-1	ap01	ap01	ap01	0.49,0.51	1	38,61	24.5682102927872	NA	NA	NA	NA	NA	NA	22060
HIP14240	TRBV28	ap01	ap01	ap01	0.49,0.51	1	572,696	43.3097899340874	NA	NA	NA	NA	NA	NA	22060
HIP14240	TRBV4-1	ap01	ap01	ap01	0.49,0.51	1	247,247	321.538171881527	NA	NA	NA	NA	NA	NA	22060
HIP14240	TRBV7-7	ap01	ap01_C315T	ap01,ap01_C315T	0.49,0.51	0.43,0.57	44,1	10.4822516696897	7,52	9.44779262599306	NA	NA	NA	NA	22060
HIP14240	TRBV2	ap01	ap01	ap01	0.49,0.51	1	386,374	48.3332322631746	NA	NA	NA	NA	NA	NA	22060
HIP14240	TRBV7-6	ap01	ap01	ap01	0.49,0.51	1	114,115	93.0698445624648	NA	NA	NA	NA	NA	NA	22060
HIP14240	TRBV7-3	ap02	ap01	ap01,ap02	0.49,0.51	0.8,0.2	60,293	39.0479867806374	87,3	19.5599643546708	NA	NA	NA	NA	22060
HIP14240	TRBV7-8	ap01,ap03	ap01,ap03	ap01,ap03	0.49,0.51	0.53,0.47	66,74	25.2267362612415	60,66	23.2828687587383	NA	NA	NA	NA	22060
HIP14240	TRBV11-2	ap01	ap01	ap01	0.49,0.51	1	262,232	293.183810083115	NA	NA	NA	NA	NA	NA	22060
HIP14240	TRBV7-2	ap01	ap01	ap01	0.49,0.51	1	648,580	73.5019325724188	NA	NA	NA	NA	NA	NA	22060
HIP14240	TRBV10-1	ap01	ap01	ap01	0.49,0.51	1	135,110	135.838689946425	NA	NA	NA	NA	NA	NA	22060
HIP14240	TRBV19	ap01	ap01	ap01	0.49,0.51	1	381,428	298.616210580309	NA	NA	NA	NA	NA	NA	22060
HIP14240	TRBV11-3	ap01	ap01	ap01	0.49,0.51	1	128,160	95.7061887130612	NA	NA	NA	NA	NA	NA	22060
HIP14240	TRBV1	ap01	ap01	ap01	0.49,0.51	1	51,58	39.7704342518837	NA	NA	NA	NA	NA	NA	22060
HIP14240	TRBV15	ap02	ap02	ap02	0.49,0.51	1	120,131	95.1354204478767	NA	NA	NA	NA	NA	NA	22060
HIP14240	TRBV29-1	ap01,ap02	ap01,ap02	ap01,ap02	0.49,0.51	0.85,0.15	172,213	60.2090944277496	31,38	10.958599651911	NA	NA	NA	NA	22060
HIP14240	TRBV21-1	ap01	ap01	ap01	0.49,0.51	1	144,206	100.265115893566	NA	NA	NA	NA	NA	NA	22060
HIP14240	TRBV12-1	ap01	ap01	ap01	0.49,0.51	1	19,19	24.7337026080068	NA	NA	NA	NA	NA	NA	22060
HIP14240	TRBV13	ap01	ap01	ap01	0.49,0.51	1	98,94	121.189710352045	NA	NA	NA	NA	NA	NA	22060
HIP14240	TRBV5-1	ap01	ap01	ap01	0.49,0.51	1	643,714	50.6333291600743	NA	NA	NA	NA	NA	NA	22060
HIP14240	TRBV5-6	ap01	ap01	ap01	0.49,0.51	1	175,38	9.15416653787304	NA	NA	NA	NA	NA	NA	22060
HIP14240	TRBV27	ap01	ap01	ap01	0.49,0.51	1	407,538	295.985882213856	NA	NA	NA	NA	NA	NA	22060
HIP14240	TRBV18	ap01	ap01	ap01	0.49,0.51	1	165,225	118.031585997093	NA	NA	NA	NA	NA	NA	22060
HIP14240	TRBV14	ap01	ap01	ap01	0.49,0.51	1	97,131	69.7507162308813	NA	NA	NA	NA	NA	NA	22060
HIP14240	TRBV11-1	ap01	ap01	ap01	0.49,0.51	1	16,36	7.40675272228486	NA	NA	NA	NA	NA	NA	22060
HIP14240	TRBV7-1	ap01_G291C_T296C	ap01_G291C_T296C	ap01_G291C_T296C	0.49,0.51	1	4,8	2.1364707347492	NA	NA	NA	NA	NA	NA	22060
HIP14240	TRBV12-2	ap01	ap01	ap01	0.49,0.51	1	30,39	22.0039641483567	NA	NA	NA	NA	NA	NA	22060
HIP14240	TRBV10-2	ap01	ap01	ap01	0.49,0.51	1	63,29	27.7466954573693	NA	NA	NA	NA	NA	NA	22060
HIP14240	TRBV12-5	ap01	ap01	ap01	0.49,0.51	1	66,81	49.7756773864392	NA	NA	NA	NA	NA	NA	22060
HIP14240	TRBV5-3	ap01	ap01	ap01	0.49,0.51	1	34,55	21.862174449682	NA	NA	NA	NA	NA	NA	22060
HIP14240	TRBV7-4	ap01	ap01	ap01	0.49,0.51	1	13,25	7.22831244211289	NA	NA	NA	NA	NA	NA	22060
HIP14240	TRBV6-9	ap01	ap01	ap01	0.49,0.51	1	7,8	5.44751911087903	NA	NA	NA	NA	NA	NA	22060
HIP14240	TRBV6-8	ap01	ap01	ap01	0.49,0.51	1	7,15	3.45404123163312	NA	NA	NA	NA	NA	NA	22060
HIP14240	TRBV6-7	ap01	ap01	ap01	0.49,0.51	1	21,15	17.761064022338	NA	NA	NA	NA	NA	NA	22060
HIP14240	TRBV5-7	ap01	ap01	ap01	0.49,0.51	1	8,7	8.81815953368953	NA	NA	NA	NA	NA	NA	22060
HIP14240	TRBV16	ap01	ap01	ap01	0.49,0.51	1	2,3	1.35301792155259	NA	NA	NA	NA	NA	NA	22060
HIP14240	TRBV17	Unk	Unk	NA	NA	NA	NA	NA	NA	NA	NA	NA	NA	NA	22060
HIP14240	TRBV26	Unk	Unk	NA	NA	NA	NA	NA	NA	NA	NA	NA	NA	NA	22060
