subject	gene	TRBD2_01	TRBD2_02	alleles	proirs_row	proirs_col	counts1	k1	counts2	k2	counts3	k3	counts4	k4	TOTAL
HIP01867	TRBV11-2	ap01	ap01	ap01	0.45,0.55	1	102,161	68.2530520350951	NA	NA	NA	NA	NA	NA	15496
HIP01867	TRBV9	ap01	ap01	ap01	0.45,0.55	1	426,286	32.6204037675955	NA	NA	NA	NA	NA	NA	15496
HIP01867	TRBV29-1	ap01	ap01,ap02	ap01,ap02	0.45,0.55	0.85,0.15	166,265	44.7265245045588	20,56	0.550912038105323	NA	NA	NA	NA	15496
HIP01867	TRBV13	ap01	ap01	ap01	0.45,0.55	1	62,71	48.3525774767018	NA	NA	NA	NA	NA	NA	15496
HIP01867	TRBV28	ap01	ap01	ap01	0.45,0.55	1	273,67	20.0606817150662	NA	NA	NA	NA	NA	NA	15496
HIP01867	TRBV27	ap01	ap01	ap01	0.45,0.55	1	249,329	182.982018972176	NA	NA	NA	NA	NA	NA	15496
HIP01867	TRBV12-34	ap01	ap01	ap01	0.45,0.55	1	235,427	142.919976562879	NA	NA	NA	NA	NA	NA	15496
HIP01867	TRBV19	ap01	ap01	ap01	0.45,0.55	1	294,483	191.888506707079	NA	NA	NA	NA	NA	NA	15496
HIP01867	TRBV5-6	ap01	ap01	ap01	0.45,0.55	1	117,190	76.9297080832249	NA	NA	NA	NA	NA	NA	15496
HIP01867	TRBV5-4	ap01	ap01	ap01	0.45,0.55	1	111,167	76.3725930769305	NA	NA	NA	NA	NA	NA	15496
HIP01867	TRBV30	ap01	ap01	ap01	0.45,0.55	1	337,513	230.341103683221	NA	NA	NA	NA	NA	NA	15496
HIP01867	TRBV20-1	ap01,ap02	ap01,ap02	ap01,ap02	0.45,0.55	0.85,0.15	471,619	159.696223082694	81,104	28.0687501639832	NA	NA	NA	NA	15496
HIP01867	TRBV12-2	ap01	ap01	ap01	0.45,0.55	1	8,21	3.21337190826879	NA	NA	NA	NA	NA	NA	15496
HIP01867	TRBV11-3	ap01	ap01	ap01	0.45,0.55	1	50,66	36.7597997508447	NA	NA	NA	NA	NA	NA	15496
HIP01867	TRBV7-7	ap01_C315T	ap01	ap01,ap01_C315T	0.45,0.55	0.64,0.36	10,39	2.98962037655598	27,1	6.68633647017429	NA	NA	NA	NA	15496
HIP01867	TRBV7-6	ap01	ap01	ap01	0.45,0.55	1	95,136	67.1345315812234	NA	NA	NA	NA	NA	NA	15496
HIP01867	TRBV7-3	ap01	ap03	ap01,ap03	0.45,0.55	0.72,0.28	158,5	40.1226103096867	9,55	7.6008284038382	NA	NA	NA	NA	15496
HIP01867	TRBV7-9	ap01	ap01	ap01	0.45,0.55	1	227,336	157.596808067507	NA	NA	NA	NA	NA	NA	15496
HIP01867	TRBV2	ap01	ap01	ap01	0.45,0.55	1	125,173	89.8549047013522	NA	NA	NA	NA	NA	NA	15496
HIP01867	TRBV7-8	ap01,ap03	ap01,ap03	ap01,ap03	0.45,0.55	0.68,0.32	45,55	16.2791451308753	22,24	8.67150401645912	NA	NA	NA	NA	15496
HIP01867	TRBV7-2	ap01	ap01	ap01	0.45,0.55	1	269,154	162.758040713228	NA	NA	NA	NA	NA	NA	15496
HIP01867	TRBV25-1	ap01	ap01	ap01	0.45,0.55	1	62,105	39.6630501047232	NA	NA	NA	NA	NA	NA	15496
HIP01867	TRBV4-2	ap01	ap01	ap01	0.45,0.55	1	240,195	238.829041155961	NA	NA	NA	NA	NA	NA	15496
HIP01867	TRBV4-3	ap01	Del	ap01	0.45,0.55	1	274,17	61.5266670676302	NA	NA	NA	NA	NA	NA	15496
HIP01867	TRBV5-1	ap01	ap01	ap01	0.45,0.55	1	487,780	32.2985873857328	NA	NA	NA	NA	NA	NA	15496
HIP01867	TRBV4-1	ap01	ap01	ap01	0.45,0.55	1	90,163	54.8712539679483	NA	NA	NA	NA	NA	NA	15496
HIP01867	TRBV23-1	ap01	ap01	ap01	0.45,0.55	1	18,31	11.3831697287416	NA	NA	NA	NA	NA	NA	15496
HIP01867	TRBV1	ap01	ap01	ap01	0.45,0.55	1	23,38	14.9569199700381	NA	NA	NA	NA	NA	NA	15496
HIP01867	TRBV12-5	ap01	ap01	ap01	0.45,0.55	1	23,50	11.8900279563986	NA	NA	NA	NA	NA	NA	15496
HIP01867	TRBV21-1	ap01	ap01	ap01	0.45,0.55	1	17,33	9.79946694328444	NA	NA	NA	NA	NA	NA	15496
HIP01867	TRBV18	ap01	ap01	ap01	0.45,0.55	1	184,272	127.833738463343	NA	NA	NA	NA	NA	NA	15496
HIP01867	TRBV24-1	ap01	ap01	ap01	0.45,0.55	1	118,147	88.9919585819504	NA	NA	NA	NA	NA	NA	15496
HIP01867	TRBV14	ap01	ap01	ap01	0.45,0.55	1	65,126	37.5136514304058	NA	NA	NA	NA	NA	NA	15496
HIP01867	TRBV6-7	ap01	ap01	ap01	0.45,0.55	1	9,14	6.07494636607574	NA	NA	NA	NA	NA	NA	15496
HIP01867	TRBV15	ap02	ap02	ap02	0.45,0.55	1	90,119	66.1165246846266	NA	NA	NA	NA	NA	NA	15496
HIP01867	TRBV6-23	ap01	ap01	ap01	0.45,0.55	1	282,151	153.652306341783	NA	NA	NA	NA	NA	NA	15496
HIP01867	TRBV6-56	ap01,ap02	ap01,ap02	ap01,ap02	0.45,0.55	0.77,0.23	259,378	78.5345859179135	79,110	25.2616316816993	NA	NA	NA	NA	15496
HIP01867	TRBV6-1	ap01	ap01	ap01	0.45,0.55	1	126,179	89.3940128110497	NA	NA	NA	NA	NA	NA	15496
HIP01867	TRBV11-1	ap01	ap01	ap01	0.45,0.55	1	21,19	24.0464421631551	NA	NA	NA	NA	NA	NA	15496
HIP01867	TRBV10-1	ap01	ap01	ap01	0.45,0.55	1	39,99	16.5277514316464	NA	NA	NA	NA	NA	NA	15496
HIP01867	TRBV5-3	ap01	ap01	ap01	0.45,0.55	1	19,20	15.2670415244284	NA	NA	NA	NA	NA	NA	15496
HIP01867	TRBV5-5	ap01	ap01	ap01	0.45,0.55	1	27,45	17.4581160948173	NA	NA	NA	NA	NA	NA	15496
HIP01867	TRBV6-9	ap01	ap01	ap01	0.45,0.55	1	4,5	3.01234479371917	NA	NA	NA	NA	NA	NA	15496
HIP01867	TRBV5-7	ap01	Unk	ap01	0.45,0.55	1	3,0	0.976157676464391	NA	NA	NA	NA	NA	NA	15496
HIP01867	TRBV3-12	ap01	ap01	ap01	0.45,0.55	1	210,268	156.742442830672	NA	NA	NA	NA	NA	NA	15496
HIP01867	TRBV7-4	ap01	ap01	ap01	0.45,0.55	1	10,19	5.86962881024318	NA	NA	NA	NA	NA	NA	15496
HIP01867	TRBV10-2	ap01	ap01	ap01	0.45,0.55	1	24,59	10.6624130626862	NA	NA	NA	NA	NA	NA	15496
HIP01867	TRBV5-8	ap01	ap01	ap01	0.45,0.55	1	31,26	32.1692580462829	NA	NA	NA	NA	NA	NA	15496
HIP01867	TRBV6-4	ap01	ap01	ap01	0.45,0.55	1	72,113	48.343996594136	NA	NA	NA	NA	NA	NA	15496
HIP01867	TRBV10-3	ap01	ap01	ap01	0.45,0.55	1	79,111	56.3630240786966	NA	NA	NA	NA	NA	NA	15496
HIP01867	TRBV6-8	ap01	ap01	ap01	0.45,0.55	1	4,5	3.01234479371917	NA	NA	NA	NA	NA	NA	15496
HIP01867	TRBV12-1	ap01	ap01	ap01	0.45,0.55	1	4,7	2.50119612477925	NA	NA	NA	NA	NA	NA	15496
HIP01867	TRBV7-1	ap01_G291C_T296C	ap01_G291C_T296C	ap01_G291C_T296C	0.45,0.55	1	1,1	1.29985336565604	NA	NA	NA	NA	NA	NA	15496
HIP01867	TRBV16	ap01	ap01	ap01	0.45,0.55	1	2,3	1.3783852296246	NA	NA	NA	NA	NA	NA	15496
HIP01867	TRBV17	Unk	Unk	NA	NA	NA	NA	NA	NA	NA	NA	NA	NA	NA	15496
HIP01867	TRBV26	Unk	Unk	NA	NA	NA	NA	NA	NA	NA	NA	NA	NA	NA	15496
