subject	gene	TRBD2_01	TRBD2_02	alleles	proirs_row	proirs_col	counts1	k1	counts2	k2	counts3	k3	counts4	k4	TOTAL
HIP03502	TRBV2	ap01	ap01	ap01	0.47,0.53	1	352,353	287.812511592845	NA	NA	NA	NA	NA	NA	25989
HIP03502	TRBV5-1	ap01	ap01	ap01	0.47,0.53	1	817,723	91.1658964710885	NA	NA	NA	NA	NA	NA	25989
HIP03502	TRBV6-23	ap01	ap01	ap01	0.47,0.53	1	689,669	86.4354550418172	NA	NA	NA	NA	NA	NA	25989
HIP03502	TRBV6-4	ap01	ap01	ap01	0.47,0.53	1	174,209	132.982484763268	NA	NA	NA	NA	NA	NA	25989
HIP03502	TRBV19	ap01	ap01	ap01	0.47,0.53	1	452,569	33.8428239072049	NA	NA	NA	NA	NA	NA	25989
HIP03502	TRBV7-3	ap02	ap01	ap01,ap02	0.47,0.53	0.82,0.18	66,425	65.7535440113755	106,4	24.8479912938634	NA	NA	NA	NA	25989
HIP03502	TRBV3-12	ap01	ap01	ap01	0.47,0.53	1	602,532	67.056119633121	NA	NA	NA	NA	NA	NA	25989
HIP03502	TRBV4-3	ap01	ap01	ap01	0.47,0.53	1	489,459	58.798078221356	NA	NA	NA	NA	NA	NA	25989
HIP03502	TRBV5-6	ap01	ap01	ap01	0.47,0.53	1	207,232	162.682011578466	NA	NA	NA	NA	NA	NA	25989
HIP03502	TRBV10-3	ap01	ap01	ap01	0.47,0.53	1	285,273	35.1527415330207	NA	NA	NA	NA	NA	NA	25989
HIP03502	TRBV7-2	ap01	ap01	ap01	0.47,0.53	1	839,706	87.7433843217554	NA	NA	NA	NA	NA	NA	25989
HIP03502	TRBV30	ap01	ap01	ap01	0.47,0.53	1	127,463	13.4918161223799	NA	NA	NA	NA	NA	NA	25989
HIP03502	TRBV5-4	ap01	ap01	ap01	0.47,0.53	1	380,391	308.036233639837	NA	NA	NA	NA	NA	NA	25989
HIP03502	TRBV7-9	ap01	ap01	ap01	0.47,0.53	1	426,515	32.4686706527007	NA	NA	NA	NA	NA	NA	25989
HIP03502	TRBV6-56	ap01,ap02	ap01,ap02	ap01,ap02	0.47,0.53	0.71,0.29	352,356	145.570524008374	140,144	57.2716560378815	NA	NA	NA	NA	25989
HIP03502	TRBV4-1	ap01	ap01	ap01	0.47,0.53	1	322,284	35.7772755154193	NA	NA	NA	NA	NA	NA	25989
HIP03502	TRBV10-1	ap01	ap01	ap01	0.47,0.53	1	152,127	157.505029085772	NA	NA	NA	NA	NA	NA	25989
HIP03502	TRBV27	ap01	ap01	ap01	0.47,0.53	1	343,492	240.607145949785	NA	NA	NA	NA	NA	NA	25989
HIP03502	TRBV4-2	ap01	ap01	ap01	0.47,0.53	1	63,51	62.641590467322	NA	NA	NA	NA	NA	NA	25989
HIP03502	TRBV21-1	ap01	ap01	ap01	0.47,0.53	1	185,310	117.758229484759	NA	NA	NA	NA	NA	NA	25989
HIP03502	TRBV24-1	ap01	ap01	ap01	0.47,0.53	1	269,587	134.551953832637	NA	NA	NA	NA	NA	NA	25989
HIP03502	TRBV12-34	ap01	ap01	ap01	0.47,0.53	1	678,694	55.0577646743039	NA	NA	NA	NA	NA	NA	25989
HIP03502	TRBV11-3	ap01	ap01	ap01	0.47,0.53	1	131,247	75.9865588681862	NA	NA	NA	NA	NA	NA	25989
HIP03502	TRBV25-1	ap01	ap01	ap01	0.47,0.53	1	87,146	55.3199918637589	NA	NA	NA	NA	NA	NA	25989
HIP03502	TRBV10-2	ap01	ap01	ap01	0.47,0.53	1	105,44	38.3259506334994	NA	NA	NA	NA	NA	NA	25989
HIP03502	TRBV20-1	ap01,ap02	ap01,ap02	ap01,ap02	0.47,0.53	0.86,0.14	566,668	209.248929987871	103,100	86.8894658901108	NA	NA	NA	NA	25989
HIP03502	TRBV9	ap01	ap01	ap01	0.47,0.53	1	638,556	69.8068024315208	NA	NA	NA	NA	NA	NA	25989
HIP03502	TRBV12-1	ap01	ap01	ap01	0.47,0.53	1	36,35	45.2347231449513	NA	NA	NA	NA	NA	NA	25989
HIP03502	TRBV13	ap01	ap01	ap01	0.47,0.53	1	92,91	118.106823110364	NA	NA	NA	NA	NA	NA	25989
HIP03502	TRBV29-1	ap01,ap02	ap01,ap02	ap01,ap02	0.47,0.53	0.85,0.15	171,302	37.197663439898	32,53	7.87381597597191	NA	NA	NA	NA	25989
HIP03502	TRBV18	ap01	ap01	ap01	0.47,0.53	1	271,325	207.254086163438	NA	NA	NA	NA	NA	NA	25989
HIP03502	TRBV14	ap01	ap01	ap01	0.47,0.53	1	102,159	68.1345741192968	NA	NA	NA	NA	NA	NA	25989
HIP03502	TRBV15	ap02	ap02	ap02	0.47,0.53	1	126,143	98.5439784765384	NA	NA	NA	NA	NA	NA	25989
HIP03502	TRBV6-1	ap01	ap01	ap01	0.47,0.53	1	143,144	116.76400319616	NA	NA	NA	NA	NA	NA	25989
HIP03502	TRBV23-1	ap01	ap01	ap01	0.47,0.53	1	41,76	24.1334339653776	NA	NA	NA	NA	NA	NA	25989
HIP03502	TRBV7-6	ap01	ap01	ap01	0.47,0.53	1	161,131	161.158482416143	NA	NA	NA	NA	NA	NA	25989
HIP03502	TRBV5-3	ap01	ap01	ap01	0.47,0.53	1	53,75	37.4538288277303	NA	NA	NA	NA	NA	NA	25989
HIP03502	TRBV7-8	ap01,ap03	ap01,ap03	ap01,ap03	0.47,0.53	0.59,0.41	84,100	30.8306753121188	72,54	42.3665220690316	NA	NA	NA	NA	25989
HIP03502	TRBV6-7	ap01	ap01	ap01	0.47,0.53	1	24,21	26.396019486735	NA	NA	NA	NA	NA	NA	25989
HIP03502	TRBV28	ap01	ap01	ap01	0.47,0.53	1	36,91	14.6576291971721	NA	NA	NA	NA	NA	NA	25989
HIP03502	TRBV11-2	ap01	ap01	ap01	0.47,0.53	1	210,193	245.87271871246	NA	NA	NA	NA	NA	NA	25989
HIP03502	TRBV12-2	ap01	ap01	ap01	0.47,0.53	1	35,54	23.5299386222059	NA	NA	NA	NA	NA	NA	25989
HIP03502	TRBV12-5	ap01	ap01	ap01	0.47,0.53	1	64,104	41.6110202308363	NA	NA	NA	NA	NA	NA	25989
HIP03502	TRBV7-4	ap01	ap01	ap01	0.47,0.53	1	18,25	12.8471431676569	NA	NA	NA	NA	NA	NA	25989
HIP03502	TRBV1	ap01	ap01	ap01	0.47,0.53	1	58,51	64.1932871344798	NA	NA	NA	NA	NA	NA	25989
HIP03502	TRBV6-8	ap01	ap01	ap01	0.47,0.53	1	11,9	11.0909088275782	NA	NA	NA	NA	NA	NA	25989
HIP03502	TRBV5-5	ap01	ap01	ap01	0.47,0.53	1	57,47	58.0571191366557	NA	NA	NA	NA	NA	NA	25989
HIP03502	TRBV7-7	ap01	ap01	ap01	0.47,0.53	1	63,79	47.2530885422676	NA	NA	NA	NA	NA	NA	25989
HIP03502	TRBV5-8	ap01	ap01	ap01	0.47,0.53	1	44,61	31.4340373831021	NA	NA	NA	NA	NA	NA	25989
HIP03502	TRBV6-9	ap01	ap01	ap01	0.47,0.53	1	3,3	3.9038624981471	NA	NA	NA	NA	NA	NA	25989
HIP03502	TRBV5-7	ap01	ap01	ap01	0.47,0.53	1	2,4	1.09845431261348	NA	NA	NA	NA	NA	NA	25989
HIP03502	TRBV16	ap01	ap01	ap01	0.47,0.53	1	3,4	2.18605498785397	NA	NA	NA	NA	NA	NA	25989
HIP03502	TRBV7-1	Unk	ap01_G291C_T296C,ap01_G291C_T296C_C314T	ap01_G291C_T296C,ap01_G291C_T296C_C314T	0.47,0.53	0.11,0.89	0,2	0.519458575089717	0,16	4.15566860071774	NA	NA	NA	NA	25989
HIP03502	TRBV11-1	Unk	ap01	ap01	0.47,0.53	1	9,40	0.979064301510506	NA	NA	NA	NA	NA	NA	25989
HIP03502	TRBV17	Unk	ap01	ap01	0.47,0.53	1	0,2	0.538373518933743	NA	NA	NA	NA	NA	NA	25989
HIP03502	TRBV26	Unk	Unk	NA	NA	NA	NA	NA	NA	NA	NA	NA	NA	NA	25989
