subject	gene	TRBD2_01	TRBD2_02	alleles	proirs_row	proirs_col	counts1	k1	counts2	k2	counts3	k3	counts4	k4	TOTAL
HIP13916	TRBV30	ap01	ap01	ap01	0.5,0.5	1	127,116	147.827265338093	NA	NA	NA	NA	NA	NA	7696
HIP13916	TRBV29-1	ap01,ap02	ap01,ap02	ap01,ap02	0.5,0.5	0.82,0.18	55,80	15.7792436280052	11,18	2.5932320904091	NA	NA	NA	NA	7696
HIP13916	TRBV5-4	ap01	ap01	ap01	0.5,0.5	1	75,66	83.320899510043	NA	NA	NA	NA	NA	NA	7696
HIP13916	TRBV5-6	ap01	ap01	ap01	0.5,0.5	1	43,53	32.2876485461872	NA	NA	NA	NA	NA	NA	7696
HIP13916	TRBV1	ap01	ap01	ap01	0.5,0.5	1	18,19	14.4456051240321	NA	NA	NA	NA	NA	NA	7696
HIP13916	TRBV11-2	ap01	ap01	ap01	0.5,0.5	1	86,109	63.6997493587537	NA	NA	NA	NA	NA	NA	7696
HIP13916	TRBV5-1	ap01	ap01	ap01	0.5,0.5	1	283,183	209.462321959775	NA	NA	NA	NA	NA	NA	7696
HIP13916	TRBV7-8	ap01,ap03	ap01,ap03	ap01,ap03	0.5,0.5	0.53,0.47	24,26	9.39168950352997	18,26	5.21526306327369	NA	NA	NA	NA	7696
HIP13916	TRBV7-2	ap01	ap01	ap01	0.5,0.5	1	244,231	296.938999320556	NA	NA	NA	NA	NA	NA	7696
HIP13916	TRBV7-6	ap01	ap01	ap01	0.5,0.5	1	46,53	35.61943867457	NA	NA	NA	NA	NA	NA	7696
HIP13916	TRBV20-1	ap01,ap02	ap01,ap02	ap01,ap02	0.5,0.5	0.86,0.14	163,195	58.604463029082	30,28	23.9974777685975	NA	NA	NA	NA	7696
HIP13916	TRBV19	ap01	ap01	ap01	0.5,0.5	1	150,149	193.654192931676	NA	NA	NA	NA	NA	NA	7696
HIP13916	TRBV9	ap01	ap01	ap01	0.5,0.5	1	188,162	203.39168408228	NA	NA	NA	NA	NA	NA	7696
HIP13916	TRBV4-3	ap01	ap01	ap01	0.5,0.5	1	112,97	121.947092219189	NA	NA	NA	NA	NA	NA	7696
HIP13916	TRBV4-2	ap01	ap01	ap01	0.5,0.5	1	137,82	90.9290445228025	NA	NA	NA	NA	NA	NA	7696
HIP13916	TRBV12-5	ap01	ap01	ap01	0.5,0.5	1	34,19	20.4206504338926	NA	NA	NA	NA	NA	NA	7696
HIP13916	TRBV6-9	ap01	ap01	ap01	0.5,0.5	1	5,7	3.51003883552297	NA	NA	NA	NA	NA	NA	7696
HIP13916	TRBV15	ap02	ap02	ap02	0.5,0.5	1	25,35	17.5501941776149	NA	NA	NA	NA	NA	NA	7696
HIP13916	TRBV21-1	ap01	ap01	ap01	0.5,0.5	1	41,74	23.9376209919205	NA	NA	NA	NA	NA	NA	7696
HIP13916	TRBV28	ap01	ap01	ap01	0.5,0.5	1	184,221	139.851111497418	NA	NA	NA	NA	NA	NA	7696
HIP13916	TRBV13	ap01	ap01	ap01	0.5,0.5	1	27,26	33.5548039625543	NA	NA	NA	NA	NA	NA	7696
HIP13916	TRBV24-1	ap01	ap01	ap01	0.5,0.5	1	65,100	43.0038616609366	NA	NA	NA	NA	NA	NA	7696
HIP13916	TRBV18	ap01	ap01	ap01	0.5,0.5	1	70,105	47.09759898554	NA	NA	NA	NA	NA	NA	7696
HIP13916	TRBV5-3	ap01	ap01	ap01	0.5,0.5	1	20,12	13.3207061886643	NA	NA	NA	NA	NA	NA	7696
HIP13916	TRBV4-1	ap01	ap01	ap01	0.5,0.5	1	102,82	100.986059995192	NA	NA	NA	NA	NA	NA	7696
HIP13916	TRBV27	ap01	ap01	ap01	0.5,0.5	1	120,136	93.5801078778387	NA	NA	NA	NA	NA	NA	7696
HIP13916	TRBV7-3	ap01	ap01	ap01	0.5,0.5	1	111,81	96.811005954551	NA	NA	NA	NA	NA	NA	7696
HIP13916	TRBV2	ap01	ap01	ap01	0.5,0.5	1	97,91	116.723455620912	NA	NA	NA	NA	NA	NA	7696
HIP13916	TRBV12-1	ap01	ap01	ap01	0.5,0.5	1	5,5	6.5081052426472	NA	NA	NA	NA	NA	NA	7696
HIP13916	TRBV12-34	ap01	ap01	ap01	0.5,0.5	1	144,110	133.40864316506	NA	NA	NA	NA	NA	NA	7696
HIP13916	TRBV11-1	ap01	ap01	ap01	0.5,0.5	1	12,20	7.4901756227264	NA	NA	NA	NA	NA	NA	7696
HIP13916	TRBV6-56	ap01,ap02	ap01,ap02	ap01,ap02	0.5,0.5	0.73,0.27	84,95	31.745679991971	30,37	10.4737244502306	NA	NA	NA	NA	7696
HIP13916	TRBV11-3	ap01	ap01	ap01	0.5,0.5	1	22,34	14.5102532937723	NA	NA	NA	NA	NA	NA	7696
HIP13916	TRBV6-23	ap01	ap01	ap01	0.5,0.5	1	222,253	172.714610631645	NA	NA	NA	NA	NA	NA	7696
HIP13916	TRBV7-9	ap01	ap01	ap01	0.5,0.5	1	109,144	79.0287501174467	NA	NA	NA	NA	NA	NA	7696
HIP13916	TRBV14	ap01	ap01	ap01	0.5,0.5	1	33,46	23.2246261633597	NA	NA	NA	NA	NA	NA	7696
HIP13916	TRBV10-1	ap01	ap01	ap01	0.5,0.5	1	29,45	19.0740885700562	NA	NA	NA	NA	NA	NA	7696
HIP13916	TRBV5-7	ap01	ap01	ap01	0.5,0.5	1	2,5	0.761947196220682	NA	NA	NA	NA	NA	NA	7696
HIP13916	TRBV6-1	ap01	ap01	ap01	0.5,0.5	1	57,45	55.1248275932914	NA	NA	NA	NA	NA	NA	7696
HIP13916	TRBV23-1	ap01	ap01	ap01	0.5,0.5	1	9,14	5.90948096158503	NA	NA	NA	NA	NA	NA	7696
HIP13916	TRBV5-5	ap01	ap01	ap01	0.5,0.5	1	13,21	8.30892308764708	NA	NA	NA	NA	NA	NA	7696
HIP13916	TRBV3-12	ap01	ap01	ap01	0.5,0.5	1	152,113	135.876789814593	NA	NA	NA	NA	NA	NA	7696
HIP13916	TRBV7-7	ap01_C315T	ap01_C315T	ap01_C315T	0.5,0.5	1	17,8	7.82687869533544	NA	NA	NA	NA	NA	NA	7696
HIP13916	TRBV10-2	ap01	ap01	ap01	0.5,0.5	1	14,19	10.0032182861885	NA	NA	NA	NA	NA	NA	7696
HIP13916	TRBV6-4	ap01	ap01	ap01	0.5,0.5	1	43,50	33.1631962798079	NA	NA	NA	NA	NA	NA	7696
HIP13916	TRBV6-8	ap01	ap01	ap01	0.5,0.5	1	2,4	1.05379644076091	NA	NA	NA	NA	NA	NA	7696
HIP13916	TRBV10-3	ap01	ap01	ap01	0.5,0.5	1	63,62	80.4131617096142	NA	NA	NA	NA	NA	NA	7696
HIP13916	TRBV25-1	ap01	ap01	ap01	0.5,0.5	1	15,27	8.77902103932753	NA	NA	NA	NA	NA	NA	7696
HIP13916	TRBV12-2	ap01	ap01	ap01	0.5,0.5	1	10,10	13.0162104852944	NA	NA	NA	NA	NA	NA	7696
HIP13916	TRBV6-7	ap01	ap01	ap01	0.5,0.5	1	4,8	2.10759288152182	NA	NA	NA	NA	NA	NA	7696
HIP13916	TRBV5-8	ap01	ap01	ap01	0.5,0.5	1	10,14	7.02007767104594	NA	NA	NA	NA	NA	NA	7696
HIP13916	TRBV7-4	ap01	ap01	ap01	0.5,0.5	1	4,6	2.69129137060229	NA	NA	NA	NA	NA	NA	7696
HIP13916	TRBV7-1	Unk	ap01_G291C_T296C	ap01_G291C_T296C	0.5,0.5	1	0,2	0.583698489080461	NA	NA	NA	NA	NA	NA	7696
HIP13916	TRBV16	Unk	ap01	ap01	0.5,0.5	1	0,1	0.29184924454023	NA	NA	NA	NA	NA	NA	7696
HIP13916	TRBV17	Unk	Unk	NA	NA	NA	NA	NA	NA	NA	NA	NA	NA	NA	7696
HIP13916	TRBV26	Unk	Unk	NA	NA	NA	NA	NA	NA	NA	NA	NA	NA	NA	7696
