subject	gene	TRBD2_01	TRBD2_02	alleles	proirs_row	proirs_col	counts1	k1	counts2	k2	counts3	k3	counts4	k4	TOTAL
HIP17462	TRBV5-4	ap01	ap01	ap01	0.46,0.54	1	210,212	171.282431007396	NA	NA	NA	NA	NA	NA	16377
HIP17462	TRBV7-8	ap01,ap03	ap01,ap03	ap01,ap03	0.46,0.54	0.65,0.35	74,82	28.7746248007939	31,54	7.01120837301368	NA	NA	NA	NA	16377
HIP17462	TRBV14	ap01	ap01	ap01	0.46,0.54	1	94,123	69.1943076975216	NA	NA	NA	NA	NA	NA	16377
HIP17462	TRBV12-34	ap01	ap01	ap01	0.46,0.54	1	413,481	319.815757546664	NA	NA	NA	NA	NA	NA	16377
HIP17462	TRBV12-5	ap01	ap01	ap01	0.46,0.54	1	55,95	34.360275784724	NA	NA	NA	NA	NA	NA	16377
HIP17462	TRBV19	ap01	ap01	ap01	0.46,0.54	1	277,385	197.906774112282	NA	NA	NA	NA	NA	NA	16377
HIP17462	TRBV7-3	ap01	ap01	ap01	0.46,0.54	1	216,212	274.564661394513	NA	NA	NA	NA	NA	NA	16377
HIP17462	TRBV9	ap01	ap01	ap01	0.46,0.54	1	480,467	60.3504882861583	NA	NA	NA	NA	NA	NA	16377
HIP17462	TRBV30	ap01	ap01	ap01	0.46,0.54	1	198,305	133.537813603383	NA	NA	NA	NA	NA	NA	16377
HIP17462	TRBV3-12	ap01	ap01	ap01	0.46,0.54	1	318,334	255.920551793144	NA	NA	NA	NA	NA	NA	16377
HIP17462	TRBV11-2	ap01	ap01	ap01	0.46,0.54	1	123,189	83.0802328748822	NA	NA	NA	NA	NA	NA	16377
HIP17462	TRBV10-3	ap01	ap01	ap01	0.46,0.54	1	208,205	265.771208959609	NA	NA	NA	NA	NA	NA	16377
HIP17462	TRBV21-1	ap01	ap01	ap01	0.46,0.54	1	100,164	64.7944050993119	NA	NA	NA	NA	NA	NA	16377
HIP17462	TRBV24-1	ap01	ap01	ap01	0.46,0.54	1	132,186	93.6353233074413	NA	NA	NA	NA	NA	NA	16377
HIP17462	TRBV7-9	ap01	ap01	ap01	0.46,0.54	1	344,452	252.723738906573	NA	NA	NA	NA	NA	NA	16377
HIP17462	TRBV6-56	ap01,ap02	ap01,ap02	ap01,ap02	0.46,0.54	0.77,0.23	209,229	81.9348019486283	50,84	12.1032193247408	NA	NA	NA	NA	16377
HIP17462	TRBV2	ap01	ap01	ap01	0.46,0.54	1	222,328	153.439709420036	NA	NA	NA	NA	NA	NA	16377
HIP17462	TRBV4-2	ap01	ap01	ap01	0.46,0.54	1	52,145	17.8094739790832	NA	NA	NA	NA	NA	NA	16377
HIP17462	TRBV6-4	ap01	ap01	ap01	0.46,0.54	1	114,109	140.244017731379	NA	NA	NA	NA	NA	NA	16377
HIP17462	TRBV5-5	ap01	ap01	ap01	0.46,0.54	1	44,42	54.0159475129439	NA	NA	NA	NA	NA	NA	16377
HIP17462	TRBV27	ap01	ap01	ap01	0.46,0.54	1	275,419	186.695594155758	NA	NA	NA	NA	NA	NA	16377
HIP17462	TRBV6-23	ap01	ap01	ap01	0.46,0.54	1	331,164	160.964133187744	NA	NA	NA	NA	NA	NA	16377
HIP17462	TRBV13	ap01	ap01	ap01	0.46,0.54	1	104,106	84.5570837209067	NA	NA	NA	NA	NA	NA	16377
HIP17462	TRBV5-1	ap01	ap01	ap01	0.46,0.54	1	537,798	36.993620030104	NA	NA	NA	NA	NA	NA	16377
HIP17462	TRBV6-1	ap01	ap01	ap01	0.46,0.54	1	91,111	69.1335298988912	NA	NA	NA	NA	NA	NA	16377
HIP17462	TRBV11-3	ap01	ap01	ap01	0.46,0.54	1	129,80	88.7063759122421	NA	NA	NA	NA	NA	NA	16377
HIP17462	TRBV20-1	ap01,ap02	ap01,ap02	ap01,ap02	0.46,0.54	0.86,0.14	278,321	104.776556903828	40,56	12.5571698416922	NA	NA	NA	NA	16377
HIP17462	TRBV5-6	ap01	ap01	ap01	0.46,0.54	1	140,120	149.848303952974	NA	NA	NA	NA	NA	NA	16377
HIP17462	TRBV25-1	ap01	ap01	ap01	0.46,0.54	1	53,100	30.8621715734144	NA	NA	NA	NA	NA	NA	16377
HIP17462	TRBV18	ap01	ap01	ap01	0.46,0.54	1	143,198	102.369155368403	NA	NA	NA	NA	NA	NA	16377
HIP17462	TRBV7-2	ap01	ap01	ap01	0.46,0.54	1	377,143	112.617200071392	NA	NA	NA	NA	NA	NA	16377
HIP17462	TRBV7-6	ap01	ap01	ap01	0.46,0.54	1	99,131	72.4872215783162	NA	NA	NA	NA	NA	NA	16377
HIP17462	TRBV15	ap02	ap02	ap02	0.46,0.54	1	84,92	66.5980018731122	NA	NA	NA	NA	NA	NA	16377
HIP17462	TRBV5-3	ap01	ap01	ap01	0.46,0.54	1	29,16	16.7370888596306	NA	NA	NA	NA	NA	NA	16377
HIP17462	TRBV10-1	ap01	ap01	ap01	0.46,0.54	1	70,122	43.441113039672	NA	NA	NA	NA	NA	NA	16377
HIP17462	TRBV7-7	ap01	ap01_C315T	ap01,ap01_C315T	0.46,0.54	0.43,0.57	43,1	10.9242123880607	7,51	8.37689603969143	NA	NA	NA	NA	16377
HIP17462	TRBV4-3	ap01	Del	ap01	0.46,0.54	1	244,12	57.1910615572361	NA	NA	NA	NA	NA	NA	16377
HIP17462	TRBV11-1	ap01	ap01	ap01	0.46,0.54	1	32,21	23.8698914976661	NA	NA	NA	NA	NA	NA	16377
HIP17462	TRBV28	ap01	ap01	ap01	0.46,0.54	1	35,88	14.5394170329121	NA	NA	NA	NA	NA	NA	16377
HIP17462	TRBV4-1	ap01	ap01	ap01	0.46,0.54	1	179,267	123.046098637868	NA	NA	NA	NA	NA	NA	16377
HIP17462	TRBV10-2	ap01	ap01	ap01	0.46,0.54	1	33,72	16.6266435336544	NA	NA	NA	NA	NA	NA	16377
HIP17462	TRBV12-2	ap01	ap01	ap01	0.46,0.54	1	22,18	22.1634373670656	NA	NA	NA	NA	NA	NA	16377
HIP17462	TRBV5-8	ap01	ap01	ap01	0.46,0.54	1	27,43	17.8349285821202	NA	NA	NA	NA	NA	NA	16377
HIP17462	TRBV1	ap01	ap01	ap01	0.46,0.54	1	26,35	18.8785418324914	NA	NA	NA	NA	NA	NA	16377
HIP17462	TRBV7-4	ap01	ap01	ap01	0.46,0.54	1	12,18	8.22215506888157	NA	NA	NA	NA	NA	NA	16377
HIP17462	TRBV29-1	ap01,ap02	ap01,ap02	ap01,ap02	0.46,0.54	0.84,0.16	120,157	40.4947718644422	20,34	4.73862364482849	NA	NA	NA	NA	16377
HIP17462	TRBV23-1	ap01	ap01	ap01	0.46,0.54	1	23,55	10.3067839012105	NA	NA	NA	NA	NA	NA	16377
HIP17462	TRBV6-7	ap01	ap01	ap01	0.46,0.54	1	8,14	4.94950045429706	NA	NA	NA	NA	NA	NA	16377
HIP17462	TRBV16	ap01	ap01	ap01	0.46,0.54	1	1,4	0.0202592662101442	NA	NA	NA	NA	NA	NA	16377
HIP17462	TRBV6-9	ap01	ap01	ap01	0.46,0.54	1	2,5	0.838422919856273	NA	NA	NA	NA	NA	NA	16377
HIP17462	TRBV12-1	ap01	ap01	ap01	0.46,0.54	1	6,10	3.84510940529546	NA	NA	NA	NA	NA	NA	16377
HIP17462	TRBV7-1	ap01_T296C	ap01_T296C	ap01_T296C	0.46,0.54	1	4,3	3.58930348588407	NA	NA	NA	NA	NA	NA	16377
HIP17462	TRBV6-8	ap01	ap01	ap01	0.46,0.54	1	8,5	5.56376150863267	NA	NA	NA	NA	NA	NA	16377
HIP17462	TRBV5-7	ap01	ap01	ap01	0.46,0.54	1	4,4	5.20414894901953	NA	NA	NA	NA	NA	NA	16377
HIP17462	TRBV17	Unk	Unk	NA	NA	NA	NA	NA	NA	NA	NA	NA	NA	NA	16377
HIP17462	TRBV26	Unk	Unk	NA	NA	NA	NA	NA	NA	NA	NA	NA	NA	NA	16377
