subject	gene	TRBD2_01	TRBD2_02	alleles	proirs_row	proirs_col	counts1	k1	counts2	k2	counts3	k3	counts4	k4	TOTAL
HIP13786	TRBV20-1	ap01,ap02	ap01,ap02	ap01,ap02	0.47,0.53	0.86,0.14	636,690	250.881433580195	112,102	86.6970691088129	NA	NA	NA	NA	30339
HIP13786	TRBV29-1	ap01,ap02	ap01,ap02	ap01,ap02	0.47,0.53	0.86,0.14	243,362	70.3197252963301	48,49	19.7328278758745	NA	NA	NA	NA	30339
HIP13786	TRBV4-2	ap01	ap01	ap01	0.47,0.53	1	386,382	49.5846138047535	NA	NA	NA	NA	NA	NA	30339
HIP13786	TRBV6-4	ap01	ap01	ap01	0.47,0.53	1	263,322	199.366522732763	NA	NA	NA	NA	NA	NA	30339
HIP13786	TRBV5-1	ap01	ap01	ap01	0.47,0.53	1	1179,1282	93.7186658496066	NA	NA	NA	NA	NA	NA	30339
HIP13786	TRBV2	ap01	ap01	ap01	0.47,0.53	1	546,585	43.6355835301567	NA	NA	NA	NA	NA	NA	30339
HIP13786	TRBV18	ap01	ap01	ap01	0.47,0.53	1	178,261	123.345043946426	NA	NA	NA	NA	NA	NA	30339
HIP13786	TRBV4-1	ap01	ap01	ap01	0.47,0.53	1	523,575	41.4034929888631	NA	NA	NA	NA	NA	NA	30339
HIP13786	TRBV6-56	ap01,ap02	ap01,ap02	ap01,ap02	0.47,0.53	0.72,0.28	409,487	150.103625864075	153,195	52.82282027097	NA	NA	NA	NA	30339
HIP13786	TRBV15	ap02	ap02	ap02	0.47,0.53	1	161,189	124.229754140744	NA	NA	NA	NA	NA	NA	30339
HIP13786	TRBV10-3	ap01	ap01	ap01	0.47,0.53	1	301,342	235.308724989728	NA	NA	NA	NA	NA	NA	30339
HIP13786	TRBV5-4	ap01	ap01	ap01	0.47,0.53	1	516,594	40.1310880867758	NA	NA	NA	NA	NA	NA	30339
HIP13786	TRBV9	ap01	ap01	ap01	0.47,0.53	1	821,534	60.5771984051601	NA	NA	NA	NA	NA	NA	30339
HIP13786	TRBV5-6	ap01	ap01	ap01	0.47,0.53	1	258,276	206.305425801493	NA	NA	NA	NA	NA	NA	30339
HIP13786	TRBV24-1	ap01	ap01	ap01	0.47,0.53	1	385,518	279.302356644211	NA	NA	NA	NA	NA	NA	30339
HIP13786	TRBV11-2	ap01	ap01	ap01	0.47,0.53	1	308,356	239.15422557578	NA	NA	NA	NA	NA	NA	30339
HIP13786	TRBV21-1	ap01	ap01	ap01	0.47,0.53	1	193,328	121.630666221217	NA	NA	NA	NA	NA	NA	30339
HIP13786	TRBV27	ap01	ap01	ap01	0.47,0.53	1	426,663	284.876046831102	NA	NA	NA	NA	NA	NA	30339
HIP13786	TRBV12-34	ap01	ap01	ap01	0.47,0.53	1	672,773	52.2793848875608	NA	NA	NA	NA	NA	NA	30339
HIP13786	TRBV19	ap01	ap01	ap01	0.47,0.53	1	461,593	34.1770118878785	NA	NA	NA	NA	NA	NA	30339
HIP13786	TRBV7-3	ap01	ap03	ap01,ap03	0.47,0.53	0.63,0.37	353,15	80.8519507392929	29,189	29.4565991172311	NA	NA	NA	NA	30339
HIP13786	TRBV23-1	ap01	ap01	ap01	0.47,0.53	1	54,75	38.543838670078	NA	NA	NA	NA	NA	NA	30339
HIP13786	TRBV28	ap01	ap01	ap01	0.47,0.53	1	58,101	35.8984229755815	NA	NA	NA	NA	NA	NA	30339
HIP13786	TRBV1	ap01	ap01	ap01	0.47,0.53	1	96,95	123.310895645656	NA	NA	NA	NA	NA	NA	30339
HIP13786	TRBV6-1	ap01	ap01	ap01	0.47,0.53	1	255,253	32.8602288435971	NA	NA	NA	NA	NA	NA	30339
HIP13786	TRBV10-2	ap01	ap01	ap01	0.47,0.53	1	95,137	66.448423405156	NA	NA	NA	NA	NA	NA	30339
HIP13786	TRBV25-1	ap01	ap01	ap01	0.47,0.53	1	106,157	73.0294467420578	NA	NA	NA	NA	NA	NA	30339
HIP13786	TRBV3-12	ap01	ap01	ap01	0.47,0.53	1	702,679	87.6426334773026	NA	NA	NA	NA	NA	NA	30339
HIP13786	TRBV7-9	ap01	ap01	ap01	0.47,0.53	1	440,572	32.4583631753016	NA	NA	NA	NA	NA	NA	30339
HIP13786	TRBV7-6	ap01	ap01	ap01	0.47,0.53	1	193,220	150.687733826088	NA	NA	NA	NA	NA	NA	30339
HIP13786	TRBV12-2	ap01	ap01	ap01	0.47,0.53	1	39,78	21.4249318365741	NA	NA	NA	NA	NA	NA	30339
HIP13786	TRBV11-3	ap01	ap01	ap01	0.47,0.53	1	322,369	250.880930581893	NA	NA	NA	NA	NA	NA	30339
HIP13786	TRBV6-23	ap01	ap01	ap01	0.47,0.53	1	230,226	292.846811784572	NA	NA	NA	NA	NA	NA	30339
HIP13786	TRBV13	ap01	ap01	ap01	0.47,0.53	1	155,174	121.740751548073	NA	NA	NA	NA	NA	NA	30339
HIP13786	TRBV5-7	ap01	ap01	ap01	0.47,0.53	1	5,8	3.28487997742875	NA	NA	NA	NA	NA	NA	30339
HIP13786	TRBV30	ap01	ap01	ap01	0.47,0.53	1	533,616	41.3878516786806	NA	NA	NA	NA	NA	NA	30339
HIP13786	TRBV14	ap01	ap01	ap01	0.47,0.53	1	130,213	84.061644801811	NA	NA	NA	NA	NA	NA	30339
HIP13786	TRBV7-4	ap01	ap01	ap01	0.47,0.53	1	22,27	16.6596566632785	NA	NA	NA	NA	NA	NA	30339
HIP13786	TRBV7-2	ap01	ap01	ap01	0.47,0.53	1	334,510	225.994727395563	NA	NA	NA	NA	NA	NA	30339
HIP13786	TRBV10-1	ap01	ap01	ap01	0.47,0.53	1	194,259	141.282354928776	NA	NA	NA	NA	NA	NA	30339
HIP13786	TRBV5-5	ap01	ap01	ap01	0.47,0.53	1	61,84	43.7345738674663	NA	NA	NA	NA	NA	NA	30339
HIP13786	TRBV6-9	ap01	ap01	ap01	0.47,0.53	1	13,7	7.24601050183278	NA	NA	NA	NA	NA	NA	30339
HIP13786	TRBV5-8	ap01	ap01	ap01	0.47,0.53	1	60,65	47.7590143194319	NA	NA	NA	NA	NA	NA	30339
HIP13786	TRBV5-3	ap01	ap01	ap01	0.47,0.53	1	49,47	60.5390755502629	NA	NA	NA	NA	NA	NA	30339
HIP13786	TRBV11-1	ap01	ap01	ap01	0.47,0.53	1	43,44	34.9223314781167	NA	NA	NA	NA	NA	NA	30339
HIP13786	TRBV12-5	ap01	ap01	ap01	0.47,0.53	1	98,56	59.8310176400137	NA	NA	NA	NA	NA	NA	30339
HIP13786	TRBV12-1	ap01	ap01	ap01	0.47,0.53	1	23,34	15.8637792785208	NA	NA	NA	NA	NA	NA	30339
HIP13786	TRBV6-7	ap01	ap01	ap01	0.47,0.53	1	26,42	16.9737571137226	NA	NA	NA	NA	NA	NA	30339
HIP13786	TRBV7-8	ap01,ap03	ap01,ap03	ap01,ap03	0.47,0.53	0.69,0.31	122,138	46.6605417557095	56,62	21.7669186671332	NA	NA	NA	NA	30339
HIP13786	TRBV6-8	ap01	ap01	ap01	0.47,0.53	1	16,23	11.211137925667	NA	NA	NA	NA	NA	NA	30339
HIP13786	TRBV7-7	ap01_C315T	ap01	ap01,ap01_C315T	0.47,0.53	0.57,0.43	19,93	11.2964340034173	79,4	17.3513695285882	NA	NA	NA	NA	30339
HIP13786	TRBV16	ap01	ap01	ap01	0.47,0.53	1	5,3	3.28285532224752	NA	NA	NA	NA	NA	NA	30339
HIP13786	TRBV7-1	ap01_T296C	ap01_T296C,ap01_T296C_C314T	ap01_T296C,ap01_T296C_C314T	0.47,0.53	0.78,0.22	4,3	2.35358129658204	0,2	0.519191939884317	NA	NA	NA	NA	30339
HIP13786	TRBV17	Unk	ap01	ap01	0.47,0.53	1	0,4	1.07618768906927	NA	NA	NA	NA	NA	NA	30339
HIP13786	TRBV26	Unk	Unk	NA	NA	NA	NA	NA	NA	NA	NA	NA	NA	NA	30339
HIP13786	TRBV4-3	Del	Del	Del	NA	NA	NA	1000	NA	NA	NA	NA	NA	NA	30339
