subject	gene	TRBD2_01	TRBD2_02	alleles	proirs_row	proirs_col	counts1	k1	counts2	k2	counts3	k3	counts4	k4	TOTAL
HIP13823	TRBV19	ap01	ap01	ap01	0.46,0.54	1	213,295	152.482801986424	NA	NA	NA	NA	NA	NA	12349
HIP13823	TRBV9	ap01	ap01	ap01	0.46,0.54	1	307,300	38.8102115757132	NA	NA	NA	NA	NA	NA	12349
HIP13823	TRBV2	ap01	ap01	ap01	0.46,0.54	1	196,198	159.822602916487	NA	NA	NA	NA	NA	NA	12349
HIP13823	TRBV30	ap02	ap02	ap02	0.46,0.54	1	117,50	43.9983346246846	NA	NA	NA	NA	NA	NA	12349
HIP13823	TRBV7-3	ap01	ap01	ap01	0.46,0.54	1	188,208	148.496740916286	NA	NA	NA	NA	NA	NA	12349
HIP13823	TRBV7-2	ap01	ap01	ap01	0.46,0.54	1	238,158	180.422197836658	NA	NA	NA	NA	NA	NA	12349
HIP13823	TRBV5-4	ap01	ap01	ap01	0.46,0.54	1	176,166	212.824790512021	NA	NA	NA	NA	NA	NA	12349
HIP13823	TRBV20-1	ap01,ap02	ap01,ap02	ap01,ap02	0.46,0.54	0.86,0.14	269,355	90.023010383957	43,55	14.8381224992913	NA	NA	NA	NA	12349
HIP13823	TRBV5-1	ap01	ap01	ap01	0.46,0.54	1	392,493	293.8819585179	NA	NA	NA	NA	NA	NA	12349
HIP13823	TRBV3-12	ap01	ap01	ap01	0.46,0.54	1	265,282	212.289679622947	NA	NA	NA	NA	NA	NA	12349
HIP13823	TRBV4-2	ap01	ap01	ap01	0.46,0.54	1	137,131	168.546438721357	NA	NA	NA	NA	NA	NA	12349
HIP13823	TRBV7-8	ap01,ap03	ap01,ap03	ap01,ap03	0.46,0.54	0.65,0.35	38,53	11.9861893736414	20,29	6.02523117965639	NA	NA	NA	NA	12349
HIP13823	TRBV7-7	ap01_C315T	ap01_C315T	ap01_C315T	0.46,0.54	1	36,46	26.7967346125349	NA	NA	NA	NA	NA	NA	12349
HIP13823	TRBV7-9	ap01	ap01	ap01	0.46,0.54	1	168,232	120.447686403569	NA	NA	NA	NA	NA	NA	12349
HIP13823	TRBV12-5	ap01	ap01	ap01	0.46,0.54	1	29,44	19.7418106060401	NA	NA	NA	NA	NA	NA	12349
HIP13823	TRBV28	ap01	ap01	ap01	0.46,0.54	1	312,441	220.994612659101	NA	NA	NA	NA	NA	NA	12349
HIP13823	TRBV24-1	ap01	ap01	ap01	0.46,0.54	1	92,120	67.8312983730053	NA	NA	NA	NA	NA	NA	12349
HIP13823	TRBV25-1	ap01	ap01	ap01	0.46,0.54	1	41,50	31.1529933628716	NA	NA	NA	NA	NA	NA	12349
HIP13823	TRBV4-1	ap01	ap01	ap01	0.46,0.54	1	160,219	115.230635622406	NA	NA	NA	NA	NA	NA	12349
HIP13823	TRBV1	ap01	ap01	ap01	0.46,0.54	1	28,29	22.6420857825094	NA	NA	NA	NA	NA	NA	12349
HIP13823	TRBV12-2	ap01	ap01	ap01	0.46,0.54	1	14,22	9.32903923287266	NA	NA	NA	NA	NA	NA	12349
HIP13823	TRBV13	ap01	ap01	ap01	0.46,0.54	1	47,74	31.2809744978176	NA	NA	NA	NA	NA	NA	12349
HIP13823	TRBV12-34	ap01	ap01	ap01	0.46,0.54	1	259,223	278.812684393009	NA	NA	NA	NA	NA	NA	12349
HIP13823	TRBV7-6	ap01	ap01	ap01	0.46,0.54	1	79,84	63.3043981094072	NA	NA	NA	NA	NA	NA	12349
HIP13823	TRBV29-1	ap01,ap02	ap01,ap02	ap01,ap02	0.46,0.54	0.81,0.19	114,127	44.160474898742	25,31	8.87716430530621	NA	NA	NA	NA	12349
HIP13823	TRBV6-56	ap01,ap02	ap01,ap02	ap01,ap02	0.46,0.54	0.71,0.29	154,147	126.998437254768	46,79	10.705423795486	NA	NA	NA	NA	12349
HIP13823	TRBV6-23	ap01	ap01	ap01	0.46,0.54	1	83,90	66.0457237438806	NA	NA	NA	NA	NA	NA	12349
HIP13823	TRBV15	ap02	ap02	ap02	0.46,0.54	1	55,88	36.2324247911959	NA	NA	NA	NA	NA	NA	12349
HIP13823	TRBV27	ap01	ap01	ap01	0.46,0.54	1	247,358	172.596864026036	NA	NA	NA	NA	NA	NA	12349
HIP13823	TRBV11-2	ap01	ap01	ap01	0.46,0.54	1	122,147	93.1720494116728	NA	NA	NA	NA	NA	NA	12349
HIP13823	TRBV11-3	ap01	ap01	ap01	0.46,0.54	1	65,85	47.8665476574963	NA	NA	NA	NA	NA	NA	12349
HIP13823	TRBV18	ap01	ap01	ap01	0.46,0.54	1	76,102	55.272392908406	NA	NA	NA	NA	NA	NA	12349
HIP13823	TRBV14	ap01	ap01	ap01	0.46,0.54	1	60,90	41.1198845171011	NA	NA	NA	NA	NA	NA	12349
HIP13823	TRBV6-9	ap01	ap01	ap01	0.46,0.54	1	4,8	2.21012465890486	NA	NA	NA	NA	NA	NA	12349
HIP13823	TRBV10-1	ap01	ap01	ap01	0.46,0.54	1	56,107	32.2697476635894	NA	NA	NA	NA	NA	NA	12349
HIP13823	TRBV5-6	ap01	ap01	ap01	0.46,0.54	1	111,98	123.413810850781	NA	NA	NA	NA	NA	NA	12349
HIP13823	TRBV6-1	ap01	ap01	ap01	0.46,0.54	1	117,113	145.756760207965	NA	NA	NA	NA	NA	NA	12349
HIP13823	TRBV7-4	ap01	ap01	ap01	0.46,0.54	1	10,13	7.38451506175207	NA	NA	NA	NA	NA	NA	12349
HIP13823	TRBV10-3	ap01	ap01	ap01	0.46,0.54	1	125,121	156.164802096919	NA	NA	NA	NA	NA	NA	12349
HIP13823	TRBV6-7	ap01	ap01	ap01	0.46,0.54	1	11,14	8.20264671426256	NA	NA	NA	NA	NA	NA	12349
HIP13823	TRBV5-3	ap01	ap01	ap01	0.46,0.54	1	19,31	12.357295544288	NA	NA	NA	NA	NA	NA	12349
HIP13823	TRBV23-1	ap01	ap01	ap01	0.46,0.54	1	18,25	12.8671663306989	NA	NA	NA	NA	NA	NA	12349
HIP13823	TRBV10-2	ap01	ap01	ap01	0.46,0.54	1	34,52	23.0356674052397	NA	NA	NA	NA	NA	NA	12349
HIP13823	TRBV16	ap01	ap01	ap01	0.46,0.54	1	2,5	0.839461841668158	NA	NA	NA	NA	NA	NA	12349
HIP13823	TRBV11-1	ap01	ap01	ap01	0.46,0.54	1	30,26	32.5693046655912	NA	NA	NA	NA	NA	NA	12349
HIP13823	TRBV6-4	ap01	ap01	ap01	0.46,0.54	1	154,130	161.589691854447	NA	NA	NA	NA	NA	NA	12349
HIP13823	TRBV5-5	ap01	ap01	ap01	0.46,0.54	1	29,41	20.5386120693929	NA	NA	NA	NA	NA	NA	12349
HIP13823	TRBV12-1	ap01	ap01	ap01	0.46,0.54	1	11,13	8.46824720204683	NA	NA	NA	NA	NA	NA	12349
HIP13823	TRBV5-8	ap01	ap01	ap01	0.46,0.54	1	24,26	19.1039586846832	NA	NA	NA	NA	NA	NA	12349
HIP13823	TRBV6-8	ap01	ap01	ap01	0.46,0.54	1	5,10	2.76265582363108	NA	NA	NA	NA	NA	NA	12349
HIP13823	TRBV21-1	ap01	ap01	ap01	0.46,0.54	1	52,85	33.7780298336644	NA	NA	NA	NA	NA	NA	12349
HIP13823	TRBV5-7	ap01	ap01	ap01	0.46,0.54	1	1,3	0.286930676941943	NA	NA	NA	NA	NA	NA	12349
HIP13823	TRBV7-1	ap01_T296C	ap01_T296C	ap01_T296C	0.46,0.54	1	1,2	0.552531164726216	NA	NA	NA	NA	NA	NA	12349
HIP13823	TRBV17	Unk	Unk	NA	NA	NA	NA	NA	NA	NA	NA	NA	NA	NA	12349
HIP13823	TRBV26	Unk	Unk	NA	NA	NA	NA	NA	NA	NA	NA	NA	NA	NA	12349
HIP13823	TRBV4-3	Del	Del	Del	NA	NA	NA	1000	NA	NA	NA	NA	NA	NA	12349
