subject	gene	TRBD2_01	TRBD2_02	alleles	proirs_row	proirs_col	counts1	k1	counts2	k2	counts3	k3	counts4	k4	TOTAL
HIP02962	TRBV7-2	ap01	ap01	ap01	0.47,0.53	1	586,531	67.385043058797	NA	NA	NA	NA	NA	NA	17865
HIP02962	TRBV5-1	ap01	ap01	ap01	0.47,0.53	1	581,673	45.0767107978453	NA	NA	NA	NA	NA	NA	17865
HIP02962	TRBV19	ap01	ap01	ap01	0.47,0.53	1	293,413	207.55905125126	NA	NA	NA	NA	NA	NA	17865
HIP02962	TRBV6-56	ap01,ap02	ap01,ap02	ap01,ap02	0.47,0.53	0.73,0.27	236,226	195.473809615543	78,97	27.5662650502053	NA	NA	NA	NA	17865
HIP02962	TRBV20-1	ap01,ap02	ap01,ap02	ap01,ap02	0.47,0.53	0.88,0.12	401,436	157.958679699413	57,59	23.2237966611701	NA	NA	NA	NA	17865
HIP02962	TRBV4-2	ap01	ap01	ap01	0.47,0.53	1	242,219	277.81730160348	NA	NA	NA	NA	NA	NA	17865
HIP02962	TRBV5-4	ap01	ap01	ap01	0.47,0.53	1	214,268	160.630371886957	NA	NA	NA	NA	NA	NA	17865
HIP02962	TRBV12-34	ap01	ap01	ap01	0.47,0.53	1	422,422	54.9123268274146	NA	NA	NA	NA	NA	NA	17865
HIP02962	TRBV29-1	ap01,ap02	ap01,ap02	ap01,ap02	0.47,0.53	0.84,0.16	102,143	31.8628474207266	14,31	1.42678635534291	NA	NA	NA	NA	17865
HIP02962	TRBV7-3	ap01	ap01	ap01	0.47,0.53	1	261,297	203.92693724288	NA	NA	NA	NA	NA	NA	17865
HIP02962	TRBV6-4	ap01	ap01	ap01	0.47,0.53	1	140,137	177.336712848313	NA	NA	NA	NA	NA	NA	17865
HIP02962	TRBV10-1	ap01	ap01	ap01	0.47,0.53	1	51,90	31.2644381206095	NA	NA	NA	NA	NA	NA	17865
HIP02962	TRBV7-9	ap01	ap01	ap01	0.47,0.53	1	307,350	239.692156916456	NA	NA	NA	NA	NA	NA	17865
HIP02962	TRBV30	ap01	ap01	ap01	0.47,0.53	1	252,265	202.737580695679	NA	NA	NA	NA	NA	NA	17865
HIP02962	TRBV3-12	ap01	ap01	ap01	0.47,0.53	1	371,491	271.39162956244	NA	NA	NA	NA	NA	NA	17865
HIP02962	TRBV4-1	ap01	ap01	ap01	0.47,0.53	1	196,225	152.612756185812	NA	NA	NA	NA	NA	NA	17865
HIP02962	TRBV11-2	ap01	ap01	ap01	0.47,0.53	1	201,173	216.404990640067	NA	NA	NA	NA	NA	NA	17865
HIP02962	TRBV11-3	ap01	ap01	ap01	0.47,0.53	1	78,86	61.6844249371817	NA	NA	NA	NA	NA	NA	17865
HIP02962	TRBV28	ap01	ap01	ap01	0.47,0.53	1	58,106	34.5763302950962	NA	NA	NA	NA	NA	NA	17865
HIP02962	TRBV5-6	ap01	ap01	ap01	0.47,0.53	1	125,128	101.490241060359	NA	NA	NA	NA	NA	NA	17865
HIP02962	TRBV9	ap01	ap01	ap01	0.47,0.53	1	386,387	315.620906829856	NA	NA	NA	NA	NA	NA	17865
HIP02962	TRBV21-1	ap01	ap01	ap01	0.47,0.53	1	126,222	77.3363244762411	NA	NA	NA	NA	NA	NA	17865
HIP02962	TRBV15	ap02	ap02	ap02	0.47,0.53	1	95,107	74.5225768564655	NA	NA	NA	NA	NA	NA	17865
HIP02962	TRBV5-8	ap01	ap01	ap01	0.47,0.53	1	41,46	32.2104260740509	NA	NA	NA	NA	NA	NA	17865
HIP02962	TRBV4-3	ap01	ap01	ap01	0.47,0.53	1	291,288	37.3823948652569	NA	NA	NA	NA	NA	NA	17865
HIP02962	TRBV10-3	ap01	ap01	ap01	0.47,0.53	1	143,140	181.240432764954	NA	NA	NA	NA	NA	NA	17865
HIP02962	TRBV6-23	ap01	ap01	ap01	0.47,0.53	1	387,474	293.346624447858	NA	NA	NA	NA	NA	NA	17865
HIP02962	TRBV27	ap01	ap01	ap01	0.47,0.53	1	209,327	139.353312951951	NA	NA	NA	NA	NA	NA	17865
HIP02962	TRBV23-1	ap01	ap01	ap01	0.47,0.53	1	35,43	26.4946702271726	NA	NA	NA	NA	NA	NA	17865
HIP02962	TRBV6-7	ap01	ap01	ap01	0.47,0.53	1	13,19	9.02764802136499	NA	NA	NA	NA	NA	NA	17865
HIP02962	TRBV6-1	ap01	ap01	ap01	0.47,0.53	1	92,112	69.9193243166533	NA	NA	NA	NA	NA	NA	17865
HIP02962	TRBV5-5	ap01	ap01	ap01	0.47,0.53	1	45,65	31.4561040522247	NA	NA	NA	NA	NA	NA	17865
HIP02962	TRBV2	ap01	ap01	ap01	0.47,0.53	1	277,259	33.1422172733612	NA	NA	NA	NA	NA	NA	17865
HIP02962	TRBV12-5	ap01	ap01	ap01	0.47,0.53	1	41,50	31.1363493870521	NA	NA	NA	NA	NA	NA	17865
HIP02962	TRBV14	ap01	ap01	ap01	0.47,0.53	1	61,123	33.272161056415	NA	NA	NA	NA	NA	NA	17865
HIP02962	TRBV25-1	ap01	ap01	ap01	0.47,0.53	1	59,76	43.7187910079419	NA	NA	NA	NA	NA	NA	17865
HIP02962	TRBV24-1	ap01	ap01	ap01	0.47,0.53	1	117,171	81.2488321922849	NA	NA	NA	NA	NA	NA	17865
HIP02962	TRBV10-2	ap01	ap01	ap01	0.47,0.53	1	37,30	36.8598180281862	NA	NA	NA	NA	NA	NA	17865
HIP02962	TRBV7-8	ap01,ap03	ap01,ap03	ap01,ap03	0.47,0.53	0.63,0.37	72,66	56.227209472536	42,38	32.2212652549559	NA	NA	NA	NA	17865
HIP02962	TRBV7-6	ap01	ap01	ap01	0.47,0.53	1	112,136	85.2125754017518	NA	NA	NA	NA	NA	NA	17865
HIP02962	TRBV18	ap01	ap01	ap01	0.47,0.53	1	139,153	109.99365961158	NA	NA	NA	NA	NA	NA	17865
HIP02962	TRBV13	ap01	ap01	ap01	0.47,0.53	1	68,83	51.6211268488851	NA	NA	NA	NA	NA	NA	17865
HIP02962	TRBV6-8	ap01	ap01	ap01	0.47,0.53	1	4,7	2.46790803917034	NA	NA	NA	NA	NA	NA	17865
HIP02962	TRBV11-1	ap01	ap01	ap01	0.47,0.53	1	35,39	27.5687469141714	NA	NA	NA	NA	NA	NA	17865
HIP02962	TRBV12-1	ap01	ap01	ap01	0.47,0.53	1	11,23	5.77980021365703	NA	NA	NA	NA	NA	NA	17865
HIP02962	TRBV12-2	ap01	ap01	ap01	0.47,0.53	1	19,30	12.5952504942456	NA	NA	NA	NA	NA	NA	17865
HIP02962	TRBV7-7	ap01_C315T	ap01	ap01,ap01_C315T	0.47,0.53	0.6,0.4	12,50	4.84721459268788	40,1	9.98906738003803	NA	NA	NA	NA	17865
HIP02962	TRBV1	ap01	ap01	ap01	0.47,0.53	1	35,24	27.8081604016346	NA	NA	NA	NA	NA	NA	17865
HIP02962	TRBV5-3	ap01	ap01	ap01	0.47,0.53	1	16,36	7.72347878268371	NA	NA	NA	NA	NA	NA	17865
HIP02962	TRBV6-9	ap01	ap01	ap01	0.47,0.53	1	5,7	3.55479359952491	NA	NA	NA	NA	NA	NA	17865
HIP02962	TRBV7-4	ap01	ap01	ap01	0.47,0.53	1	11,14	8.19647275940438	NA	NA	NA	NA	NA	NA	17865
HIP02962	TRBV5-7	ap01	ap01	ap01	0.47,0.53	1	4,2	1.9803710477923	NA	NA	NA	NA	NA	NA	17865
HIP02962	TRBV16	ap01	ap01	ap01	0.47,0.53	1	1,2	0.549847216855158	NA	NA	NA	NA	NA	NA	17865
HIP02962	TRBV7-1	ap01_T296C	ap01_T296C	ap01_T296C	0.47,0.53	1	1,1	1.30123997221362	NA	NA	NA	NA	NA	NA	17865
HIP02962	TRBV17	Unk	Unk	NA	NA	NA	NA	NA	NA	NA	NA	NA	NA	NA	17865
HIP02962	TRBV26	Unk	Unk	NA	NA	NA	NA	NA	NA	NA	NA	NA	NA	NA	17865
