subject	gene	TRBD2_01	TRBD2_02	alleles	proirs_row	proirs_col	counts1	k1	counts2	k2	counts3	k3	counts4	k4	TOTAL
HIP13854	TRBV27	ap01	ap01	ap01	0.47,0.53	1	53,100	30.8201279005987	NA	NA	NA	NA	NA	NA	4137
HIP13854	TRBV7-3	ap01	ap03	ap01,ap03	0.47,0.53	0.62,0.38	42,3	8.29083238094314	5,22	2.29638195733048	NA	NA	NA	NA	4137
HIP13854	TRBV5-6	ap01	ap01	ap01	0.47,0.53	1	34,31	39.396496479353	NA	NA	NA	NA	NA	NA	4137
HIP13854	TRBV4-1	ap01	ap01	ap01	0.47,0.53	1	27,41	18.3552659667312	NA	NA	NA	NA	NA	NA	4137
HIP13854	TRBV5-3	ap01	ap01	ap01	0.47,0.53	1	4,12	1.13733908149378	NA	NA	NA	NA	NA	NA	4137
HIP13854	TRBV5-4	ap01	ap01	ap01	0.47,0.53	1	38,48	28.4237960991605	NA	NA	NA	NA	NA	NA	4137
HIP13854	TRBV20-1	ap01,ap02	ap01,ap02	ap01,ap02	0.47,0.53	0.85,0.15	109,147	35.6172945294311	20,25	7.04339741286642	NA	NA	NA	NA	4137
HIP13854	TRBV15	ap02	ap02	ap02	0.47,0.53	1	16,31	9.08760287180062	NA	NA	NA	NA	NA	NA	4137
HIP13854	TRBV24-1	ap01	ap01	ap01	0.47,0.53	1	52,74	36.675773751048	NA	NA	NA	NA	NA	NA	4137
HIP13854	TRBV11-2	ap01	ap01	ap01	0.47,0.53	1	25,43	15.6509509926547	NA	NA	NA	NA	NA	NA	4137
HIP13854	TRBV12-1	ap01	ap01	ap01	0.47,0.53	1	2,2	2.60223942462922	NA	NA	NA	NA	NA	NA	4137
HIP13854	TRBV30	ap01	ap01	ap01	0.47,0.53	1	60,14	3.82971873560561	NA	NA	NA	NA	NA	NA	4137
HIP13854	TRBV4-2	ap01	ap01	ap01	0.47,0.53	1	59,45	54.1720522429578	NA	NA	NA	NA	NA	NA	4137
HIP13854	TRBV12-34	ap01	ap01	ap01	0.47,0.53	1	94,88	112.622105478886	NA	NA	NA	NA	NA	NA	4137
HIP13854	TRBV5-1	ap01	ap01	ap01	0.47,0.53	1	123,177	86.2286671558452	NA	NA	NA	NA	NA	NA	4137
HIP13854	TRBV7-9	ap01	ap01	ap01	0.47,0.53	1	54,104	30.837506991806	NA	NA	NA	NA	NA	NA	4137
HIP13854	TRBV21-1	ap01	ap01	ap01	0.47,0.53	1	21,22	16.9162130236568	NA	NA	NA	NA	NA	NA	4137
HIP13854	TRBV4-3	ap01	Del	ap01	0.47,0.53	1	71,2	18.9766964305692	NA	NA	NA	NA	NA	NA	4137
HIP13854	TRBV10-1	ap01	ap01	ap01	0.47,0.53	1	22,23	17.7344591523626	NA	NA	NA	NA	NA	NA	4137
HIP13854	TRBV29-1	ap01,ap02	ap01,ap02	ap01,ap02	0.47,0.53	0.85,0.15	36,57	9.58689148750464	6,11	1.21141226596057	NA	NA	NA	NA	4137
HIP13854	TRBV13	ap01	ap01	ap01	0.47,0.53	1	22,21	27.0107757578068	NA	NA	NA	NA	NA	NA	4137
HIP13854	TRBV9	ap01	ap01	ap01	0.47,0.53	1	97,63	71.3374430486212	NA	NA	NA	NA	NA	NA	4137
HIP13854	TRBV6-7	ap01	ap01	ap01	0.47,0.53	1	3,5	1.92082702778516	NA	NA	NA	NA	NA	NA	4137
HIP13854	TRBV11-3	ap01	ap01	ap01	0.47,0.53	1	43,30	34.9679947590386	NA	NA	NA	NA	NA	NA	4137
HIP13854	TRBV7-2	ap01	ap01	ap01	0.47,0.53	1	76,65	81.1326610916499	NA	NA	NA	NA	NA	NA	4137
HIP13854	TRBV7-6	ap01	ap01	ap01	0.47,0.53	1	23,22	28.3118954701214	NA	NA	NA	NA	NA	NA	4137
HIP13854	TRBV12-2	Unk	ap01	ap01	0.47,0.53	1	3,13	0.214818405544484	NA	NA	NA	NA	NA	NA	4137
HIP13854	TRBV18	ap01	ap01	ap01	0.47,0.53	1	52,58	40.9470646177073	NA	NA	NA	NA	NA	NA	4137
HIP13854	TRBV28	ap01	ap01	ap01	0.47,0.53	1	37,112	10.2534308246513	NA	NA	NA	NA	NA	NA	4137
HIP13854	TRBV11-1	ap01	ap01	ap01	0.47,0.53	1	9,9	11.7100774108315	NA	NA	NA	NA	NA	NA	4137
HIP13854	TRBV6-1	ap01	ap01	ap01	0.47,0.53	1	37,50	26.804682932956	NA	NA	NA	NA	NA	NA	4137
HIP13854	TRBV19	ap01	ap01	ap01	0.47,0.53	1	72,104	50.3711395335031	NA	NA	NA	NA	NA	NA	4137
HIP13854	TRBV7-7	ap01_C315T	ap01_C315T	ap01_C315T	0.47,0.53	1	16,9	9.52091000523165	NA	NA	NA	NA	NA	NA	4137
HIP13854	TRBV2	ap01	ap01	ap01	0.47,0.53	1	43,58	31.1802483468587	NA	NA	NA	NA	NA	NA	4137
HIP13854	TRBV6-8	ap01	ap01	ap01	0.47,0.53	1	1,3	0.284334770373445	NA	NA	NA	NA	NA	NA	4137
HIP13854	TRBV7-8	ap01,ap03	ap01,ap03	ap01,ap03	0.47,0.53	0.73,0.27	23,18	14.3910709418575	10,5	2.98615526167838	NA	NA	NA	NA	4137
HIP13854	TRBV6-56	ap01,ap02	ap01,ap02	ap01,ap02	0.47,0.53	0.71,0.29	45,78	10.2448009405749	23,28	8.29310851577482	NA	NA	NA	NA	4137
HIP13854	TRBV14	ap01	ap01	ap01	0.47,0.53	1	17,36	8.83802628384165	NA	NA	NA	NA	NA	NA	4137
HIP13854	TRBV6-23	ap01	ap01	ap01	0.47,0.53	1	70,37	37.8210687292413	NA	NA	NA	NA	NA	NA	4137
HIP13854	TRBV5-5	ap01	ap01	ap01	0.47,0.53	1	8,9	6.27901335048064	NA	NA	NA	NA	NA	NA	4137
HIP13854	TRBV1	ap01	ap01	ap01	0.47,0.53	1	9,19	4.69465836669065	NA	NA	NA	NA	NA	NA	4137
HIP13854	TRBV23-1	ap01	ap01	ap01	0.47,0.53	1	8,15	4.67727927548341	NA	NA	NA	NA	NA	NA	4137
HIP13854	TRBV5-8	ap01	ap01	ap01	0.47,0.53	1	8,10	6.01205767131444	NA	NA	NA	NA	NA	NA	4137
HIP13854	TRBV3-12	ap01	ap01	ap01	0.47,0.53	1	72,83	55.9772087959934	NA	NA	NA	NA	NA	NA	4137
HIP13854	TRBV7-4	ap01	ap01	ap01	0.47,0.53	1	5,1	0.0501669091147032	NA	NA	NA	NA	NA	NA	4137
HIP13854	TRBV6-4	ap01	ap01	ap01	0.47,0.53	1	43,45	34.6506721760194	NA	NA	NA	NA	NA	NA	4137
HIP13854	TRBV10-2	ap01	ap01	ap01	0.47,0.53	1	4,12	1.13733908149378	NA	NA	NA	NA	NA	NA	4137
HIP13854	TRBV10-3	ap01	ap01	ap01	0.47,0.53	1	39,39	50.7436687802698	NA	NA	NA	NA	NA	NA	4137
HIP13854	TRBV25-1	ap01	ap01	ap01	0.47,0.53	1	16,24	10.9562926259641	NA	NA	NA	NA	NA	NA	4137
HIP13854	TRBV12-5	ap01	ap01	ap01	0.47,0.53	1	14,6	5.30481266748784	NA	NA	NA	NA	NA	NA	4137
HIP13854	TRBV6-9	ap01	ap01	ap01	0.47,0.53	1	2,2	2.60223942462922	NA	NA	NA	NA	NA	NA	4137
HIP13854	TRBV5-7	ap01	Unk	ap01	0.47,0.53	1	1,0	0.312738200799977	NA	NA	NA	NA	NA	NA	4137
HIP13854	TRBV16	ap01	ap01	ap01	0.47,0.53	1	1,1	1.30111971231461	NA	NA	NA	NA	NA	NA	4137
HIP13854	TRBV17	Unk	Unk	NA	NA	NA	NA	NA	NA	NA	NA	NA	NA	NA	4137
HIP13854	TRBV26	Unk	Unk	NA	NA	NA	NA	NA	NA	NA	NA	NA	NA	NA	4137
HIP13854	TRBV7-1	Unk	Unk	NA	NA	NA	NA	NA	NA	NA	NA	NA	NA	NA	4137
