subject	gene	TRBD2_01	TRBD2_02	alleles	proirs_row	proirs_col	counts1	k1	counts2	k2	counts3	k3	counts4	k4	TOTAL
Keck0008_MC1	TRBV4-3	ap01	ap01	ap01	0.47,0.53	1	240,211	265.517963528639	NA	NA	NA	NA	NA	NA	13303
Keck0008_MC1	TRBV24-1	ap01	ap01	ap01	0.47,0.53	1	121,210	75.1636130424508	NA	NA	NA	NA	NA	NA	13303
Keck0008_MC1	TRBV6-1	ap01	ap01	ap01	0.47,0.53	1	80,75	96.0323310867138	NA	NA	NA	NA	NA	NA	13303
Keck0008_MC1	TRBV13	ap01	ap01	ap01	0.47,0.53	1	57,50	62.8790777062807	NA	NA	NA	NA	NA	NA	13303
Keck0008_MC1	TRBV6-23	ap01	ap01	ap01	0.47,0.53	1	355,338	43.4509806106733	NA	NA	NA	NA	NA	NA	13303
Keck0008_MC1	TRBV6-4	ap01	ap01	ap01	0.47,0.53	1	141,96	110.894223653993	NA	NA	NA	NA	NA	NA	13303
Keck0008_MC1	TRBV29-1	ap01,ap02	ap01,ap02	ap01,ap02	0.47,0.53	0.82,0.18	72,116	18.6115728847443	15,25	3.66189239178882	NA	NA	NA	NA	13303
Keck0008_MC1	TRBV7-7	ap01	ap01	ap01	0.47,0.53	1	33,33	42.9397114890712	NA	NA	NA	NA	NA	NA	13303
Keck0008_MC1	TRBV30	ap01	ap01	ap01	0.47,0.53	1	47,178	3.35012654241783	NA	NA	NA	NA	NA	NA	13303
Keck0008_MC1	TRBV20-1	ap01,ap02	ap01,ap02	ap01,ap02	0.47,0.53	0.88,0.12	271,315	101.503243853717	34,47	10.8003054814366	NA	NA	NA	NA	13303
Keck0008_MC1	TRBV3-12	ap01	ap01	ap01	0.47,0.53	1	326,360	257.662637473677	NA	NA	NA	NA	NA	NA	13303
Keck0008_MC1	TRBV27	ap01	ap01	ap01	0.47,0.53	1	232,339	161.17375669288	NA	NA	NA	NA	NA	NA	13303
Keck0008_MC1	TRBV10-1	ap01	ap01	ap01	0.47,0.53	1	89,111	66.9347851465088	NA	NA	NA	NA	NA	NA	13303
Keck0008_MC1	TRBV6-56	ap01,ap02	ap01,ap02	ap01,ap02	0.47,0.53	0.76,0.24	174,186	69.374676252859	60,52	43.3855059451747	NA	NA	NA	NA	13303
Keck0008_MC1	TRBV5-6	ap01	ap01	ap01	0.47,0.53	1	78,96	59.0052604204466	NA	NA	NA	NA	NA	NA	13303
Keck0008_MC1	TRBV7-2	ap01	ap01	ap01	0.47,0.53	1	398,332	41.1434947320112	NA	NA	NA	NA	NA	NA	13303
Keck0008_MC1	TRBV2	ap01	ap01	ap01	0.47,0.53	1	195,130	148.903449331365	NA	NA	NA	NA	NA	NA	13303
Keck0008_MC1	TRBV5-1	ap01	ap01	ap01	0.47,0.53	1	401,386	49.7590737191671	NA	NA	NA	NA	NA	NA	13303
Keck0008_MC1	TRBV25-1	ap01	ap01	ap01	0.47,0.53	1	44,71	28.7698156067696	NA	NA	NA	NA	NA	NA	13303
Keck0008_MC1	TRBV1	ap01	ap01	ap01	0.47,0.53	1	33,26	31.6501966233198	NA	NA	NA	NA	NA	NA	13303
Keck0008_MC1	TRBV12-34	ap01	ap01	ap01	0.47,0.53	1	304,230	276.219527041466	NA	NA	NA	NA	NA	NA	13303
Keck0008_MC1	TRBV7-9	ap01	ap01	ap01	0.47,0.53	1	185,197	148.174702995075	NA	NA	NA	NA	NA	NA	13303
Keck0008_MC1	TRBV9	ap01	ap01	ap01	0.47,0.53	1	328,303	38.6475012184686	NA	NA	NA	NA	NA	NA	13303
Keck0008_MC1	TRBV4-2	ap01	ap01	ap01	0.47,0.53	1	24,27	18.8358378134019	NA	NA	NA	NA	NA	NA	13303
Keck0008_MC1	TRBV18	ap01	ap01	ap01	0.47,0.53	1	120,177	82.9221073857246	NA	NA	NA	NA	NA	NA	13303
Keck0008_MC1	TRBV11-3	ap01	ap01	ap01	0.47,0.53	1	61,84	43.7535251364499	NA	NA	NA	NA	NA	NA	13303
Keck0008_MC1	TRBV4-1	ap01	ap01	ap01	0.47,0.53	1	204,181	228.351368931984	NA	NA	NA	NA	NA	NA	13303
Keck0008_MC1	TRBV7-3	ap02	ap02	ap02	0.47,0.53	1	74,87	57.0720700126363	NA	NA	NA	NA	NA	NA	13303
Keck0008_MC1	TRBV5-7	ap01	ap01	ap01	0.47,0.53	1	2,2	2.60240675691341	NA	NA	NA	NA	NA	NA	13303
Keck0008_MC1	TRBV11-2	ap01	ap01	ap01	0.47,0.53	1	149,149	193.879303390049	NA	NA	NA	NA	NA	NA	13303
Keck0008_MC1	TRBV19	ap01	ap01	ap01	0.47,0.53	1	238,305	176.80476563462	NA	NA	NA	NA	NA	NA	13303
Keck0008_MC1	TRBV15	ap02	ap02	ap02	0.47,0.53	1	82,88	65.494888651634	NA	NA	NA	NA	NA	NA	13303
Keck0008_MC1	TRBV7-6	ap01	ap01	ap01	0.47,0.53	1	97,71	84.2842439232235	NA	NA	NA	NA	NA	NA	13303
Keck0008_MC1	TRBV5-4	ap01	ap01	ap01	0.47,0.53	1	156,155	201.374939201281	NA	NA	NA	NA	NA	NA	13303
Keck0008_MC1	TRBV21-1	ap01	ap01	ap01	0.47,0.53	1	85,139	55.0846418289953	NA	NA	NA	NA	NA	NA	13303
Keck0008_MC1	TRBV28	Del	ap01	ap01	0.47,0.53	1	93,481	27.8893217538666	NA	NA	NA	NA	NA	NA	13303
Keck0008_MC1	TRBV7-8	ap01,ap03	ap01,ap03	ap01,ap03	0.47,0.53	0.63,0.37	52,52	45.6181387312085	24,36	6.89351723102014	NA	NA	NA	NA	13303
Keck0008_MC1	TRBV14	ap01	ap01	ap01	0.47,0.53	1	44,76	27.4296868351881	NA	NA	NA	NA	NA	NA	13303
Keck0008_MC1	TRBV10-3	ap01	ap01	ap01	0.47,0.53	1	109,128	84.1054583064167	NA	NA	NA	NA	NA	NA	13303
Keck0008_MC1	TRBV23-1	ap01	ap01	ap01	0.47,0.53	1	28,28	36.4336945967877	NA	NA	NA	NA	NA	NA	13303
Keck0008_MC1	TRBV5-3	ap01	ap01	ap01	0.47,0.53	1	19,35	11.2598540330502	NA	NA	NA	NA	NA	NA	13303
Keck0008_MC1	TRBV12-2	ap01	ap01	ap01	0.47,0.53	1	14,26	8.24030807607564	NA	NA	NA	NA	NA	NA	13303
Keck0008_MC1	TRBV7-4	ap01	ap01	ap01	0.47,0.53	1	13,18	9.29815856144182	NA	NA	NA	NA	NA	NA	13303
Keck0008_MC1	TRBV10-2	ap01	ap01	ap01	0.47,0.53	1	49,70	34.4696191069071	NA	NA	NA	NA	NA	NA	13303
Keck0008_MC1	TRBV12-1	ap01	ap01	ap01	0.47,0.53	1	7,18	2.7800252664563	NA	NA	NA	NA	NA	NA	13303
Keck0008_MC1	TRBV6-7	ap01	ap01	ap01	0.47,0.53	1	17,14	17.2820939198705	NA	NA	NA	NA	NA	NA	13303
Keck0008_MC1	TRBV6-9	ap01	ap01	ap01	0.47,0.53	1	7,2	1.04448445937448	NA	NA	NA	NA	NA	NA	13303
Keck0008_MC1	TRBV12-5	ap01	ap01	ap01	0.47,0.53	1	43,36	44.6622304078868	NA	NA	NA	NA	NA	NA	13303
Keck0008_MC1	TRBV5-8	ap01	ap01	ap01	0.47,0.53	1	32,33	25.9185276808181	NA	NA	NA	NA	NA	NA	13303
Keck0008_MC1	TRBV5-5	ap01	ap01	ap01	0.47,0.53	1	36,43	27.583692334312	NA	NA	NA	NA	NA	NA	13303
Keck0008_MC1	TRBV11-1	ap01	ap01	ap01	0.47,0.53	1	5,8	3.28757171129084	NA	NA	NA	NA	NA	NA	13303
Keck0008_MC1	TRBV16	Unk	ap01	ap01	0.47,0.53	1	0,4	1.07210301726521	NA	NA	NA	NA	NA	NA	13303
Keck0008_MC1	TRBV7-1	ap01_G291C_T296C	ap01_G291C_T296C	ap01_G291C_T296C	0.47,0.53	1	4,2	1.97923783789784	NA	NA	NA	NA	NA	NA	13303
Keck0008_MC1	TRBV6-8	ap01	ap01	ap01	0.47,0.53	1	7,7	9.10842364919692	NA	NA	NA	NA	NA	NA	13303
Keck0008_MC1	TRBV17	Unk	Unk	NA	NA	NA	NA	NA	NA	NA	NA	NA	NA	NA	13303
Keck0008_MC1	TRBV26	Unk	Unk	NA	NA	NA	NA	NA	NA	NA	NA	NA	NA	NA	13303
