subject	gene	TRBD2_01	TRBD2_02	alleles	proirs_row	proirs_col	counts1	k1	counts2	k2	counts3	k3	counts4	k4	TOTAL
HIP00771	TRBV4-3	ap01	Del	ap01	0.48,0.52	1	347,15	80.32385905599	NA	NA	NA	NA	NA	NA	24903
HIP00771	TRBV3-12	ap01	ap01	ap01	0.48,0.52	1	618,519	64.5815570642761	NA	NA	NA	NA	NA	NA	24903
HIP00771	TRBV19	ap01	ap01	ap01	0.48,0.52	1	430,601	304.504393883343	NA	NA	NA	NA	NA	NA	24903
HIP00771	TRBV27	ap01	ap01	ap01	0.48,0.52	1	468,706	31.6971110953099	NA	NA	NA	NA	NA	NA	24903
HIP00771	TRBV15	ap02	ap02	ap02	0.48,0.52	1	132,191	91.6645698628096	NA	NA	NA	NA	NA	NA	24903
HIP00771	TRBV28	ap01	ap01	ap01	0.48,0.52	1	515,785	34.654954476301	NA	NA	NA	NA	NA	NA	24903
HIP00771	TRBV13	ap01	ap01	ap01	0.48,0.52	1	120,118	153.000845812177	NA	NA	NA	NA	NA	NA	24903
HIP00771	TRBV6-23	ap01	ap01	ap01	0.48,0.52	1	544,202	160.089295650295	NA	NA	NA	NA	NA	NA	24903
HIP00771	TRBV4-2	ap01	ap01	ap01	0.48,0.52	1	376,250	287.533985513442	NA	NA	NA	NA	NA	NA	24903
HIP00771	TRBV6-4	ap01	ap01	ap01	0.48,0.52	1	230,239	185.828362304618	NA	NA	NA	NA	NA	NA	24903
HIP00771	TRBV5-6	ap01	ap01	ap01	0.48,0.52	1	204,205	166.765266166572	NA	NA	NA	NA	NA	NA	24903
HIP00771	TRBV10-2	ap01	ap01	ap01	0.48,0.52	1	93,54	58.563282233765	NA	NA	NA	NA	NA	NA	24903
HIP00771	TRBV24-1	ap01	ap01	ap01	0.48,0.52	1	327,436	237.4212610611	NA	NA	NA	NA	NA	NA	24903
HIP00771	TRBV4-1	ap01	ap01	ap01	0.48,0.52	1	329,407	247.687701048426	NA	NA	NA	NA	NA	NA	24903
HIP00771	TRBV5-1	ap01	ap01	ap01	0.48,0.52	1	831,851	67.4890131021957	NA	NA	NA	NA	NA	NA	24903
HIP00771	TRBV12-34	ap01	ap01	ap01	0.48,0.52	1	388,431	305.741479843204	NA	NA	NA	NA	NA	NA	24903
HIP00771	TRBV5-4	ap01	ap01	ap01	0.48,0.52	1	318,328	257.608044504461	NA	NA	NA	NA	NA	NA	24903
HIP00771	TRBV11-2	ap01	ap01	ap01	0.48,0.52	1	313,266	33.212081106015	NA	NA	NA	NA	NA	NA	24903
HIP00771	TRBV12-1	ap01	ap01	ap01	0.48,0.52	1	25,23	29.3379374655592	NA	NA	NA	NA	NA	NA	24903
HIP00771	TRBV10-1	ap01	ap01	ap01	0.48,0.52	1	161,129	158.29715634535	NA	NA	NA	NA	NA	NA	24903
HIP00771	TRBV2	ap01	ap01	ap01	0.48,0.52	1	450,445	57.7759338235628	NA	NA	NA	NA	NA	NA	24903
HIP00771	TRBV7-2	ap01	ap01	ap01	0.48,0.52	1	571,374	42.7593249435184	NA	NA	NA	NA	NA	NA	24903
HIP00771	TRBV7-7	ap01_C315T	ap01_C315T	ap01_C315T	0.48,0.52	1	73,64	80.6029830193173	NA	NA	NA	NA	NA	NA	24903
HIP00771	TRBV20-1	ap01,ap02	ap01,ap02	ap01,ap02	0.48,0.52	0.87,0.13	508,604	185.57052454117	85,87	34.8255100606392	NA	NA	NA	NA	24903
HIP00771	TRBV9	ap01	ap01	ap01	0.48,0.52	1	357,381	285.64599467894	NA	NA	NA	NA	NA	NA	24903
HIP00771	TRBV25-1	ap01	ap01	ap01	0.48,0.52	1	92,149	59.4676142517	NA	NA	NA	NA	NA	NA	24903
HIP00771	TRBV10-3	ap01	ap01	ap01	0.48,0.52	1	162,182	127.085340731085	NA	NA	NA	NA	NA	NA	24903
HIP00771	TRBV7-8	ap01,ap03	ap01,ap03	ap01,ap03	0.48,0.52	0.64,0.36	92,103	35.3215871454552	57,51	43.0961931848078	NA	NA	NA	NA	24903
HIP00771	TRBV6-1	ap01	ap01	ap01	0.48,0.52	1	161,196	122.091294245569	NA	NA	NA	NA	NA	NA	24903
HIP00771	TRBV11-3	ap01	ap01	ap01	0.48,0.52	1	122,162	88.7647507614876	NA	NA	NA	NA	NA	NA	24903
HIP00771	TRBV12-2	ap01	ap01	ap01	0.48,0.52	1	46,52	35.996614992485	NA	NA	NA	NA	NA	NA	24903
HIP00771	TRBV7-9	ap01	ap01	ap01	0.48,0.52	1	475,584	35.8609764742787	NA	NA	NA	NA	NA	NA	24903
HIP00771	TRBV5-8	ap01	ap01	ap01	0.48,0.52	1	38,58	25.5490268356167	NA	NA	NA	NA	NA	NA	24903
HIP00771	TRBV18	ap01	ap01	ap01	0.48,0.52	1	212,255	161.625421410927	NA	NA	NA	NA	NA	NA	24903
HIP00771	TRBV21-1	ap01	ap01	ap01	0.48,0.52	1	204,343	128.353377917877	NA	NA	NA	NA	NA	NA	24903
HIP00771	TRBV7-3	ap03	ap03	ap03	0.48,0.52	1	124,153	93.4642504229164	NA	NA	NA	NA	NA	NA	24903
HIP00771	TRBV5-3	ap01	ap01	ap01	0.48,0.52	1	20,44	9.69649643077238	NA	NA	NA	NA	NA	NA	24903
HIP00771	TRBV6-56	ap01,ap02	ap01,ap02	ap01,ap02	0.48,0.52	0.7,0.3	291,329	110.862899192113	111,152	35.1723870718108	NA	NA	NA	NA	24903
HIP00771	TRBV14	ap01	ap01	ap01	0.48,0.52	1	113,187	71.9313810376291	NA	NA	NA	NA	NA	NA	24903
HIP00771	TRBV6-7	ap01	ap01	ap01	0.48,0.52	1	23,33	16.0498783821783	NA	NA	NA	NA	NA	NA	24903
HIP00771	TRBV6-9	ap01	ap01	ap01	0.48,0.52	1	15,14	17.9232557945327	NA	NA	NA	NA	NA	NA	24903
HIP00771	TRBV30	Del	ap01	ap01	0.48,0.52	1	83,402	20.8288751873931	NA	NA	NA	NA	NA	NA	24903
HIP00771	TRBV5-5	ap01	ap01	ap01	0.48,0.52	1	58,78	41.9258516574664	NA	NA	NA	NA	NA	NA	24903
HIP00771	TRBV12-5	ap01	ap01	ap01	0.48,0.52	1	59,54	68.7888417774436	NA	NA	NA	NA	NA	NA	24903
HIP00771	TRBV23-1	ap01	ap01	ap01	0.48,0.52	1	52,75	36.1777631620268	NA	NA	NA	NA	NA	NA	24903
HIP00771	TRBV7-6	ap01	ap01	ap01	0.48,0.52	1	166,172	134.257563923583	NA	NA	NA	NA	NA	NA	24903
HIP00771	TRBV29-1	ap01,ap02	ap01,ap02	ap01,ap02	0.48,0.52	0.83,0.17	167,232	52.0269915989747	32,52	7.94375179724855	NA	NA	NA	NA	24903
HIP00771	TRBV11-1	ap01	ap01	ap01	0.48,0.52	1	27,36	19.6035903628431	NA	NA	NA	NA	NA	NA	24903
HIP00771	TRBV1	ap01	ap01	ap01	0.48,0.52	1	64,47	56.0678169891189	NA	NA	NA	NA	NA	NA	24903
HIP00771	TRBV6-8	ap01	ap01	ap01	0.48,0.52	1	21,12	12.9138121348529	NA	NA	NA	NA	NA	NA	24903
HIP00771	TRBV7-1	ap01_G291C_T296C	ap01_G291C_T296C	ap01_G291C_T296C	0.48,0.52	1	8,10	5.9940358961501	NA	NA	NA	NA	NA	NA	24903
HIP00771	TRBV7-4	ap01	ap01	ap01	0.48,0.52	1	22,21	27.0352595674413	NA	NA	NA	NA	NA	NA	24903
HIP00771	TRBV5-7	ap01	ap01	ap01	0.48,0.52	1	7,4	4.30460404495096	NA	NA	NA	NA	NA	NA	24903
HIP00771	TRBV16	ap01	ap01	ap01	0.48,0.52	1	4,9	1.8836298828955	NA	NA	NA	NA	NA	NA	24903
HIP00771	TRBV17	Unk	Unk	NA	NA	NA	NA	NA	NA	NA	NA	NA	NA	NA	24903
HIP00771	TRBV26	Unk	Unk	NA	NA	NA	NA	NA	NA	NA	NA	NA	NA	NA	24903
