subject	gene	TRBD2_01	TRBD2_02	alleles	proirs_row	proirs_col	counts1	k1	counts2	k2	counts3	k3	counts4	k4	TOTAL
HIP09051	TRBV24-1	ap01	ap01	ap01	0.44,0.56	1	99,140	70.6108655843375	NA	NA	NA	NA	NA	NA	12827
HIP09051	TRBV6-23	ap01	ap01	ap01	0.44,0.56	1	72,88	54.7672359829646	NA	NA	NA	NA	NA	NA	12827
HIP09051	TRBV11-2	ap01	ap01	ap01	0.44,0.56	1	147,174	113.216430064659	NA	NA	NA	NA	NA	NA	12827
HIP09051	TRBV25-1	ap01	ap01	ap01	0.44,0.56	1	48,86	29.7585980384048	NA	NA	NA	NA	NA	NA	12827
HIP09051	TRBV28	ap01	ap01	ap01	0.44,0.56	1	25,59	11.9890009361134	NA	NA	NA	NA	NA	NA	12827
HIP09051	TRBV27	ap01	ap01	ap01	0.44,0.56	1	192,339	120.269677388419	NA	NA	NA	NA	NA	NA	12827
HIP09051	TRBV2	ap01	ap01	ap01	0.44,0.56	1	228,299	168.406087324536	NA	NA	NA	NA	NA	NA	12827
HIP09051	TRBV12-34	ap01	ap01	ap01	0.44,0.56	1	273,392	193.247442029411	NA	NA	NA	NA	NA	NA	12827
HIP09051	TRBV3-12	ap01	ap01	ap01	0.44,0.56	1	271,282	218.298487858464	NA	NA	NA	NA	NA	NA	12827
HIP09051	TRBV7-3	ap01	ap01	ap01	0.44,0.56	1	161,207	119.940152870761	NA	NA	NA	NA	NA	NA	12827
HIP09051	TRBV29-1	ap01,ap02	ap01,ap02	ap01,ap02	0.44,0.56	0.87,0.13	94,145	26.9575287743548	16,21	5.46679162638365	NA	NA	NA	NA	12827
HIP09051	TRBV19	ap01	ap01	ap01	0.44,0.56	1	210,303	148.290795107836	NA	NA	NA	NA	NA	NA	12827
HIP09051	TRBV6-56	ap01,ap02	ap01,ap02	ap01,ap02	0.44,0.56	0.75,0.25	160,156	135.609724188671	45,59	15.3902643741481	NA	NA	NA	NA	12827
HIP09051	TRBV4-1	ap01	ap01	ap01	0.44,0.56	1	177,236	129.777333201243	NA	NA	NA	NA	NA	NA	12827
HIP09051	TRBV4-2	ap01	ap01	ap01	0.44,0.56	1	144,130	164.101501873816	NA	NA	NA	NA	NA	NA	12827
HIP09051	TRBV9	ap01	ap01	ap01	0.44,0.56	1	381,443	295.409916807613	NA	NA	NA	NA	NA	NA	12827
HIP09051	TRBV5-4	ap01	ap01	ap01	0.44,0.56	1	181,193	144.6512448936	NA	NA	NA	NA	NA	NA	12827
HIP09051	TRBV6-4	ap01	ap01	ap01	0.44,0.56	1	60,85	42.7570311046046	NA	NA	NA	NA	NA	NA	12827
HIP09051	TRBV7-9	ap01	ap01	ap01	0.44,0.56	1	251,344	181.728657581548	NA	NA	NA	NA	NA	NA	12827
HIP09051	TRBV21-1	ap01	ap01	ap01	0.44,0.56	1	87,156	53.9065768137387	NA	NA	NA	NA	NA	NA	12827
HIP09051	TRBV5-1	ap01	ap01	ap01	0.44,0.56	1	374,458	284.265758425324	NA	NA	NA	NA	NA	NA	12827
HIP09051	TRBV20-1	ap01,ap02	ap01,ap02	ap01,ap02	0.44,0.56	0.85,0.15	279,360	96.803558554528	47,67	14.7911017822558	NA	NA	NA	NA	12827
HIP09051	TRBV10-1	ap01	ap01	ap01	0.44,0.56	1	75,71	90.8473141876269	NA	NA	NA	NA	NA	NA	12827
HIP09051	TRBV14	ap01	ap01	ap01	0.44,0.56	1	66,97	46.1680345507052	NA	NA	NA	NA	NA	NA	12827
HIP09051	TRBV1	ap01	ap01	ap01	0.44,0.56	1	28,33	21.6003281618817	NA	NA	NA	NA	NA	NA	12827
HIP09051	TRBV7-6	ap01	ap01	ap01	0.44,0.56	1	90,106	69.4472731665456	NA	NA	NA	NA	NA	NA	12827
HIP09051	TRBV5-3	ap01	ap01	ap01	0.44,0.56	1	17,28	11.1468520457115	NA	NA	NA	NA	NA	NA	12827
HIP09051	TRBV5-8	ap01	ap01	ap01	0.44,0.56	1	35,31	38.9100659908747	NA	NA	NA	NA	NA	NA	12827
HIP09051	TRBV6-9	ap01	ap01	ap01	0.44,0.56	1	4,7	2.52105934436039	NA	NA	NA	NA	NA	NA	12827
HIP09051	TRBV11-1	ap01	ap01	ap01	0.44,0.56	1	18,28	12.2094667139815	NA	NA	NA	NA	NA	NA	12827
HIP09051	TRBV30	ap01	ap01	ap01	0.44,0.56	1	215,216	175.097831534701	NA	NA	NA	NA	NA	NA	12827
HIP09051	TRBV23-1	ap01	ap01	ap01	0.44,0.56	1	31,43	22.3176016970923	NA	NA	NA	NA	NA	NA	12827
HIP09051	TRBV5-5	ap01	ap01	ap01	0.44,0.56	1	47,32	36.519918451371	NA	NA	NA	NA	NA	NA	12827
HIP09051	TRBV10-2	ap01	ap01	ap01	0.44,0.56	1	35,66	20.8857482900937	NA	NA	NA	NA	NA	NA	12827
HIP09051	TRBV5-6	ap01	ap01	ap01	0.44,0.56	1	115,141	87.3656432296974	NA	NA	NA	NA	NA	NA	12827
HIP09051	TRBV10-3	ap01	ap01	ap01	0.44,0.56	1	121,140	93.9883882862773	NA	NA	NA	NA	NA	NA	12827
HIP09051	TRBV15	ap02	ap02	ap02	0.44,0.56	1	71,87	53.9516783616546	NA	NA	NA	NA	NA	NA	12827
HIP09051	TRBV11-3	ap01	ap01	ap01	0.44,0.56	1	61,92	42.090246444155	NA	NA	NA	NA	NA	NA	12827
HIP09051	TRBV7-8	ap01,ap03	ap02,ap03_C297A	ap01,ap02,ap03,ap03_C297A	0.44,0.56	0.22,0.40,0.12,0.25	57,3	13.5365070643978	18,90	9.68738571092363	27,4	3.37824224658751	7,61	9.97109344209344	12827
HIP09051	TRBV6-1	ap01	ap01	ap01	0.44,0.56	1	85,102	65.1224280130354	NA	NA	NA	NA	NA	NA	12827
HIP09051	TRBV13	ap01	ap01	ap01	0.44,0.56	1	66,64	82.4289464339994	NA	NA	NA	NA	NA	NA	12827
HIP09051	TRBV12-1	ap01	ap01	ap01	0.44,0.56	1	8,10	6.03034687656053	NA	NA	NA	NA	NA	NA	12827
HIP09051	TRBV18	ap01	ap01	ap01	0.44,0.56	1	91,110	69.5216596469758	NA	NA	NA	NA	NA	NA	12827
HIP09051	TRBV6-8	ap01	ap01	ap01	0.44,0.56	1	3,6	1.70550172305034	NA	NA	NA	NA	NA	NA	12827
HIP09051	TRBV7-7	ap01_C315T	ap01_C315T	ap01_C315T	0.44,0.56	1	42,41	52.9003540612689	NA	NA	NA	NA	NA	NA	12827
HIP09051	TRBV12-5	ap01	ap01	ap01	0.44,0.56	1	45,59	33.2412943015131	NA	NA	NA	NA	NA	NA	12827
HIP09051	TRBV7-2	ap01	ap01_G297A	ap01,ap01_G297A	0.44,0.56	0.4,0.6	90,4	22.2402286113711	12,127	22.4449126806617	NA	NA	NA	NA	12827
HIP09051	TRBV6-7	ap01	ap01	ap01	0.44,0.56	1	9,11	6.84590449787058	NA	NA	NA	NA	NA	NA	12827
HIP09051	TRBV7-4	ap01	ap01	ap01	0.44,0.56	1	5,12	2.34838877783069	NA	NA	NA	NA	NA	NA	12827
HIP09051	TRBV12-2	ap01	ap01	ap01	0.44,0.56	1	16,23	11.3195226122412	NA	NA	NA	NA	NA	NA	12827
HIP09051	TRBV16	ap01	ap01	ap01	0.44,0.56	1	4,5	3.01517343828026	NA	NA	NA	NA	NA	NA	12827
HIP09051	TRBV7-1	Unk	ap01_G291C_T296C	ap01_G291C_T296C	0.44,0.56	1	2,10	0.345341133059406	NA	NA	NA	NA	NA	NA	12827
HIP09051	TRBV5-7	Unk	ap01	ap01	0.44,0.56	1	1,6	0.419727613489641	NA	NA	NA	NA	NA	NA	12827
HIP09051	TRBV17	Unk	Unk	NA	NA	NA	NA	NA	NA	NA	NA	NA	NA	NA	12827
HIP09051	TRBV26	Unk	Unk	NA	NA	NA	NA	NA	NA	NA	NA	NA	NA	NA	12827
HIP09051	TRBV4-3	Del	Del	Del	NA	NA	NA	1000	NA	NA	NA	NA	NA	NA	12827
