subject	gene	TRBD2_01	TRBD2_02	alleles	proirs_row	proirs_col	counts1	k1	counts2	k2	counts3	k3	counts4	k4	TOTAL
HIP13720	TRBV6-1	ap01	ap01	ap01	0.47,0.53	1	132,115	144.456230313152	NA	NA	NA	NA	NA	NA	17895
HIP13720	TRBV6-56	ap01,ap02	ap01,ap02	ap01,ap02	0.47,0.53	0.72,0.28	234,291	82.4434402837002	105,104	90.9432906658643	NA	NA	NA	NA	17895
HIP13720	TRBV6-4	ap01	ap01	ap01	0.47,0.53	1	179,146	179.893923665701	NA	NA	NA	NA	NA	NA	17895
HIP13720	TRBV15	ap02	ap02	ap02	0.47,0.53	1	118,141	90.3286157197747	NA	NA	NA	NA	NA	NA	17895
HIP13720	TRBV7-9	ap01	ap01	ap01	0.47,0.53	1	269,380	189.956738476089	NA	NA	NA	NA	NA	NA	17895
HIP13720	TRBV7-2	ap01	ap01	ap01	0.47,0.53	1	372,178	172.149317166134	NA	NA	NA	NA	NA	NA	17895
HIP13720	TRBV2	ap01	ap01	ap01	0.47,0.53	1	209,253	159.09961000392	NA	NA	NA	NA	NA	NA	17895
HIP13720	TRBV5-1	ap01	ap01	ap01	0.47,0.53	1	588,795	42.4932447480879	NA	NA	NA	NA	NA	NA	17895
HIP13720	TRBV9	ap01	ap01	ap01	0.47,0.53	1	511,553	40.6867423009312	NA	NA	NA	NA	NA	NA	17895
HIP13720	TRBV6-23	ap01	ap01	ap01	0.47,0.53	1	417,142	100.446041411422	NA	NA	NA	NA	NA	NA	17895
HIP13720	TRBV21-1	ap01	ap01	ap01	0.47,0.53	1	96,150	63.8703684240927	NA	NA	NA	NA	NA	NA	17895
HIP13720	TRBV19	ap01	ap01	ap01	0.47,0.53	1	306,383	229.511871586341	NA	NA	NA	NA	NA	NA	17895
HIP13720	TRBV20-1	ap01,ap02	ap01,ap02	ap01,ap02	0.47,0.53	0.83,0.17	330,388	122.151812130871	69,77	26.6259868528686	NA	NA	NA	NA	17895
HIP13720	TRBV13	ap01	ap01	ap01	0.47,0.53	1	118,139	90.8736895118282	NA	NA	NA	NA	NA	NA	17895
HIP13720	TRBV12-34	ap01	ap01	ap01	0.47,0.53	1	386,473	292.275969967355	NA	NA	NA	NA	NA	NA	17895
HIP13720	TRBV10-3	ap01	ap01	ap01	0.47,0.53	1	183,197	145.991639998807	NA	NA	NA	NA	NA	NA	17895
HIP13720	TRBV1	ap01	ap01	ap01	0.47,0.53	1	35,51	24.2910516253825	NA	NA	NA	NA	NA	NA	17895
HIP13720	TRBV4-1	ap01	ap01	ap01	0.47,0.53	1	222,282	165.38105811045	NA	NA	NA	NA	NA	NA	17895
HIP13720	TRBV24-1	ap01	ap01	ap01	0.47,0.53	1	187,310	119.559591698954	NA	NA	NA	NA	NA	NA	17895
HIP13720	TRBV10-1	ap01	ap01	ap01	0.47,0.53	1	73,124	45.8597572515545	NA	NA	NA	NA	NA	NA	17895
HIP13720	TRBV4-3	ap01	Del	ap01	0.47,0.53	1	222,9	53.6317288689088	NA	NA	NA	NA	NA	NA	17895
HIP13720	TRBV7-3	ap01	ap01	ap01	0.47,0.53	1	275,274	35.6302002781808	NA	NA	NA	NA	NA	NA	17895
HIP13720	TRBV4-2	ap01	ap01	ap01	0.47,0.53	1	246,148	162.555897409299	NA	NA	NA	NA	NA	NA	17895
HIP13720	TRBV14	ap01	ap01	ap01	0.47,0.53	1	90,139	60.3213428536304	NA	NA	NA	NA	NA	NA	17895
HIP13720	TRBV5-5	ap01	ap01	ap01	0.47,0.53	1	32,35	25.3781762484323	NA	NA	NA	NA	NA	NA	17895
HIP13720	TRBV27	ap01	ap01	ap01	0.47,0.53	1	268,387	186.957824966108	NA	NA	NA	NA	NA	NA	17895
HIP13720	TRBV7-8	ap01,ap03	ap01,ap03	ap01,ap03	0.47,0.53	0.61,0.39	63,82	21.2356319989051	49,45	38.3696231133531	NA	NA	NA	NA	17895
HIP13720	TRBV29-1	ap01,ap02	ap01,ap02	ap01,ap02	0.47,0.53	0.87,0.13	145,214	42.2316477797899	17,35	2.3456426928285	NA	NA	NA	NA	17895
HIP13720	TRBV6-7	ap01	ap01	ap01	0.47,0.53	1	14,19	10.0979723045905	NA	NA	NA	NA	NA	NA	17895
HIP13720	TRBV18	ap01	ap01	ap01	0.47,0.53	1	139,164	106.974527104808	NA	NA	NA	NA	NA	NA	17895
HIP13720	TRBV5-3	ap01	ap01	ap01	0.47,0.53	1	35,47	25.3811992094895	NA	NA	NA	NA	NA	NA	17895
HIP13720	TRBV5-6	ap01	ap01	ap01	0.47,0.53	1	172,169	219.031781075699	NA	NA	NA	NA	NA	NA	17895
HIP13720	TRBV12-2	ap01	ap01	ap01	0.47,0.53	1	22,40	13.1039393903707	NA	NA	NA	NA	NA	NA	17895
HIP13720	TRBV7-6	ap01	ap01	ap01	0.47,0.53	1	101,152	68.7810708210031	NA	NA	NA	NA	NA	NA	17895
HIP13720	TRBV5-4	ap01	ap01	ap01	0.47,0.53	1	277,282	225.394596189053	NA	NA	NA	NA	NA	NA	17895
HIP13720	TRBV7-1	Unk	ap01_G291C_T296C	ap01_G291C_T296C	0.47,0.53	1	2,9	0.270521588655294	NA	NA	NA	NA	NA	NA	17895
HIP13720	TRBV30	ap01	ap01	ap01	0.47,0.53	1	268,429	175.511275332984	NA	NA	NA	NA	NA	NA	17895
HIP13720	TRBV11-2	ap01	ap01	ap01	0.47,0.53	1	131,156	100.425580370679	NA	NA	NA	NA	NA	NA	17895
HIP13720	TRBV3-12	ap01	ap01	ap01	0.47,0.53	1	265,278	213.390880919647	NA	NA	NA	NA	NA	NA	17895
HIP13720	TRBV5-8	ap01	ap01	ap01	0.47,0.53	1	34,42	25.6527284518305	NA	NA	NA	NA	NA	NA	17895
HIP13720	TRBV12-5	ap01	ap01	ap01	0.47,0.53	1	65,67	52.6651184227377	NA	NA	NA	NA	NA	NA	17895
HIP13720	TRBV11-3	ap01	ap01	ap01	0.47,0.53	1	74,95	54.8544824741234	NA	NA	NA	NA	NA	NA	17895
HIP13720	TRBV10-2	ap01	ap01	ap01	0.47,0.53	1	25,60	10.9266671832138	NA	NA	NA	NA	NA	NA	17895
HIP13720	TRBV7-7	ap01_C315T	ap01_C315T	ap01_C315T	0.47,0.53	1	69,59	73.720175888319	NA	NA	NA	NA	NA	NA	17895
HIP13720	TRBV25-1	ap01	ap01	ap01	0.47,0.53	1	81,144	49.1382612333616	NA	NA	NA	NA	NA	NA	17895
HIP13720	TRBV6-8	ap01	ap01	ap01	0.47,0.53	1	12,8	9.18479631948115	NA	NA	NA	NA	NA	NA	17895
HIP13720	TRBV12-1	ap01	ap01	ap01	0.47,0.53	1	11,13	8.45972796737269	NA	NA	NA	NA	NA	NA	17895
HIP13720	TRBV7-4	ap01	ap01	ap01	0.47,0.53	1	12,16	8.73327251708518	NA	NA	NA	NA	NA	NA	17895
HIP13720	TRBV28	ap01	ap01	ap01	0.47,0.53	1	33,52	21.8362042537701	NA	NA	NA	NA	NA	NA	17895
HIP13720	TRBV23-1	ap01	ap01	ap01	0.47,0.53	1	27,53	15.0167359309867	NA	NA	NA	NA	NA	NA	17895
HIP13720	TRBV6-9	ap01	ap01	ap01	0.47,0.53	1	10,16	6.55096204149962	NA	NA	NA	NA	NA	NA	17895
HIP13720	TRBV5-7	ap01	ap01	ap01	0.47,0.53	1	2,7	0.274552203398229	NA	NA	NA	NA	NA	NA	17895
HIP13720	TRBV11-1	ap01	ap01	ap01	0.47,0.53	1	22,24	17.4645297267989	NA	NA	NA	NA	NA	NA	17895
HIP13720	TRBV16	ap01	ap01	ap01	0.47,0.53	1	3,2	2.29619907987029	NA	NA	NA	NA	NA	NA	17895
HIP13720	TRBV17	Unk	Unk	NA	NA	NA	NA	NA	NA	NA	NA	NA	NA	NA	17895
HIP13720	TRBV26	Unk	Unk	NA	NA	NA	NA	NA	NA	NA	NA	NA	NA	NA	17895
