subject	gene	TRBD2_01	TRBD2_02	alleles	proirs_row	proirs_col	counts1	k1	counts2	k2	counts3	k3	counts4	k4	TOTAL
HIP14237	TRBV19	ap01	ap01	ap01	0.45,0.55	1	110,194	68.4045130731955	NA	NA	NA	NA	NA	NA	7571
HIP14237	TRBV7-9	ap01	ap01	ap01	0.45,0.55	1	117,151	86.8983693910129	NA	NA	NA	NA	NA	NA	7571
HIP14237	TRBV5-1	ap01	ap01	ap01	0.45,0.55	1	256,243	311.630740309983	NA	NA	NA	NA	NA	NA	7571
HIP14237	TRBV7-3	ap01	ap03	ap01,ap03	0.45,0.55	0.68,0.32	76,4	17.4413661943718	1,37	8.46362460181454	NA	NA	NA	NA	7571
HIP14237	TRBV7-6	ap01	ap01	ap01	0.45,0.55	1	44,42	53.9424660327549	NA	NA	NA	NA	NA	NA	7571
HIP14237	TRBV4-2	ap01	ap01	ap01	0.45,0.55	1	94,79	97.8055558759996	NA	NA	NA	NA	NA	NA	7571
HIP14237	TRBV3-12	ap01	ap01	ap01	0.45,0.55	1	106,146	76.3786977338832	NA	NA	NA	NA	NA	NA	7571
HIP14237	TRBV5-3	ap01	ap01	ap01	0.45,0.55	1	19,11	11.6945188723884	NA	NA	NA	NA	NA	NA	7571
HIP14237	TRBV10-2	Unk	ap01	ap01	0.45,0.55	1	10,46	1.02835707630543	NA	NA	NA	NA	NA	NA	7571
HIP14237	TRBV6-1	ap01	ap01	ap01	0.45,0.55	1	47,66	33.5430340011907	NA	NA	NA	NA	NA	NA	7571
HIP14237	TRBV11-1	ap01	ap01	ap01	0.45,0.55	1	10,12	7.65869097185764	NA	NA	NA	NA	NA	NA	7571
HIP14237	TRBV27	ap01	ap01	ap01	0.45,0.55	1	100,125	75.30940265267	NA	NA	NA	NA	NA	NA	7571
HIP14237	TRBV6-23	ap01	ap01	ap01	0.45,0.55	1	208,257	157.410061757097	NA	NA	NA	NA	NA	NA	7571
HIP14237	TRBV5-6	ap01	ap01	ap01	0.45,0.55	1	49,67	35.432474174016	NA	NA	NA	NA	NA	NA	7571
HIP14237	TRBV24-1	ap01	ap01	ap01	0.45,0.55	1	61,140	29.650520527823	NA	NA	NA	NA	NA	NA	7571
HIP14237	TRBV5-4	ap01	ap01	ap01	0.45,0.55	1	96,104	76.3850491574635	NA	NA	NA	NA	NA	NA	7571
HIP14237	TRBV12-2	ap01	ap01	ap01	0.45,0.55	1	8,18	3.98074090676347	NA	NA	NA	NA	NA	NA	7571
HIP14237	TRBV6-56	ap01,ap02	ap01,ap02	ap01,ap02	0.45,0.55	0.76,0.24	112,152	36.7910354618721	39,43	15.260270592144	NA	NA	NA	NA	7571
HIP14237	TRBV5-8	ap01	ap01	ap01	0.45,0.55	1	20,21	16.0838861832591	NA	NA	NA	NA	NA	NA	7571
HIP14237	TRBV4-3	ap01	ap01	ap01	0.45,0.55	1	97,118	73.8805001659291	NA	NA	NA	NA	NA	NA	7571
HIP14237	TRBV7-8	ap01,ap03	ap01,ap03	ap01,ap03	0.45,0.55	0.56,0.44	29,34	10.8477105726387	24,26	9.5047846380434	NA	NA	NA	NA	7571
HIP14237	TRBV4-1	ap01	ap01	ap01	0.45,0.55	1	84,85	68.3699264918682	NA	NA	NA	NA	NA	NA	7571
HIP14237	TRBV7-2	ap01	ap01	ap01	0.45,0.55	1	194,208	154.915039900934	NA	NA	NA	NA	NA	NA	7571
HIP14237	TRBV11-3	ap01	ap01	ap01	0.45,0.55	1	32,81	13.6234509084225	NA	NA	NA	NA	NA	NA	7571
HIP14237	TRBV12-5	ap01	ap01	ap01	0.45,0.55	1	18,36	10.1064233995335	NA	NA	NA	NA	NA	NA	7571
HIP14237	TRBV20-1	ap01,ap02	ap01,ap02	ap01,ap02	0.45,0.55	0.85,0.15	109,140	37.7613225700099	21,22	8.50169100296453	NA	NA	NA	NA	7571
HIP14237	TRBV10-1	ap01	ap01	ap01	0.45,0.55	1	26,58	13.0651586535719	NA	NA	NA	NA	NA	NA	7571
HIP14237	TRBV6-4	ap01	ap01	ap01	0.45,0.55	1	61,80	44.980605318699	NA	NA	NA	NA	NA	NA	7571
HIP14237	TRBV10-3	ap01	ap01	ap01	0.45,0.55	1	75,83	59.2286921812011	NA	NA	NA	NA	NA	NA	7571
HIP14237	TRBV29-1	ap01,ap02	ap01,ap02	ap01,ap02	0.45,0.55	0.85,0.15	41,63	11.6533414052272	8,10	2.83936475547836	NA	NA	NA	NA	7571
HIP14237	TRBV28	ap01	ap01	ap01	0.45,0.55	1	144,52	37.6486662568747	NA	NA	NA	NA	NA	NA	7571
HIP14237	TRBV14	ap01	ap01	ap01	0.45,0.55	1	36,47	26.6003821285987	NA	NA	NA	NA	NA	NA	7571
HIP14237	TRBV12-34	ap01	ap01	ap01	0.45,0.55	1	169,207	128.358771489033	NA	NA	NA	NA	NA	NA	7571
HIP14237	TRBV5-5	ap01	ap01	ap01	0.45,0.55	1	15,14	17.872332272362	NA	NA	NA	NA	NA	NA	7571
HIP14237	TRBV13	ap01	ap01	ap01	0.45,0.55	1	24,37	16.2857467443719	NA	NA	NA	NA	NA	NA	7571
HIP14237	TRBV2	ap01	ap01	ap01	0.45,0.55	1	89,109	67.6002465405342	NA	NA	NA	NA	NA	NA	7571
HIP14237	TRBV7-4	ap01	ap01	ap01	0.45,0.55	1	5,5	6.49921481715385	NA	NA	NA	NA	NA	NA	7571
HIP14237	TRBV21-1	ap01	ap01	ap01	0.45,0.55	1	54,114	28.7862617195129	NA	NA	NA	NA	NA	NA	7571
HIP14237	TRBV15	ap02	ap02	ap02	0.45,0.55	1	46,59	34.2590731004563	NA	NA	NA	NA	NA	NA	7571
HIP14237	TRBV25-1	ap01	ap01	ap01	0.45,0.55	1	39,55	27.7737832021584	NA	NA	NA	NA	NA	NA	7571
HIP14237	TRBV11-2	ap01	ap01	ap01	0.45,0.55	1	37,70	21.7963204184328	NA	NA	NA	NA	NA	NA	7571
HIP14237	TRBV12-1	ap01	ap01	ap01	0.45,0.55	1	6,10	3.87981062620704	NA	NA	NA	NA	NA	NA	7571
HIP14237	TRBV6-7	ap01	ap01	ap01	0.45,0.55	1	9,4	3.57202577537931	NA	NA	NA	NA	NA	NA	7571
HIP14237	TRBV18	ap01	ap01	ap01	0.45,0.55	1	67,88	49.3714187712685	NA	NA	NA	NA	NA	NA	7571
HIP14237	TRBV7-7	ap01_C315T	ap01_C315T	ap01_C315T	0.45,0.55	1	14,20	9.90456283842064	NA	NA	NA	NA	NA	NA	7571
HIP14237	TRBV6-8	ap01	ap01	ap01	0.45,0.55	1	3,7	1.42890248674099	NA	NA	NA	NA	NA	NA	7571
HIP14237	TRBV9	ap01	ap01	ap01	0.45,0.55	1	121,88	103.645696664839	NA	NA	NA	NA	NA	NA	7571
HIP14237	TRBV30	ap01	ap01	ap01	0.45,0.55	1	101,107	80.9808988829361	NA	NA	NA	NA	NA	NA	7571
HIP14237	TRBV23-1	ap01	ap01	ap01	0.45,0.55	1	9,35	0.709687675685222	NA	NA	NA	NA	NA	NA	7571
HIP14237	TRBV1	ap01	ap01	ap01	0.45,0.55	1	13,14	10.365100524505	NA	NA	NA	NA	NA	NA	7571
HIP14237	TRBV6-9	ap01	ap01	ap01	0.45,0.55	1	7,4	4.22296420671682	NA	NA	NA	NA	NA	NA	7571
HIP14237	TRBV7-1	Unk	ap01_G291C_T296C	ap01_G291C_T296C	0.45,0.55	1	0,5	1.27750706590633	NA	NA	NA	NA	NA	NA	7571
HIP14237	TRBV5-7	ap01	ap01	ap01	0.45,0.55	1	2,4	1.1229359332815	NA	NA	NA	NA	NA	NA	7571
HIP14237	TRBV16	Unk	ap01	ap01	0.45,0.55	1	0,2	0.511002826362533	NA	NA	NA	NA	NA	NA	7571
HIP14237	TRBV17	Unk	Unk	NA	NA	NA	NA	NA	NA	NA	NA	NA	NA	NA	7571
HIP14237	TRBV26	Unk	Unk	NA	NA	NA	NA	NA	NA	NA	NA	NA	NA	NA	7571
