subject	gene	TRBD2_01	TRBD2_02	alleles	proirs_row	proirs_col	counts1	k1	counts2	k2	counts3	k3	counts4	k4	TOTAL
HIP10445	TRBV21-1	ap01	ap01	ap01	0.44,0.56	1	101,187	61.1967033721338	NA	NA	NA	NA	NA	NA	15423
HIP10445	TRBV11-2	ap01	ap01	ap01	0.44,0.56	1	161,205	120.447958073485	NA	NA	NA	NA	NA	NA	15423
HIP10445	TRBV10-1	ap01	ap01	ap01	0.44,0.56	1	84,128	57.6664278312144	NA	NA	NA	NA	NA	NA	15423
HIP10445	TRBV6-7	ap01	ap01	ap01	0.44,0.56	1	11,6	6.10616265781866	NA	NA	NA	NA	NA	NA	15423
HIP10445	TRBV15	ap02	ap02	ap02	0.44,0.56	1	79,131	51.6219752243439	NA	NA	NA	NA	NA	NA	15423
HIP10445	TRBV28	ap01	ap01	ap01	0.44,0.56	1	369,523	262.983338554319	NA	NA	NA	NA	NA	NA	15423
HIP10445	TRBV30	ap01	ap01	ap01	0.44,0.56	1	188,221	145.167889448526	NA	NA	NA	NA	NA	NA	15423
HIP10445	TRBV7-2	ap01	ap01	ap01	0.44,0.56	1	528,434	53.1783522032737	NA	NA	NA	NA	NA	NA	15423
HIP10445	TRBV2	ap01	ap01	ap01	0.44,0.56	1	197,209	157.671281278582	NA	NA	NA	NA	NA	NA	15423
HIP10445	TRBV11-3	ap01	ap01	ap01	0.44,0.56	1	55,104	32.7916047568716	NA	NA	NA	NA	NA	NA	15423
HIP10445	TRBV4-1	ap01	ap01	ap01	0.44,0.56	1	126,149	97.0761897651011	NA	NA	NA	NA	NA	NA	15423
HIP10445	TRBV6-4	ap01	ap01	ap01	0.44,0.56	1	75,79	60.1669762131359	NA	NA	NA	NA	NA	NA	15423
HIP10445	TRBV4-2	ap01	ap01	ap01	0.44,0.56	1	53,190	9.51588715714423	NA	NA	NA	NA	NA	NA	15423
HIP10445	TRBV19	ap01	ap01	ap01	0.44,0.56	1	257,374	180.765499731397	NA	NA	NA	NA	NA	NA	15423
HIP10445	TRBV12-34	ap01	ap01	ap01	0.44,0.56	1	325,243	287.863409505745	NA	NA	NA	NA	NA	NA	15423
HIP10445	TRBV7-9	ap01	ap01	ap01	0.44,0.56	1	215,326	147.996826088057	NA	NA	NA	NA	NA	NA	15423
HIP10445	TRBV14	ap01	ap01	ap01	0.44,0.56	1	55,80	38.6947943484694	NA	NA	NA	NA	NA	NA	15423
HIP10445	TRBV18	ap01	ap01	ap01	0.44,0.56	1	119,164	85.9575207992633	NA	NA	NA	NA	NA	NA	15423
HIP10445	TRBV6-56	ap01,ap02	ap01,ap02	ap01,ap02	0.44,0.56	0.7,0.3	146,154	58.8603526588257	51,76	15.285577230093	NA	NA	NA	NA	15423
HIP10445	TRBV6-23	ap01	ap01	ap01	0.44,0.56	1	275,368	201.344891197811	NA	NA	NA	NA	NA	NA	15423
HIP10445	TRBV5-6	ap01	ap01	ap01	0.44,0.56	1	83,151	50.9478936910157	NA	NA	NA	NA	NA	NA	15423
HIP10445	TRBV24-1	ap01	ap01	ap01	0.44,0.56	1	143,209	100.360499073037	NA	NA	NA	NA	NA	NA	15423
HIP10445	TRBV5-1	ap01	ap01	ap01	0.44,0.56	1	383,479	288.66420374776	NA	NA	NA	NA	NA	NA	15423
HIP10445	TRBV3-12	ap01	ap01	ap01	0.44,0.56	1	347,358	280.218929801703	NA	NA	NA	NA	NA	NA	15423
HIP10445	TRBV4-3	ap01	ap01	ap01	0.44,0.56	1	230,278	175.722866995016	NA	NA	NA	NA	NA	NA	15423
HIP10445	TRBV5-5	ap01	ap01	ap01	0.44,0.56	1	42,42	54.5251615528062	NA	NA	NA	NA	NA	NA	15423
HIP10445	TRBV7-7	ap01	ap01	ap01	0.44,0.56	1	36,47	26.6467751868174	NA	NA	NA	NA	NA	NA	15423
HIP10445	TRBV27	ap01	ap01	ap01	0.44,0.56	1	257,509	147.560058278659	NA	NA	NA	NA	NA	NA	15423
HIP10445	TRBV5-4	ap01	ap01	ap01	0.44,0.56	1	198,184	234.159327147349	NA	NA	NA	NA	NA	NA	15423
HIP10445	TRBV10-3	ap01	ap01	ap01	0.44,0.56	1	135,151	106.136054333392	NA	NA	NA	NA	NA	NA	15423
HIP10445	TRBV20-1	ap01,ap02	ap01,ap02	ap01,ap02	0.44,0.56	0.86,0.14	293,497	73.4747727813778	54,75	17.4843457174205	NA	NA	NA	NA	15423
HIP10445	TRBV5-3	ap01	ap01	ap01	0.44,0.56	1	17,30	10.6632962974334	NA	NA	NA	NA	NA	NA	15423
HIP10445	TRBV29-1	ap01,ap02	ap01,ap02	ap01,ap02	0.44,0.56	0.83,0.17	113,153	37.524671821381	25,29	9.45400065568209	NA	NA	NA	NA	15423
HIP10445	TRBV25-1	ap01	ap01	ap01	0.44,0.56	1	33,68	18.2975519494168	NA	NA	NA	NA	NA	NA	15423
HIP10445	TRBV12-1	ap01	ap01	ap01	0.44,0.56	1	13,8	8.70259892223801	NA	NA	NA	NA	NA	NA	15423
HIP10445	TRBV12-2	ap01	ap01	ap01	0.44,0.56	1	15,33	7.80277603531539	NA	NA	NA	NA	NA	NA	15423
HIP10445	TRBV9	ap01	ap01	ap01	0.44,0.56	1	313,341	248.315789188557	NA	NA	NA	NA	NA	NA	15423
HIP10445	TRBV5-8	ap01	ap01	ap01	0.44,0.56	1	23,28	17.5230934529049	NA	NA	NA	NA	NA	NA	15423
HIP10445	TRBV6-1	ap01	ap01	ap01	0.44,0.56	1	65,101	44.1426112716629	NA	NA	NA	NA	NA	NA	15423
HIP10445	TRBV6-9	ap01	ap01	ap01	0.44,0.56	1	7,9	5.21547937423994	NA	NA	NA	NA	NA	NA	15423
HIP10445	TRBV23-1	ap01	ap01	ap01	0.44,0.56	1	20,53	8.19000528357131	NA	NA	NA	NA	NA	NA	15423
HIP10445	TRBV10-2	ap01	ap01	ap01	0.44,0.56	1	75,65	81.01788632275	NA	NA	NA	NA	NA	NA	15423
HIP10445	TRBV16	ap01	ap01	ap01	0.44,0.56	1	2,4	1.13875663123535	NA	NA	NA	NA	NA	NA	15423
HIP10445	TRBV7-8	ap01,ap03	ap01,ap03	ap01,ap03	0.44,0.56	0.65,0.35	67,69	27.4082831240562	34,39	12.9619692175768	NA	NA	NA	NA	15423
HIP10445	TRBV7-6	ap01	ap01	ap01	0.44,0.56	1	91,71	85.4409028451292	NA	NA	NA	NA	NA	NA	15423
HIP10445	TRBV7-3	ap02	ap02	ap02	0.44,0.56	1	59,101	37.7747465821579	NA	NA	NA	NA	NA	NA	15423
HIP10445	TRBV1	ap01	ap01	ap01	0.44,0.56	1	17,31	10.4173300644502	NA	NA	NA	NA	NA	NA	15423
HIP10445	TRBV13	ap01	ap01	ap01	0.44,0.56	1	39,36	45.7259650782846	NA	NA	NA	NA	NA	NA	15423
HIP10445	TRBV7-4	ap01	ap01	ap01	0.44,0.56	1	15,11	12.9338825459549	NA	NA	NA	NA	NA	NA	15423
HIP10445	TRBV7-1	ap01_G291C_T296C_C314T	ap01_G291C_T296C	ap01_G291C_T296C,ap01_G291C_T296C_C314T	0.44,0.56	0.6,0.4	1,5	0.534087181183297	4,0	1.20203122389371	NA	NA	NA	NA	15423
HIP10445	TRBV12-5	ap01	ap01	ap01	0.44,0.56	1	36,43	27.6306401187504	NA	NA	NA	NA	NA	NA	15423
HIP10445	TRBV6-8	ap01	ap01	ap01	0.44,0.56	1	2,6	0.64682416526886	NA	NA	NA	NA	NA	NA	15423
HIP10445	TRBV5-7	ap01	Unk	ap01	0.44,0.56	1	1,0	0.336629227087875	NA	NA	NA	NA	NA	NA	15423
HIP10445	TRBV11-1	Del	Del	Del	NA	NA	NA	1000	NA	NA	NA	NA	NA	NA	15423
HIP10445	TRBV17	Unk	Unk	NA	NA	NA	NA	NA	NA	NA	NA	NA	NA	NA	15423
HIP10445	TRBV26	Unk	Unk	NA	NA	NA	NA	NA	NA	NA	NA	NA	NA	NA	15423
