subject	gene	TRBD2_01	TRBD2_02	alleles	proirs_row	proirs_col	counts1	k1	counts2	k2	counts3	k3	counts4	k4	TOTAL
HIP00710	TRBV28	ap01	ap01	ap01	0.43,0.57	1	16,27	10.3690835341429	NA	NA	NA	NA	NA	NA	5186
HIP00710	TRBV27	ap01	ap01	ap01	0.43,0.57	1	54,108	30.9095193611084	NA	NA	NA	NA	NA	NA	5186
HIP00710	TRBV5-5	ap01	ap01	ap01	0.43,0.57	1	12,16	8.80591396368288	NA	NA	NA	NA	NA	NA	5186
HIP00710	TRBV18	ap01	ap01	ap01	0.43,0.57	1	48,77	32.0758165441471	NA	NA	NA	NA	NA	NA	5186
HIP00710	TRBV5-1	ap01	ap01	ap01	0.43,0.57	1	169,255	116.83309092079	NA	NA	NA	NA	NA	NA	5186
HIP00710	TRBV29-1	ap01,ap02	ap01,ap02	ap01,ap02	0.43,0.57	0.77,0.23	34,81	3.14639981966206	12,23	2.41762918507842	NA	NA	NA	NA	5186
HIP00710	TRBV12-2	Unk	ap01	ap01	0.43,0.57	1	2,15	1.51875932635089	NA	NA	NA	NA	NA	NA	5186
HIP00710	TRBV9	ap01	ap01	ap01	0.43,0.57	1	144,83	86.86855638655	NA	NA	NA	NA	NA	NA	5186
HIP00710	TRBV20-1	ap01,ap02	ap01,ap02	ap01,ap02	0.43,0.57	0.86,0.14	143,222	40.9928098658033	31,26	21.2697700779806	NA	NA	NA	NA	5186
HIP00710	TRBV21-1	ap01	ap01	ap01	0.43,0.57	1	10,23	4.99756061058322	NA	NA	NA	NA	NA	NA	5186
HIP00710	TRBV2	ap01	ap01	ap01	0.43,0.57	1	37,72	21.6630277182853	NA	NA	NA	NA	NA	NA	5186
HIP00710	TRBV11-2	ap01	ap01	ap01	0.43,0.57	1	41,57	29.5218759099142	NA	NA	NA	NA	NA	NA	5186
HIP00710	TRBV5-4	ap01	ap01	ap01	0.43,0.57	1	46,79	29.4781706181953	NA	NA	NA	NA	NA	NA	5186
HIP00710	TRBV5-6	ap01	ap01	ap01	0.43,0.57	1	41,43	32.9118567059282	NA	NA	NA	NA	NA	NA	5186
HIP00710	TRBV30	Unk	ap02	ap02	0.43,0.57	1	23,119	4.5111627825532	NA	NA	NA	NA	NA	NA	5186
HIP00710	TRBV12-5	ap01	ap01	ap01	0.43,0.57	1	15,19	11.2495339400332	NA	NA	NA	NA	NA	NA	5186
HIP00710	TRBV23-1	Unk	ap01	ap01	0.43,0.57	1	3,18	1.18850230509327	NA	NA	NA	NA	NA	NA	5186
HIP00710	TRBV11-3	ap01	ap01	ap01	0.43,0.57	1	18,21	13.935295401813	NA	NA	NA	NA	NA	NA	5186
HIP00710	TRBV7-8	ap01,ap03	ap01,ap03	ap01,ap03	0.43,0.57	0.7,0.3	15,22	4.60091812652102	8,8	7.01292770540575	NA	NA	NA	NA	5186
HIP00710	TRBV7-2	ap01	ap01	ap01	0.43,0.57	1	89,67	79.4190218888442	NA	NA	NA	NA	NA	NA	5186
HIP00710	TRBV19	ap01	ap01	ap01	0.43,0.57	1	84,145	53.6507287266043	NA	NA	NA	NA	NA	NA	5186
HIP00710	TRBV24-1	ap01	ap01	ap01	0.43,0.57	1	52,80	35.5761179980437	NA	NA	NA	NA	NA	NA	5186
HIP00710	TRBV12-34	ap01	ap01	ap01	0.43,0.57	1	85,142	55.4338346604394	NA	NA	NA	NA	NA	NA	5186
HIP00710	TRBV4-3	ap01	Del	ap01	0.43,0.57	1	100,3	29.2098367920167	NA	NA	NA	NA	NA	NA	5186
HIP00710	TRBV4-2	ap01	ap01	ap01	0.43,0.57	1	86,63	73.8881090548164	NA	NA	NA	NA	NA	NA	5186
HIP00710	TRBV25-1	ap01	ap01	ap01	0.43,0.57	1	28,46	18.4485730415371	NA	NA	NA	NA	NA	NA	5186
HIP00710	TRBV7-9	ap01	ap01	ap01	0.43,0.57	1	56,106	33.5071652870602	NA	NA	NA	NA	NA	NA	5186
HIP00710	TRBV4-1	ap01	ap01	ap01	0.43,0.57	1	38,87	19.0875869143881	NA	NA	NA	NA	NA	NA	5186
HIP00710	TRBV15	ap02	ap02	ap02	0.43,0.57	1	26,44	16.8194930573036	NA	NA	NA	NA	NA	NA	5186
HIP00710	TRBV6-56	ap01,ap02	ap01,ap02	ap01,ap02	0.43,0.57	0.69,0.31	63,85	21.0547782312816	31,35	11.9568052964611	NA	NA	NA	NA	5186
HIP00710	TRBV7-7	ap01_C315T	ap01	ap01,ap01_C315T	0.43,0.57	0.58,0.42	0,18	4.21035105379467	13,0	3.95783690792903	NA	NA	NA	NA	5186
HIP00710	TRBV7-6	ap01	ap01	ap01	0.43,0.57	1	24,34	17.1275449565066	NA	NA	NA	NA	NA	NA	5186
HIP00710	TRBV6-23	ap01	ap01	ap01	0.43,0.57	1	119,59	56.0718891002633	NA	NA	NA	NA	NA	NA	5186
HIP00710	TRBV11-1	ap01	ap01	ap01	0.43,0.57	1	7,7	9.08189503007862	NA	NA	NA	NA	NA	NA	5186
HIP00710	TRBV12-1	ap01	ap01	ap01	0.43,0.57	1	2,4	1.14479701337439	NA	NA	NA	NA	NA	NA	5186
HIP00710	TRBV7-3	ap01	ap03	ap01,ap03	0.43,0.57	0.62,0.38	51,0	15.5268986387985	4,27	3.71635251460517	NA	NA	NA	NA	5186
HIP00710	TRBV1	ap01	ap01	ap01	0.43,0.57	1	10,20	5.72398506687193	NA	NA	NA	NA	NA	NA	5186
HIP00710	TRBV10-1	ap01	ap01	ap01	0.43,0.57	1	15,50	3.74314789171649	NA	NA	NA	NA	NA	NA	5186
HIP00710	TRBV6-1	ap01	ap01	ap01	0.43,0.57	1	48,66	34.7393728838724	NA	NA	NA	NA	NA	NA	5186
HIP00710	TRBV5-3	ap01	ap01	ap01	0.43,0.57	1	5,11	2.61985104800639	NA	NA	NA	NA	NA	NA	5186
HIP00710	TRBV14	ap01	ap01	ap01	0.43,0.57	1	27,43	18.1183160202795	NA	NA	NA	NA	NA	NA	5186
HIP00710	TRBV13	ap01	ap01	ap01	0.43,0.57	1	24,22	27.86058160371	NA	NA	NA	NA	NA	NA	5186
HIP00710	TRBV6-4	ap01	ap01	ap01	0.43,0.57	1	69,55	66.5801272291436	NA	NA	NA	NA	NA	NA	5186
HIP00710	TRBV5-7	ap01	ap01	ap01	0.43,0.57	1	4,1	0.273637982348406	NA	NA	NA	NA	NA	NA	5186
HIP00710	TRBV3-12	ap01	ap01	ap01	0.43,0.57	1	89,102	69.3462199878075	NA	NA	NA	NA	NA	NA	5186
HIP00710	TRBV10-2	ap01	ap01	ap01	0.43,0.57	1	11,23	6.05424208812955	NA	NA	NA	NA	NA	NA	5186
HIP00710	TRBV7-4	ap01	ap01	ap01	0.43,0.57	1	5,7	3.58841698972468	NA	NA	NA	NA	NA	NA	5186
HIP00710	TRBV5-8	ap01	ap01	ap01	0.43,0.57	1	10,15	6.93469249401978	NA	NA	NA	NA	NA	NA	5186
HIP00710	TRBV10-3	ap01	ap01	ap01	0.43,0.57	1	42,47	32.9999722417562	NA	NA	NA	NA	NA	NA	5186
HIP00710	TRBV7-1	Unk	ap01_G291C_T296C_C314T	ap01_G291C_T296C_C314T	0.43,0.57	1	0,1	0.24214148542957	NA	NA	NA	NA	NA	NA	5186
HIP00710	TRBV6-7	ap01	ap01	ap01	0.43,0.57	1	3,5	1.95933700549115	NA	NA	NA	NA	NA	NA	5186
HIP00710	TRBV6-9	Unk	ap01	ap01	0.43,0.57	1	0,2	0.484282970859141	NA	NA	NA	NA	NA	NA	5186
HIP00710	TRBV6-8	ap01	ap01	ap01	0.43,0.57	1	3,4	2.20147849092072	NA	NA	NA	NA	NA	NA	5186
HIP00710	TRBV16	ap01	Unk	ap01	0.43,0.57	1	1,0	0.341258531125704	NA	NA	NA	NA	NA	NA	5186
HIP00710	TRBV17	Unk	Unk	NA	NA	NA	NA	NA	NA	NA	NA	NA	NA	NA	5186
HIP00710	TRBV26	Unk	Unk	NA	NA	NA	NA	NA	NA	NA	NA	NA	NA	NA	5186
