subject	gene	TRBD2_01	TRBD2_02	alleles	proirs_row	proirs_col	counts1	k1	counts2	k2	counts3	k3	counts4	k4	TOTAL
HIP14218	TRBV10-2	ap01	ap01	ap01	0.44,0.56	1	115,46	36.8934047737843	NA	NA	NA	NA	NA	NA	26150
HIP14218	TRBV6-4	ap01	ap01	ap01	0.44,0.56	1	257,236	299.616292320017	NA	NA	NA	NA	NA	NA	26150
HIP14218	TRBV6-23	ap01	ap01	ap01	0.44,0.56	1	253,674	101.061644691243	NA	NA	NA	NA	NA	NA	26150
HIP14218	TRBV19	ap01	ap01	ap01	0.44,0.56	1	416,566	301.963090861096	NA	NA	NA	NA	NA	NA	26150
HIP14218	TRBV3-12	ap01	ap01	ap01	0.44,0.56	1	527,539	42.7116920485183	NA	NA	NA	NA	NA	NA	26150
HIP14218	TRBV7-9	ap01	ap01	ap01	0.44,0.56	1	387,498	288.060771908283	NA	NA	NA	NA	NA	NA	26150
HIP14218	TRBV2	ap01	ap01	ap01	0.44,0.56	1	461,393	48.799316664555	NA	NA	NA	NA	NA	NA	26150
HIP14218	TRBV6-1	ap01	ap01	ap01	0.44,0.56	1	248,169	193.362444412655	NA	NA	NA	NA	NA	NA	26150
HIP14218	TRBV5-6	ap01	ap01	ap01	0.44,0.56	1	193,182	232.781318761469	NA	NA	NA	NA	NA	NA	26150
HIP14218	TRBV7-7	ap01_C315T	ap01	ap01,ap01_C315T	0.44,0.56	0.59,0.41	16,94	12.1997629103128	76,2	20.1496595213644	NA	NA	NA	NA	26150
HIP14218	TRBV5-1	ap01	ap01	ap01	0.44,0.56	1	1059,932	116.862890432364	NA	NA	NA	NA	NA	NA	26150
HIP14218	TRBV7-2	ap01	ap01	ap01	0.44,0.56	1	328,502	224.129818461516	NA	NA	NA	NA	NA	NA	26150
HIP14218	TRBV4-2	ap01	ap01	ap01	0.44,0.56	1	296,295	38.2886766006022	NA	NA	NA	NA	NA	NA	26150
HIP14218	TRBV27	ap01	ap01	ap01	0.44,0.56	1	510,636	38.4693388374702	NA	NA	NA	NA	NA	NA	26150
HIP14218	TRBV28	ap01	ap01	ap01	0.44,0.56	1	476,185	143.902524557222	NA	NA	NA	NA	NA	NA	26150
HIP14218	TRBV24-1	ap01	ap01	ap01	0.44,0.56	1	249,417	161.154880475278	NA	NA	NA	NA	NA	NA	26150
HIP14218	TRBV4-1	ap01	ap01	ap01	0.44,0.56	1	319,308	39.6460917690755	NA	NA	NA	NA	NA	NA	26150
HIP14218	TRBV4-3	Del	ap01	ap01	0.44,0.56	1	46,429	58.3695125358024	NA	NA	NA	NA	NA	NA	26150
HIP14218	TRBV30	ap01	ap01	ap01	0.44,0.56	1	286,360	214.893298470985	NA	NA	NA	NA	NA	NA	26150
HIP14218	TRBV6-56	ap01,ap02	ap01,ap02	ap01,ap02	0.44,0.56	0.74,0.26	323,370	123.136871517588	127,120	103.185747416393	NA	NA	NA	NA	26150
HIP14218	TRBV10-1	ap01	ap01	ap01	0.44,0.56	1	137,176	102.048771005312	NA	NA	NA	NA	NA	NA	26150
HIP14218	TRBV15	ap02	ap02	ap02	0.44,0.56	1	160,169	128.333497351383	NA	NA	NA	NA	NA	NA	26150
HIP14218	TRBV9	ap01	ap01	ap01	0.44,0.56	1	336,599	208.3712216114	NA	NA	NA	NA	NA	NA	26150
HIP14218	TRBV20-1	ap01,ap02	ap01,ap02	ap01,ap02	0.44,0.56	0.86,0.14	591,734	211.521328307048	101,109	40.1235104097993	NA	NA	NA	NA	26150
HIP14218	TRBV6-7	ap01	ap01	ap01	0.44,0.56	1	24,25	19.3376738980343	NA	NA	NA	NA	NA	NA	26150
HIP14218	TRBV18	ap01	ap01	ap01	0.44,0.56	1	216,292	157.260485691175	NA	NA	NA	NA	NA	NA	26150
HIP14218	TRBV7-3	ap03	ap01	ap01,ap03	0.44,0.56	0.79,0.21	48,395	63.9256372362696	111,7	24.6439020765845	NA	NA	NA	NA	26150
HIP14218	TRBV21-1	ap01	ap01	ap01	0.44,0.56	1	190,343	116.757198558488	NA	NA	NA	NA	NA	NA	26150
HIP14218	TRBV7-4	ap01	ap01	ap01	0.44,0.56	1	31,35	24.2995901901701	NA	NA	NA	NA	NA	NA	26150
HIP14218	TRBV7-6	ap01	ap01	ap01	0.44,0.56	1	199,269	144.888140549889	NA	NA	NA	NA	NA	NA	26150
HIP14218	TRBV10-3	ap01	ap01	ap01	0.44,0.56	1	244,249	197.893555180078	NA	NA	NA	NA	NA	NA	26150
HIP14218	TRBV12-34	ap01	ap01	ap01	0.44,0.56	1	404,704	254.605056921546	NA	NA	NA	NA	NA	NA	26150
HIP14218	TRBV7-8	ap01,ap03	ap01,ap03	ap01,ap03	0.44,0.56	0.68,0.32	124,123	107.593187366851	48,66	15.6351473500488	NA	NA	NA	NA	26150
HIP14218	TRBV5-4	ap01	ap01	ap01	0.44,0.56	1	379,388	307.074914013396	NA	NA	NA	NA	NA	NA	26150
HIP14218	TRBV11-3	ap01	ap01	ap01	0.44,0.56	1	115,297	48.2820144489188	NA	NA	NA	NA	NA	NA	26150
HIP14218	TRBV14	ap01	ap01	ap01	0.44,0.56	1	123,223	75.3463590299059	NA	NA	NA	NA	NA	NA	26150
HIP14218	TRBV12-2	ap01	ap01	ap01	0.44,0.56	1	37,61	24.1880841426653	NA	NA	NA	NA	NA	NA	26150
HIP14218	TRBV29-1	ap01,ap02	ap01,ap02	ap01,ap02	0.44,0.56	0.84,0.16	166,177	66.4651385168381	22,43	4.08282651676964	NA	NA	NA	NA	26150
HIP14218	TRBV11-2	ap01	ap01	ap01	0.44,0.56	1	246,194	234.784805464274	NA	NA	NA	NA	NA	NA	26150
HIP14218	TRBV13	ap01	ap01	ap01	0.44,0.56	1	98,164	63.4565906960623	NA	NA	NA	NA	NA	NA	26150
HIP14218	TRBV12-5	ap01	ap01	ap01	0.44,0.56	1	55,107	31.867215858603	NA	NA	NA	NA	NA	NA	26150
HIP14218	TRBV25-1	ap01	ap01	ap01	0.44,0.56	1	93,141	63.8834144797518	NA	NA	NA	NA	NA	NA	26150
HIP14218	TRBV5-5	ap01	ap01	ap01	0.44,0.56	1	53,95	32.7391397346933	NA	NA	NA	NA	NA	NA	26150
HIP14218	TRBV6-8	ap01	ap01	ap01	0.44,0.56	1	11,7	7.76794065859715	NA	NA	NA	NA	NA	NA	26150
HIP14218	TRBV5-3	ap01	ap01	ap01	0.44,0.56	1	50,64	37.302570803825	NA	NA	NA	NA	NA	NA	26150
HIP14218	TRBV5-8	ap01	ap01	ap01	0.44,0.56	1	42,71	27.016805613972	NA	NA	NA	NA	NA	NA	26150
HIP14218	TRBV23-1	ap01	ap01	ap01	0.44,0.56	1	52,81	35.1785141373515	NA	NA	NA	NA	NA	NA	26150
HIP14218	TRBV12-1	ap01	ap01	ap01	0.44,0.56	1	22,37	14.1993603802856	NA	NA	NA	NA	NA	NA	26150
HIP14218	TRBV1	ap01	ap01	ap01	0.44,0.56	1	56,51	64.5945532419949	NA	NA	NA	NA	NA	NA	26150
HIP14218	TRBV6-9	ap01	ap01	ap01	0.44,0.56	1	17,20	13.1236248155154	NA	NA	NA	NA	NA	NA	26150
HIP14218	TRBV5-7	ap01	ap01	ap01	0.44,0.56	1	3,4	2.19808599893724	NA	NA	NA	NA	NA	NA	26150
HIP14218	TRBV11-1	ap01	ap01	ap01	0.44,0.56	1	21,53	9.12593804064499	NA	NA	NA	NA	NA	NA	26150
HIP14218	TRBV7-1	ap01_G291C_T296C	ap01_G291C_T296C_C314T	ap01_G291C_T296C,ap01_G291C_T296C_C314T	0.44,0.56	0.44,0.56	7,0	2.07199576604732	2,7	0.376296422193317	NA	NA	NA	NA	26150
HIP14218	TRBV17	ap01	ap01	ap01	0.44,0.56	1	3,2	2.26674627363597	NA	NA	NA	NA	NA	NA	26150
HIP14218	TRBV16	ap01	ap01	ap01	0.44,0.56	1	7,3	2.57176291481031	NA	NA	NA	NA	NA	NA	26150
HIP14218	TRBV26	Unk	Unk	NA	NA	NA	NA	NA	NA	NA	NA	NA	NA	NA	26150
