subject	gene	TRBD2_01	TRBD2_02	alleles	proirs_row	proirs_col	counts1	k1	counts2	k2	counts3	k3	counts4	k4	TOTAL
HIP01384	TRBV4-3	ap01	Del	ap01	0.46,0.54	1	150,8	35.1423305199066	NA	NA	NA	NA	NA	NA	9398
HIP01384	TRBV28	ap01	ap01	ap01	0.46,0.54	1	26,60	12.4263447870169	NA	NA	NA	NA	NA	NA	9398
HIP01384	TRBV20-1	ap01,ap02	ap01,ap02	ap01,ap02	0.46,0.54	0.88,0.12	174,216	61.9686125283987	30,22	17.0068014151842	NA	NA	NA	NA	9398
HIP01384	TRBV6-1	ap01	ap01	ap01	0.46,0.54	1	62,83	45.2328142282329	NA	NA	NA	NA	NA	NA	9398
HIP01384	TRBV6-23	ap01	ap01	ap01	0.46,0.54	1	183,81	72.6159306116651	NA	NA	NA	NA	NA	NA	9398
HIP01384	TRBV10-1	ap01	ap01	ap01	0.46,0.54	1	62,111	37.9617808044862	NA	NA	NA	NA	NA	NA	9398
HIP01384	TRBV5-1	ap01	ap01	ap01	0.46,0.54	1	243,388	161.003203393314	NA	NA	NA	NA	NA	NA	9398
HIP01384	TRBV15	ap02	ap02	ap02	0.46,0.54	1	35,66	20.5630422060374	NA	NA	NA	NA	NA	NA	9398
HIP01384	TRBV19	ap01	ap01	ap01	0.46,0.54	1	173,210	131.822388177394	NA	NA	NA	NA	NA	NA	9398
HIP01384	TRBV9	ap01	ap01	ap01	0.46,0.54	1	213,247	165.302130244436	NA	NA	NA	NA	NA	NA	9398
HIP01384	TRBV6-4	ap01	ap01	ap01	0.46,0.54	1	78,76	98.1882422718879	NA	NA	NA	NA	NA	NA	9398
HIP01384	TRBV21-1	ap01	ap01	ap01	0.46,0.54	1	70,131	41.3857641772087	NA	NA	NA	NA	NA	NA	9398
HIP01384	TRBV7-9	ap01	ap01	ap01	0.46,0.54	1	140,218	94.1974380203049	NA	NA	NA	NA	NA	NA	9398
HIP01384	TRBV3-12	ap01	ap01	ap01	0.46,0.54	1	232,227	293.585078337011	NA	NA	NA	NA	NA	NA	9398
HIP01384	TRBV7-3	ap02	ap01	ap01,ap02	0.46,0.54	0.84,0.16	33,182	23.5991777397912	40,0	11.4774267476407	NA	NA	NA	NA	9398
HIP01384	TRBV6-56	ap01,ap02	ap01,ap02	ap01,ap02	0.46,0.54	0.73,0.27	110,156	34.3006352098978	53,46	38.3507771908341	NA	NA	NA	NA	9398
HIP01384	TRBV7-2	ap01	ap01	ap01	0.46,0.54	1	279,114	95.3220501797828	NA	NA	NA	NA	NA	NA	9398
HIP01384	TRBV11-3	ap01	ap01	ap01	0.46,0.54	1	53,65	40.212273990818	NA	NA	NA	NA	NA	NA	9398
HIP01384	TRBV10-3	ap01	ap01	ap01	0.46,0.54	1	66,93	46.9448059145941	NA	NA	NA	NA	NA	NA	9398
HIP01384	TRBV4-1	ap01	ap01	ap01	0.46,0.54	1	120,154	89.2729963003722	NA	NA	NA	NA	NA	NA	9398
HIP01384	TRBV18	ap01	ap01	ap01	0.46,0.54	1	90,127	63.9684299262403	NA	NA	NA	NA	NA	NA	9398
HIP01384	TRBV30	ap01	ap01	ap01	0.46,0.54	1	122,143	94.2838683856937	NA	NA	NA	NA	NA	NA	9398
HIP01384	TRBV25-1	ap01	ap01	ap01	0.46,0.54	1	29,51	17.9950546764956	NA	NA	NA	NA	NA	NA	9398
HIP01384	TRBV7-1	ap01_G291C_T296C	ap01_G291C_T296C,ap01_G291C_T296C_C314T	ap01_G291C_T296C,ap01_G291C_T296C_C314T	0.46,0.54	0.27,0.73	2,1	0.590441002432271	0,8	2.0052880652521	NA	NA	NA	NA	9398
HIP01384	TRBV5-4	ap01	ap01	ap01	0.46,0.54	1	116,153	85.2238867278067	NA	NA	NA	NA	NA	NA	9398
HIP01384	TRBV11-2	ap01	ap01	ap01	0.46,0.54	1	141,158	110.855421262758	NA	NA	NA	NA	NA	NA	9398
HIP01384	TRBV5-3	Unk	ap01	ap01	0.46,0.54	1	7,35	1.54841043870953	NA	NA	NA	NA	NA	NA	9398
HIP01384	TRBV5-6	ap01	ap01	ap01	0.46,0.54	1	82,91	64.6993227956588	NA	NA	NA	NA	NA	NA	9398
HIP01384	TRBV2	ap01	ap01	ap01	0.46,0.54	1	126,180	88.9845064134421	NA	NA	NA	NA	NA	NA	9398
HIP01384	TRBV10-2	ap01	ap01	ap01	0.46,0.54	1	45,43	55.2753342261956	NA	NA	NA	NA	NA	NA	9398
HIP01384	TRBV12-34	ap01	ap01	ap01	0.46,0.54	1	208,245	160.43550310258	NA	NA	NA	NA	NA	NA	9398
HIP01384	TRBV7-8	ap01,ap03	Unk	ap01,ap03	0.46,0.54	0.57,0.43	30,3	5.1151330412876	22,3	2.81964769175946	NA	NA	NA	NA	9398
HIP01384	TRBV24-1	ap01	ap01	ap01	0.46,0.54	1	71,123	44.540399632704	NA	NA	NA	NA	NA	NA	9398
HIP01384	TRBV27	ap01	ap01	ap01	0.46,0.54	1	127,198	85.3874679754583	NA	NA	NA	NA	NA	NA	9398
HIP01384	TRBV6-7	ap01	ap01	ap01	0.46,0.54	1	6,16	2.308307764408	NA	NA	NA	NA	NA	NA	9398
HIP01384	TRBV7-6	ap01	ap01	ap01	0.46,0.54	1	73,44	47.9156731744205	NA	NA	NA	NA	NA	NA	9398
HIP01384	TRBV14	ap01	ap01	ap01	0.46,0.54	1	41,55	29.8827036290582	NA	NA	NA	NA	NA	NA	9398
HIP01384	TRBV4-2	ap01	ap01	ap01	0.46,0.54	1	30,94	7.90602211016671	NA	NA	NA	NA	NA	NA	9398
HIP01384	TRBV13	ap01	ap01	ap01	0.46,0.54	1	43,40	51.0534180932491	NA	NA	NA	NA	NA	NA	9398
HIP01384	TRBV7-7	ap01	ap01	ap01	0.46,0.54	1	24,39	15.7252251859772	NA	NA	NA	NA	NA	NA	9398
HIP01384	TRBV11-1	Unk	ap01	ap01	0.46,0.54	1	2,19	2.77952086869271	NA	NA	NA	NA	NA	NA	9398
HIP01384	TRBV12-2	ap01	ap01	ap01	0.46,0.54	1	17,28	11.0413212614753	NA	NA	NA	NA	NA	NA	9398
HIP01384	TRBV5-8	ap01	Del	ap01	0.46,0.54	1	22,0	7.05633883343876	NA	NA	NA	NA	NA	NA	9398
HIP01384	TRBV23-1	ap01	ap01	ap01	0.46,0.54	1	13,27	6.99221168890986	NA	NA	NA	NA	NA	NA	9398
HIP01384	TRBV6-8	ap01	ap01	ap01	0.46,0.54	1	5,7	3.56822831618745	NA	NA	NA	NA	NA	NA	9398
HIP01384	TRBV1	ap01	ap01	ap01	0.46,0.54	1	22,19	23.7452038823539	NA	NA	NA	NA	NA	NA	9398
HIP01384	TRBV12-5	ap01	ap01	ap01	0.46,0.54	1	21,40	12.2339534175689	NA	NA	NA	NA	NA	NA	9398
HIP01384	TRBV29-1	ap01,ap02	ap01,ap02	ap01,ap02	0.46,0.54	0.87,0.13	59,91	16.5609518619075	10,13	3.41447530144841	NA	NA	NA	NA	9398
HIP01384	TRBV5-5	ap01	ap01	ap01	0.46,0.54	1	40,36	45.5311108074028	NA	NA	NA	NA	NA	NA	9398
HIP01384	TRBV6-9	ap01	ap01	ap01	0.46,0.54	1	1,1	1.30039115289977	NA	NA	NA	NA	NA	NA	9398
HIP01384	TRBV12-1	ap01	ap01	ap01	0.46,0.54	1	6,15	2.56798752954181	NA	NA	NA	NA	NA	NA	9398
HIP01384	TRBV16	ap01	ap01	ap01	0.46,0.54	1	2,4	1.11567560831441	NA	NA	NA	NA	NA	NA	9398
HIP01384	TRBV5-7	Unk	ap01	ap01	0.46,0.54	1	0,3	0.779039295401424	NA	NA	NA	NA	NA	NA	9398
HIP01384	TRBV7-4	ap01	ap01	ap01	0.46,0.54	1	6,5	6.18121309025162	NA	NA	NA	NA	NA	NA	9398
HIP01384	TRBV17	Unk	Unk	NA	NA	NA	NA	NA	NA	NA	NA	NA	NA	NA	9398
HIP01384	TRBV26	Unk	Unk	NA	NA	NA	NA	NA	NA	NA	NA	NA	NA	NA	9398
