subject	gene	TRBD2_01	TRBD2_02	alleles	proirs_row	proirs_col	counts1	k1	counts2	k2	counts3	k3	counts4	k4	TOTAL
HIP11845	TRBV7-6	ap01	ap01	ap01	0.49,0.51	1	31,33	24.8042191129927	NA	NA	NA	NA	NA	NA	6065
HIP11845	TRBV10-2	ap01	ap01	ap01	0.49,0.51	1	31,21	24.4403897772768	NA	NA	NA	NA	NA	NA	6065
HIP11845	TRBV23-1	ap01	ap01	ap01	0.49,0.51	1	9,14	5.92137035311289	NA	NA	NA	NA	NA	NA	6065
HIP11845	TRBV5-4	ap01	ap01	ap01	0.49,0.51	1	88,61	71.5863352745341	NA	NA	NA	NA	NA	NA	6065
HIP11845	TRBV5-6	ap01	ap01	ap01	0.49,0.51	1	46,47	37.3761228644636	NA	NA	NA	NA	NA	NA	6065
HIP11845	TRBV13	ap01	ap01	ap01	0.49,0.51	1	32,19	20.9684490663062	NA	NA	NA	NA	NA	NA	6065
HIP11845	TRBV30	ap02	ap01,ap03	ap01,ap02,ap03	0.49,0.51	0.74,0.14,0.12	13,93	16.9384491432567	20,0	5.2010681425133	1,16	3.77254766729225	NA	NA	6065
HIP11845	TRBV11-2	ap01	ap01	ap01	0.49,0.51	1	47,44	56.4059691240974	NA	NA	NA	NA	NA	NA	6065
HIP11845	TRBV19	ap01	ap01	ap01	0.49,0.51	1	97,128	70.4478846577671	NA	NA	NA	NA	NA	NA	6065
HIP11845	TRBV7-2	ap01	ap01	ap01	0.49,0.51	1	90,48	50.3215506434813	NA	NA	NA	NA	NA	NA	6065
HIP11845	TRBV4-2	ap01	ap01	ap01	0.49,0.51	1	170,97	105.129490510766	NA	NA	NA	NA	NA	NA	6065
HIP11845	TRBV4-1	ap01	ap01	ap01	0.49,0.51	1	115,88	106.732064960335	NA	NA	NA	NA	NA	NA	6065
HIP11845	TRBV7-3	ap03	ap01	ap01,ap03	0.49,0.51	0.85,0.15	15,72	9.68747892852168	15,0	3.90080110688498	NA	NA	NA	NA	6065
HIP11845	TRBV11-3	ap01	ap01	ap01	0.49,0.51	1	24,30	17.9140698553803	NA	NA	NA	NA	NA	NA	6065
HIP11845	TRBV20-1	ap01,ap02	ap01,ap02	ap01,ap02	0.49,0.51	0.87,0.13	213,178	146.781433659173	34,27	21.8248462542295	NA	NA	NA	NA	6065
HIP11845	TRBV29-1	ap01,ap02	ap01,ap02	ap01,ap02	0.49,0.51	0.78,0.22	64,60	51.5047199361844	12,22	2.18850616955579	NA	NA	NA	NA	6065
HIP11845	TRBV5-1	ap01	ap01	ap01	0.49,0.51	1	416,406	52.5592461222954	NA	NA	NA	NA	NA	NA	6065
HIP11845	TRBV25-1	ap01	ap01	ap01	0.49,0.51	1	18,27	12.1323428308275	NA	NA	NA	NA	NA	NA	6065
HIP11845	TRBV1	ap01	ap01	ap01	0.49,0.51	1	20,22	15.7971979199554	NA	NA	NA	NA	NA	NA	6065
HIP11845	TRBV12-5	ap01	ap01	ap01	0.49,0.51	1	12,18	8.088228553885	NA	NA	NA	NA	NA	NA	6065
HIP11845	TRBV12-2	ap01	ap01	ap01	0.49,0.51	1	4,7	2.40647406002662	NA	NA	NA	NA	NA	NA	6065
HIP11845	TRBV18	ap01	ap01	ap01	0.49,0.51	1	89,99	69.9789684067396	NA	NA	NA	NA	NA	NA	6065
HIP11845	TRBV9	ap01	ap01	ap01	0.49,0.51	1	109,158	75.0608877164315	NA	NA	NA	NA	NA	NA	6065
HIP11845	TRBV15	ap02	ap02	ap02	0.49,0.51	1	40,37	47.2941132796306	NA	NA	NA	NA	NA	NA	6065
HIP11845	TRBV27	ap01	ap01	ap01	0.49,0.51	1	63,89	44.0560115932057	NA	NA	NA	NA	NA	NA	6065
HIP11845	TRBV28	Del	ap01	ap01	0.49,0.51	1	29,149	11.0064718069256	NA	NA	NA	NA	NA	NA	6065
HIP11845	TRBV5-3	ap01	ap01	ap01	0.49,0.51	1	4,13	0.668861312416325	NA	NA	NA	NA	NA	NA	6065
HIP11845	TRBV24-1	ap01	ap01	ap01	0.49,0.51	1	59,56	72.0262934288977	NA	NA	NA	NA	NA	NA	6065
HIP11845	TRBV2	ap01	ap01	ap01	0.49,0.51	1	93,78	97.1893413470165	NA	NA	NA	NA	NA	NA	6065
HIP11845	TRBV7-7	ap01,ap01_C315T	ap01_C315T	ap01,ap01_C315T	0.49,0.51	0.54,0.46	18,1	3.54515902839152	5,11	0.400063982464238	NA	NA	NA	NA	6065
HIP11845	TRBV7-9	ap01	ap01	ap01	0.49,0.51	1	98,105	78.2171557566662	NA	NA	NA	NA	NA	NA	6065
HIP11845	TRBV12-34	ap01	ap01	ap01	0.49,0.51	1	96,82	102.685633890896	NA	NA	NA	NA	NA	NA	6065
HIP11845	TRBV21-1	ap01	ap01	ap01	0.49,0.51	1	9,7	8.5328202932421	NA	NA	NA	NA	NA	NA	6065
HIP11845	TRBV6-56	ap01,ap02	ap01,ap02	ap01,ap02	0.49,0.51	0.71,0.29	68,100	19.287754147292	27,40	7.57626383845405	NA	NA	NA	NA	6065
HIP11845	TRBV7-8	ap01,ap03	ap01,ap03	ap01,ap03	0.49,0.51	0.58,0.42	16,14	11.7403776841756	13,9	6.8415264062004	NA	NA	NA	NA	6065
HIP11845	TRBV6-1	ap01	ap01	ap01	0.49,0.51	1	115,70	78.0902585421114	NA	NA	NA	NA	NA	NA	6065
HIP11845	TRBV11-1	ap01	ap01	ap01	0.49,0.51	1	11,13	8.42781694383392	NA	NA	NA	NA	NA	NA	6065
HIP11845	TRBV10-1	ap01	ap01	ap01	0.49,0.51	1	28,44	18.2933290431949	NA	NA	NA	NA	NA	NA	6065
HIP11845	TRBV6-23	ap01	ap01	ap01	0.49,0.51	1	49,67	34.9093470716082	NA	NA	NA	NA	NA	NA	6065
HIP11845	TRBV5-5	ap01	ap01	ap01	0.49,0.51	1	11,4	3.18015033898011	NA	NA	NA	NA	NA	NA	6065
HIP11845	TRBV7-1	ap01_G291C_T296C,ap01_G291C_T296C_C314T	ap01_G291C_T296C	ap01_G291C_T296C,ap01_G291C_T296C_C314T	0.49,0.51	0.5,0.5	1,1	0.875748892744784	2,0	0.52010681425133	NA	NA	NA	NA	6065
HIP11845	TRBV3-12	ap01	ap01	ap01	0.49,0.51	1	107,89	110.639418632913	NA	NA	NA	NA	NA	NA	6065
HIP11845	TRBV14	ap01	ap01	ap01	0.49,0.51	1	19,24	14.1095714376923	NA	NA	NA	NA	NA	NA	6065
HIP11845	TRBV6-4	ap01	ap01	ap01	0.49,0.51	1	109,58	60.7328275836368	NA	NA	NA	NA	NA	NA	6065
HIP11845	TRBV6-7	ap01	ap01	ap01	0.49,0.51	1	5,4	4.9172569926544	NA	NA	NA	NA	NA	NA	6065
HIP11845	TRBV5-8	ap01	ap01	ap01	0.49,0.51	1	5,9	2.93569204388284	NA	NA	NA	NA	NA	NA	6065
HIP11845	TRBV6-8	ap01	ap01	ap01	0.49,0.51	1	5,3	3.32604552497532	NA	NA	NA	NA	NA	NA	6065
HIP11845	TRBV5-7	ap01	ap01	ap01	0.49,0.51	1	3,2	2.31386960852101	NA	NA	NA	NA	NA	NA	6065
HIP11845	TRBV7-4	ap01	ap01	ap01	0.49,0.51	1	4,3	3.6155633005877	NA	NA	NA	NA	NA	NA	6065
HIP11845	TRBV10-3	ap01	ap01	ap01	0.49,0.51	1	35,51	24.0250698024005	NA	NA	NA	NA	NA	NA	6065
HIP11845	TRBV12-1	ap01	ap01	ap01	0.49,0.51	1	4,2	2.02435183290863	NA	NA	NA	NA	NA	NA	6065
HIP11845	TRBV6-9	ap01	ap01	ap01	0.49,0.51	1	3,4	2.16685820077211	NA	NA	NA	NA	NA	NA	6065
HIP11845	TRBV16	ap01	Unk	ap01	0.49,0.51	1	2,0	0.579035551224763	NA	NA	NA	NA	NA	NA	6065
HIP11845	TRBV17	Unk	Unk	NA	NA	NA	NA	NA	NA	NA	NA	NA	NA	NA	6065
HIP11845	TRBV26	Unk	Unk	NA	NA	NA	NA	NA	NA	NA	NA	NA	NA	NA	6065
HIP11845	TRBV4-3	Del	Del	Del	NA	NA	NA	1000	NA	NA	NA	NA	NA	NA	6065
