subject	gene	TRBD2_01	TRBD2_02	alleles	proirs_row	proirs_col	counts1	k1	counts2	k2	counts3	k3	counts4	k4	TOTAL
HIP14206	TRBV6-1	ap01	ap01	ap01	0.45,0.55	1	189,186	240.785478922982	NA	NA	NA	NA	NA	NA	17409
HIP14206	TRBV10-3	ap01	ap01	ap01	0.45,0.55	1	197,304	133.627552701482	NA	NA	NA	NA	NA	NA	17409
HIP14206	TRBV5-4	ap01	ap01	ap01	0.45,0.55	1	242,342	172.175708528446	NA	NA	NA	NA	NA	NA	17409
HIP14206	TRBV6-56	ap01,ap02	ap01,ap02	ap01,ap02	0.45,0.55	0.74,0.26	267,381	83.1388197346778	98,135	31.7085673308146	NA	NA	NA	NA	17409
HIP14206	TRBV6-4	ap01	ap01	ap01	0.45,0.55	1	155,164	124.326822349725	NA	NA	NA	NA	NA	NA	17409
HIP14206	TRBV3-12	ap01	ap01	ap01	0.45,0.55	1	395,347	43.5392053927558	NA	NA	NA	NA	NA	NA	17409
HIP14206	TRBV7-3	ap03	ap03	ap03	0.45,0.55	1	59,76	43.8601858174793	NA	NA	NA	NA	NA	NA	17409
HIP14206	TRBV5-3	ap01	ap01	ap01	0.45,0.55	1	25,44	15.5742571616611	NA	NA	NA	NA	NA	NA	17409
HIP14206	TRBV20-1	ap01,ap02	ap01,ap02	ap01,ap02	0.45,0.55	0.83,0.17	248,268	98.3844878768796	59,47	37.7384571679373	NA	NA	NA	NA	17409
HIP14206	TRBV6-23	ap01	ap01	ap01	0.45,0.55	1	191,216	149.652894404087	NA	NA	NA	NA	NA	NA	17409
HIP14206	TRBV12-2	ap01	ap01	ap01	0.45,0.55	1	23,34	15.9820523708911	NA	NA	NA	NA	NA	NA	17409
HIP14206	TRBV7-8	ap01,ap03	ap01,ap03	ap01,ap03	0.45,0.55	0.67,0.33	62,93	18.1899644080785	29,49	7.15306044376052	NA	NA	NA	NA	17409
HIP14206	TRBV2	ap01	ap01	ap01	0.45,0.55	1	349,353	284.086681787319	NA	NA	NA	NA	NA	NA	17409
HIP14206	TRBV7-6	ap01	ap01	ap01	0.45,0.55	1	80,171	42.1303975127912	NA	NA	NA	NA	NA	NA	17409
HIP14206	TRBV10-2	ap01	ap01	ap01	0.45,0.55	1	81,91	63.6190217421028	NA	NA	NA	NA	NA	NA	17409
HIP14206	TRBV24-1	ap01	ap01	ap01	0.45,0.55	1	153,341	77.0110695243167	NA	NA	NA	NA	NA	NA	17409
HIP14206	TRBV4-2	ap01	ap01	ap01	0.45,0.55	1	172,183	137.704168259966	NA	NA	NA	NA	NA	NA	17409
HIP14206	TRBV19	ap01	ap01	ap01	0.45,0.55	1	258,172	195.546297295183	NA	NA	NA	NA	NA	NA	17409
HIP14206	TRBV15	ap02	Del	ap02	0.45,0.55	1	72,4	16.9556682242739	NA	NA	NA	NA	NA	NA	17409
HIP14206	TRBV4-1	ap01	ap01	ap01	0.45,0.55	1	257,233	295.034158848902	NA	NA	NA	NA	NA	NA	17409
HIP14206	TRBV30	Unk	ap01,ap03	ap01,ap03	0.45,0.55	0.88,0.12	60,271	26.9935208899048	8,39	4.30545605488238	NA	NA	NA	NA	17409
HIP14206	TRBV12-34	ap01	ap01	ap01	0.45,0.55	1	479,871	291.267203564762	NA	NA	NA	NA	NA	NA	17409
HIP14206	TRBV28	ap01	ap01	ap01	0.45,0.55	1	344,192	200.039051479407	NA	NA	NA	NA	NA	NA	17409
HIP14206	TRBV5-1	ap01	ap01	ap01	0.45,0.55	1	872,873	71.2105096245163	NA	NA	NA	NA	NA	NA	17409
HIP14206	TRBV5-5	ap01	ap01	ap01	0.45,0.55	1	24,27	18.8406284369481	NA	NA	NA	NA	NA	NA	17409
HIP14206	TRBV7-2	ap01	ap01	ap01	0.45,0.55	1	194,196	157.973416463035	NA	NA	NA	NA	NA	NA	17409
HIP14206	TRBV27	ap01	ap01	ap01	0.45,0.55	1	293,313	234.255474232319	NA	NA	NA	NA	NA	NA	17409
HIP14206	TRBV7-9	ap01	ap01	ap01	0.45,0.55	1	271,430	180.809427930303	NA	NA	NA	NA	NA	NA	17409
HIP14206	TRBV5-6	ap01	ap01	ap01	0.45,0.55	1	159,223	113.558192501581	NA	NA	NA	NA	NA	NA	17409
HIP14206	TRBV21-1	ap01	ap01	ap01	0.45,0.55	1	81,152	48.0514472495202	NA	NA	NA	NA	NA	NA	17409
HIP14206	TRBV11-3	ap01	ap01	ap01	0.45,0.55	1	104,363	18.8620129779995	NA	NA	NA	NA	NA	NA	17409
HIP14206	TRBV11-1	ap01	ap01	ap01	0.45,0.55	1	17,27	11.3356967964598	NA	NA	NA	NA	NA	NA	17409
HIP14206	TRBV10-1	ap01	ap01	ap01	0.45,0.55	1	82,165	45.8059005311239	NA	NA	NA	NA	NA	NA	17409
HIP14206	TRBV14	ap01	Del	ap01	0.45,0.55	1	44,2	11.0842894495266	NA	NA	NA	NA	NA	NA	17409
HIP14206	TRBV7-7	ap01_C315T	ap01_C315T	ap01_C315T	0.45,0.55	1	70,84	53.6120007101797	NA	NA	NA	NA	NA	NA	17409
HIP14206	TRBV23-1	ap01	ap01	ap01	0.45,0.55	1	39,32	39.3129687280857	NA	NA	NA	NA	NA	NA	17409
HIP14206	TRBV7-4	ap01	ap01	ap01	0.45,0.55	1	16,23	11.2843882618521	NA	NA	NA	NA	NA	NA	17409
HIP14206	TRBV11-2	ap01	ap01	ap01	0.45,0.55	1	128,141	101.248970081391	NA	NA	NA	NA	NA	NA	17409
HIP14206	TRBV29-1	ap01,ap02	ap01,ap02	ap01,ap02	0.45,0.55	0.82,0.18	154,149	129.263242276619	32,34	12.8378381827494	NA	NA	NA	NA	17409
HIP14206	TRBV6-8	ap01	ap01	ap01	0.45,0.55	1	14,10	11.6947776901495	NA	NA	NA	NA	NA	NA	17409
HIP14206	TRBV12-1	ap01	ap01	ap01	0.45,0.55	1	6,17	2.09429418220471	NA	NA	NA	NA	NA	NA	17409
HIP14206	TRBV9	ap01	ap01	ap01	0.45,0.55	1	208,248	159.712560504433	NA	NA	NA	NA	NA	NA	17409
HIP14206	TRBV13	ap01	ap01	ap01	0.45,0.55	1	76,165	39.3731019821338	NA	NA	NA	NA	NA	NA	17409
HIP14206	TRBV6-7	ap01	ap01	ap01	0.45,0.55	1	22,23	17.7171868108421	NA	NA	NA	NA	NA	NA	17409
HIP14206	TRBV5-7	ap01	ap01	ap01	0.45,0.55	1	4,7	2.50208939143469	NA	NA	NA	NA	NA	NA	17409
HIP14206	TRBV6-9	ap01	ap01	ap01	0.45,0.55	1	12,11	13.971998977555	NA	NA	NA	NA	NA	NA	17409
HIP14206	TRBV16	ap01	Unk	ap01	0.45,0.55	1	1,0	0.3258069171737	NA	NA	NA	NA	NA	NA	17409
HIP14206	TRBV18	ap01	Del	ap01	0.45,0.55	1	126,7	29.6724193924793	NA	NA	NA	NA	NA	NA	17409
HIP14206	TRBV25-1	ap01	ap01	ap01	0.45,0.55	1	82,97	63.1599179982651	NA	NA	NA	NA	NA	NA	17409
HIP14206	TRBV12-5	ap01	Del	ap01	0.45,0.55	1	55,5	9.79134317926287	NA	NA	NA	NA	NA	NA	17409
HIP14206	TRBV1	ap01	ap01	ap01	0.45,0.55	1	66,70	52.8963542933037	NA	NA	NA	NA	NA	NA	17409
HIP14206	TRBV5-8	ap01	ap01	ap01	0.45,0.55	1	35,63	21.4466714314139	NA	NA	NA	NA	NA	NA	17409
HIP14206	TRBV7-1	Unk	ap01_T296C	ap01_T296C	0.45,0.55	1	0,6	1.53123683533599	NA	NA	NA	NA	NA	NA	17409
HIP14206	TRBV17	Unk	Unk	NA	NA	NA	NA	NA	NA	NA	NA	NA	NA	NA	17409
HIP14206	TRBV26	Unk	Unk	NA	NA	NA	NA	NA	NA	NA	NA	NA	NA	NA	17409
HIP14206	TRBV4-3	Del	Del	Del	NA	NA	NA	1000	NA	NA	NA	NA	NA	NA	17409
