subject	gene	TRBD2_01	TRBD2_02	alleles	proirs_row	proirs_col	counts1	k1	counts2	k2	counts3	k3	counts4	k4	TOTAL
HIP05552	TRBV15	ap02	ap02	ap02	0.44,0.56	1	93,98	74.6217802672917	NA	NA	NA	NA	NA	NA	19599
HIP05552	TRBV12-34	ap01	ap01	ap01	0.44,0.56	1	360,286	34.6652175925525	NA	NA	NA	NA	NA	NA	19599
HIP05552	TRBV29-1	ap01,ap02	ap01,ap02	ap01,ap02	0.44,0.56	0.84,0.16	89,162	19.5748500235622	17,31	3.72556805311544	NA	NA	NA	NA	19599
HIP05552	TRBV10-1	ap01	ap01	ap01	0.44,0.56	1	48,107	24.5300897111396	NA	NA	NA	NA	NA	NA	19599
HIP05552	TRBV10-3	ap01	ap01	ap01	0.44,0.56	1	124,148	95.1993821577937	NA	NA	NA	NA	NA	NA	19599
HIP05552	TRBV20-1	ap01,ap02	ap01,ap02	ap01,ap02	0.44,0.56	0.85,0.15	537,652	196.017290906924	96,119	34.4577921898135	NA	NA	NA	NA	19599
HIP05552	TRBV2	ap01	ap01	ap01	0.44,0.56	1	261,236	298.106807692364	NA	NA	NA	NA	NA	NA	19599
HIP05552	TRBV4-3	Del	ap01	ap01	0.44,0.56	1	63,337	16.5252008884404	NA	NA	NA	NA	NA	NA	19599
HIP05552	TRBV7-3	ap01	ap01	ap01	0.44,0.56	1	271,334	205.442139360475	NA	NA	NA	NA	NA	NA	19599
HIP05552	TRBV28	ap01	ap01	ap01	0.44,0.56	1	398,571	281.772272867222	NA	NA	NA	NA	NA	NA	19599
HIP05552	TRBV12-1	ap01	ap01	ap01	0.44,0.56	1	8,17	4.29490236525061	NA	NA	NA	NA	NA	NA	19599
HIP05552	TRBV19	ap01	ap01	ap01	0.44,0.56	1	322,483	222.752630535989	NA	NA	NA	NA	NA	NA	19599
HIP05552	TRBV24-1	ap01	ap01	ap01	0.44,0.56	1	153,284	92.3334515864121	NA	NA	NA	NA	NA	NA	19599
HIP05552	TRBV5-4	ap01	ap01	ap01	0.44,0.56	1	222,281	166.463769561592	NA	NA	NA	NA	NA	NA	19599
HIP05552	TRBV5-6	ap01	ap01	ap01	0.44,0.56	1	152,169	119.774338934974	NA	NA	NA	NA	NA	NA	19599
HIP05552	TRBV5-5	ap01	ap01	ap01	0.44,0.56	1	36,51	25.6476154934843	NA	NA	NA	NA	NA	NA	19599
HIP05552	TRBV9	ap01	ap01	ap01	0.44,0.56	1	535,626	41.384957445733	NA	NA	NA	NA	NA	NA	19599
HIP05552	TRBV1	ap01	ap01	ap01	0.44,0.56	1	65,56	69.7114469116824	NA	NA	NA	NA	NA	NA	19599
HIP05552	TRBV30	ap01	ap01	ap01	0.44,0.56	1	278,332	213.382899051298	NA	NA	NA	NA	NA	NA	19599
HIP05552	TRBV11-2	ap01	ap01	ap01	0.44,0.56	1	130,160	98.6064576037862	NA	NA	NA	NA	NA	NA	19599
HIP05552	TRBV11-1	ap01	ap01	ap01	0.44,0.56	1	27,32	20.7848672205683	NA	NA	NA	NA	NA	NA	19599
HIP05552	TRBV5-1	ap01	ap01	ap01	0.44,0.56	1	829,785	100.46767144775	NA	NA	NA	NA	NA	NA	19599
HIP05552	TRBV7-8	ap01,ap03	ap01,ap03	ap01,ap03	0.44,0.56	0.68,0.32	60,85	18.992721062907	31,38	11.2292300625535	NA	NA	NA	NA	19599
HIP05552	TRBV7-2	ap01	ap01	ap01	0.44,0.56	1	312,435	224.014388549374	NA	NA	NA	NA	NA	NA	19599
HIP05552	TRBV7-6	ap01	ap01	ap01	0.44,0.56	1	78,127	51.4800627840147	NA	NA	NA	NA	NA	NA	19599
HIP05552	TRBV7-9	ap01	ap01	ap01	0.44,0.56	1	240,328	173.958482042769	NA	NA	NA	NA	NA	NA	19599
HIP05552	TRBV4-2	ap01	ap01	ap01	0.44,0.56	1	429,296	33.9910525576196	NA	NA	NA	NA	NA	NA	19599
HIP05552	TRBV25-1	ap01	ap01	ap01	0.44,0.56	1	72,109	49.560176714459	NA	NA	NA	NA	NA	NA	19599
HIP05552	TRBV7-7	ap01_C315T	ap01	ap01,ap01_C315T	0.44,0.56	0.67,0.33	14,54	3.7471385194225	33,1	8.67745576838822	NA	NA	NA	NA	19599
HIP05552	TRBV12-2	ap01	ap01	ap01	0.44,0.56	1	12,23	7.06201578805793	NA	NA	NA	NA	NA	NA	19599
HIP05552	TRBV11-3	ap01	ap01	ap01	0.44,0.56	1	67,115	42.7551088389669	NA	NA	NA	NA	NA	NA	19599
HIP05552	TRBV18	ap01	ap01	ap01	0.44,0.56	1	195,251	145.183172548878	NA	NA	NA	NA	NA	NA	19599
HIP05552	TRBV12-5	ap01	ap01	ap01	0.44,0.56	1	48,53	37.9147940990712	NA	NA	NA	NA	NA	NA	19599
HIP05552	TRBV27	ap01	ap01	ap01	0.44,0.56	1	252,471	151.27671030209	NA	NA	NA	NA	NA	NA	19599
HIP05552	TRBV21-1	ap01	ap01	ap01	0.44,0.56	1	45,55	34.2283372074925	NA	NA	NA	NA	NA	NA	19599
HIP05552	TRBV13	ap01	ap01	ap01	0.44,0.56	1	81,91	63.5939261420689	NA	NA	NA	NA	NA	NA	19599
HIP05552	TRBV4-1	ap01	ap01	ap01	0.44,0.56	1	271,244	307.826754173418	NA	NA	NA	NA	NA	NA	19599
HIP05552	TRBV5-3	ap01	ap01	ap01	0.44,0.56	1	27,50	16.3232990912578	NA	NA	NA	NA	NA	NA	19599
HIP05552	TRBV6-56	ap01,ap02	ap01,ap02	ap01,ap02	0.44,0.56	0.73,0.27	242,293	88.5330152307791	101,98	85.0519663910972	NA	NA	NA	NA	19599
HIP05552	TRBV6-23	ap01	ap01	ap01	0.44,0.56	1	162,502	47.8710855408396	NA	NA	NA	NA	NA	NA	19599
HIP05552	TRBV7-4	ap01	ap01	ap01	0.44,0.56	1	7,25	1.24840749685711	NA	NA	NA	NA	NA	NA	19599
HIP05552	TRBV14	ap01	ap01	ap01	0.44,0.56	1	83,99	63.7381583731085	NA	NA	NA	NA	NA	NA	19599
HIP05552	TRBV6-7	ap01	ap01	ap01	0.44,0.56	1	15,45	4.79971517388931	NA	NA	NA	NA	NA	NA	19599
HIP05552	TRBV6-1	ap01	ap01	ap01	0.44,0.56	1	161,110	125.791702856258	NA	NA	NA	NA	NA	NA	19599
HIP05552	TRBV6-8	ap01	ap01	ap01	0.44,0.56	1	9,20	4.61488337684323	NA	NA	NA	NA	NA	NA	19599
HIP05552	TRBV6-9	ap01	ap01	ap01	0.44,0.56	1	10,21	5.43059418058147	NA	NA	NA	NA	NA	NA	19599
HIP05552	TRBV5-7	ap01	ap01	ap01	0.44,0.56	1	6,7	4.6463999263566	NA	NA	NA	NA	NA	NA	19599
HIP05552	TRBV23-1	ap01	ap01	ap01	0.44,0.56	1	21,52	9.4461151002459	NA	NA	NA	NA	NA	NA	19599
HIP05552	TRBV7-1	ap01_T296C	ap01_T296C	ap01_T296C	0.44,0.56	1	3,2	2.26280446583298	NA	NA	NA	NA	NA	NA	19599
HIP05552	TRBV5-8	ap01	ap01	ap01	0.44,0.56	1	20,23	15.5706213865463	NA	NA	NA	NA	NA	NA	19599
HIP05552	TRBV3-12	ap01	ap01	ap01	0.44,0.56	1	299,332	235.717988747329	NA	NA	NA	NA	NA	NA	19599
HIP05552	TRBV10-2	ap01	ap01	ap01	0.44,0.56	1	23,24	18.5134835899066	NA	NA	NA	NA	NA	NA	19599
HIP05552	TRBV6-4	ap01	ap01	ap01	0.44,0.56	1	91,125	65.8022766737039	NA	NA	NA	NA	NA	NA	19599
HIP05552	TRBV16	ap01	ap01	ap01	0.44,0.56	1	3,1	0.629855769624995	NA	NA	NA	NA	NA	NA	19599
HIP05552	TRBV17	Unk	Unk	NA	NA	NA	NA	NA	NA	NA	NA	NA	NA	NA	19599
HIP05552	TRBV26	Unk	Unk	NA	NA	NA	NA	NA	NA	NA	NA	NA	NA	NA	19599
