subject	gene	TRBD2_01	TRBD2_02	alleles	proirs_row	proirs_col	counts1	k1	counts2	k2	counts3	k3	counts4	k4	TOTAL
HIP13769	TRBV6-8	ap01	ap01	ap01	0.42,0.58	1	3,9	1.02309650531302	NA	NA	NA	NA	NA	NA	14064
HIP13769	TRBV13	ap01	ap01	ap01	0.42,0.58	1	67,89	49.2826580752481	NA	NA	NA	NA	NA	NA	14064
HIP13769	TRBV9	ap01	ap01	ap01	0.42,0.58	1	338,450	248.380440552622	NA	NA	NA	NA	NA	NA	14064
HIP13769	TRBV7-8	ap01,ap03	ap01,ap03	ap01,ap03	0.42,0.58	0.7,0.3	55,98	13.0344209155675	32,33	13.0609559532077	NA	NA	NA	NA	14064
HIP13769	TRBV7-2	ap01	ap01	ap01	0.42,0.58	1	133,278	73.9149019520391	NA	NA	NA	NA	NA	NA	14064
HIP13769	TRBV19	ap01	ap01	ap01	0.42,0.58	1	248,413	162.696419053479	NA	NA	NA	NA	NA	NA	14064
HIP13769	TRBV7-6	ap01	ap01	ap01	0.42,0.58	1	80,101	60.0884385446517	NA	NA	NA	NA	NA	NA	14064
HIP13769	TRBV25-1	ap01	ap01	ap01	0.42,0.58	1	54,81	37.5328239347758	NA	NA	NA	NA	NA	NA	14064
HIP13769	TRBV27	ap01	ap01	ap01	0.42,0.58	1	209,387	127.918943467597	NA	NA	NA	NA	NA	NA	14064
HIP13769	TRBV21-1	ap01	ap01	ap01	0.42,0.58	1	61,127	34.01971366966	NA	NA	NA	NA	NA	NA	14064
HIP13769	TRBV5-4	ap01	ap01	ap01	0.42,0.58	1	156,197	117.160654491182	NA	NA	NA	NA	NA	NA	14064
HIP13769	TRBV28	Del	ap01	ap01	0.42,0.58	1	92,484	17.7158313993073	NA	NA	NA	NA	NA	NA	14064
HIP13769	TRBV10-3	ap01	ap01	ap01	0.42,0.58	1	102,159	69.4792535924179	NA	NA	NA	NA	NA	NA	14064
HIP13769	TRBV5-1	ap01	ap01	ap01	0.42,0.58	1	543,672	41.1045308264846	NA	NA	NA	NA	NA	NA	14064
HIP13769	TRBV2	ap01	ap01	ap01	0.42,0.58	1	208,273	153.775400671316	NA	NA	NA	NA	NA	NA	14064
HIP13769	TRBV12-34	ap01	ap01	ap01	0.42,0.58	1	346,464	253.468832077795	NA	NA	NA	NA	NA	NA	14064
HIP13769	TRBV7-9	ap01	ap01	ap01	0.42,0.58	1	193,335	123.406482443662	NA	NA	NA	NA	NA	NA	14064
HIP13769	TRBV5-3	ap01	ap01	ap01	0.42,0.58	1	17,30	10.7538286365512	NA	NA	NA	NA	NA	NA	14064
HIP13769	TRBV29-1	ap01,ap02	ap01,ap02	ap01,ap02	0.42,0.58	0.87,0.13	83,67	53.7182038133655	9,14	2.59729343301283	NA	NA	NA	NA	14064
HIP13769	TRBV5-6	ap01	ap01	ap01	0.42,0.58	1	103,133	76.6646748761038	NA	NA	NA	NA	NA	NA	14064
HIP13769	TRBV20-1	ap01,ap02	ap01,ap02	ap01,ap02	0.42,0.58	0.84,0.16	261,412	73.9532229193937	63,69	24.7944394479859	NA	NA	NA	NA	14064
HIP13769	TRBV3-12	ap01	ap01	ap01	0.42,0.58	1	277,309	217.664914731703	NA	NA	NA	NA	NA	NA	14064
HIP13769	TRBV24-1	ap01	ap01	ap01	0.42,0.58	1	93,174	56.4974005302573	NA	NA	NA	NA	NA	NA	14064
HIP13769	TRBV15	ap02	ap02	ap02	0.42,0.58	1	96,125	71.2092752660667	NA	NA	NA	NA	NA	NA	14064
HIP13769	TRBV4-1	ap01	ap01	ap01	0.42,0.58	1	216,223	173.968650933588	NA	NA	NA	NA	NA	NA	14064
HIP13769	TRBV7-3	ap01	ap02	ap01,ap02	0.42,0.58	0.72,0.28	180,3	52.403629874902	8,62	8.99232881025545	NA	NA	NA	NA	14064
HIP13769	TRBV4-2	ap01	ap01	ap01	0.42,0.58	1	98,45	39.8269843336954	NA	NA	NA	NA	NA	NA	14064
HIP13769	TRBV6-56	ap01,ap02	ap01,ap02	ap01,ap02	0.42,0.58	0.73,0.27	191,251	65.635874610996	64,98	18.8243831705301	NA	NA	NA	NA	14064
HIP13769	TRBV6-9	ap01	ap01	ap01	0.42,0.58	1	2,8	0.210037501340988	NA	NA	NA	NA	NA	NA	14064
HIP13769	TRBV23-1	ap01	ap01	ap01	0.42,0.58	1	12,23	7.1605604522254	NA	NA	NA	NA	NA	NA	14064
HIP13769	TRBV18	ap01	ap01	ap01	0.42,0.58	1	103,161	70.0562991786227	NA	NA	NA	NA	NA	NA	14064
HIP13769	TRBV7-7	ap01_C315T	ap01_C315T	ap01_C315T	0.42,0.58	1	40,26	28.8101010600408	NA	NA	NA	NA	NA	NA	14064
HIP13769	TRBV1	ap01	ap01	ap01	0.42,0.58	1	27,29	21.4805662717105	NA	NA	NA	NA	NA	NA	14064
HIP13769	TRBV12-2	ap01	ap01	ap01	0.42,0.58	1	13,30	6.55753894959435	NA	NA	NA	NA	NA	NA	14064
HIP13769	TRBV30	ap01	Del	ap01	0.42,0.58	1	168,30	9.26574936930684	NA	NA	NA	NA	NA	NA	14064
HIP13769	TRBV11-2	ap01	ap01	ap01	0.42,0.58	1	129,195	89.3077259397581	NA	NA	NA	NA	NA	NA	14064
HIP13769	TRBV11-1	ap01	Unk	ap01	0.42,0.58	1	27,3	4.48502432364554	NA	NA	NA	NA	NA	NA	14064
HIP13769	TRBV11-3	ap01	ap01	ap01	0.42,0.58	1	59,79	43.2502128790062	NA	NA	NA	NA	NA	NA	14064
HIP13769	TRBV12-1	ap01	ap01	ap01	0.42,0.58	1	8,12	5.56041836070753	NA	NA	NA	NA	NA	NA	14064
HIP13769	TRBV6-1	ap01	ap01	ap01	0.42,0.58	1	108,129	82.8540906558685	NA	NA	NA	NA	NA	NA	14064
HIP13769	TRBV12-5	ap01	ap01	ap01	0.42,0.58	1	35,36	28.2210517212539	NA	NA	NA	NA	NA	NA	14064
HIP13769	TRBV14	ap01	ap01	ap01	0.42,0.58	1	62,99	41.6771617888803	NA	NA	NA	NA	NA	NA	14064
HIP13769	TRBV10-1	ap01	ap01	ap01	0.42,0.58	1	75,109	52.9549690938182	NA	NA	NA	NA	NA	NA	14064
HIP13769	TRBV6-23	ap01	ap01	ap01	0.42,0.58	1	130,154	100.033348489952	NA	NA	NA	NA	NA	NA	14064
HIP13769	TRBV7-4	ap01	ap01	ap01	0.42,0.58	1	8,21	3.43629760080292	NA	NA	NA	NA	NA	NA	14064
HIP13769	TRBV6-4	ap01	ap01	ap01	0.42,0.58	1	152,98	108.162543888544	NA	NA	NA	NA	NA	NA	14064
HIP13769	TRBV16	Unk	ap01	ap01	0.42,0.58	1	0,4	0.944053671068715	NA	NA	NA	NA	NA	NA	14064
HIP13769	TRBV5-8	ap01	ap01	ap01	0.42,0.58	1	20,37	12.2489519773986	NA	NA	NA	NA	NA	NA	14064
HIP13769	TRBV5-5	ap01	ap01	ap01	0.42,0.58	1	39,49	29.3491669772374	NA	NA	NA	NA	NA	NA	14064
HIP13769	TRBV10-2	ap01	ap01	ap01	0.42,0.58	1	62,78	46.633443561991	NA	NA	NA	NA	NA	NA	14064
HIP13769	TRBV6-7	ap01	ap01	ap01	0.42,0.58	1	13,11	13.557523289523	NA	NA	NA	NA	NA	NA	14064
HIP13769	TRBV5-7	ap01	ap01	ap01	0.42,0.58	1	4,3	3.53893017580952	NA	NA	NA	NA	NA	NA	14064
HIP13769	TRBV17	Unk	Unk	NA	NA	NA	NA	NA	NA	NA	NA	NA	NA	NA	14064
HIP13769	TRBV26	Unk	Unk	NA	NA	NA	NA	NA	NA	NA	NA	NA	NA	NA	14064
HIP13769	TRBV4-3	Del	Del	Del	NA	NA	NA	1000	NA	NA	NA	NA	NA	NA	14064
HIP13769	TRBV7-1	Unk	Unk	NA	NA	NA	NA	NA	NA	NA	NA	NA	NA	NA	14064
