subject	gene	TRBD2_01	TRBD2_02	alleles	proirs_row	proirs_col	counts1	k1	counts2	k2	counts3	k3	counts4	k4	TOTAL
HIP02947	TRBV25-1	ap01	ap01	ap01	0.45,0.55	1	109,155	77.3515638627423	NA	NA	NA	NA	NA	NA	28701
HIP02947	TRBV24-1	ap01	ap01	ap01	0.45,0.55	1	343,723	183.735968002639	NA	NA	NA	NA	NA	NA	28701
HIP02947	TRBV20-1	ap01,ap02	ap01,ap02	ap01,ap02	0.45,0.55	0.86,0.14	619,896	189.996586262616	109,145	36.5858806581291	NA	NA	NA	NA	28701
HIP02947	TRBV14	ap01	ap01	ap01	0.45,0.55	1	89,171	51.885844849826	NA	NA	NA	NA	NA	NA	28701
HIP02947	TRBV6-4	ap01	ap01	ap01	0.45,0.55	1	183,205	143.874983337141	NA	NA	NA	NA	NA	NA	28701
HIP02947	TRBV6-1	ap01	ap01	ap01	0.45,0.55	1	189,158	195.177063598273	NA	NA	NA	NA	NA	NA	28701
HIP02947	TRBV6-56	ap01,ap02	ap01,ap02	ap01,ap02	0.45,0.55	0.71,0.29	364,431	135.211120186347	143,176	51.4829724683565	NA	NA	NA	NA	28701
HIP02947	TRBV4-2	ap01	ap01	ap01	0.45,0.55	1	354,179	175.296152963409	NA	NA	NA	NA	NA	NA	28701
HIP02947	TRBV5-4	ap01	ap01	ap01	0.45,0.55	1	369,449	281.068274414878	NA	NA	NA	NA	NA	NA	28701
HIP02947	TRBV7-2	ap01	ap01	ap01	0.45,0.55	1	586,524	66.0664770184153	NA	NA	NA	NA	NA	NA	28701
HIP02947	TRBV6-23	ap01	ap01	ap01	0.45,0.55	1	702,706	57.2306521866991	NA	NA	NA	NA	NA	NA	28701
HIP02947	TRBV11-2	ap01	ap01	ap01	0.45,0.55	1	364,422	282.565324213619	NA	NA	NA	NA	NA	NA	28701
HIP02947	TRBV4-1	ap01	ap01	ap01	0.45,0.55	1	440,425	54.7403681127124	NA	NA	NA	NA	NA	NA	28701
HIP02947	TRBV10-1	ap01	ap01	ap01	0.45,0.55	1	162,168	130.782920305708	NA	NA	NA	NA	NA	NA	28701
HIP02947	TRBV11-3	ap01	ap01	ap01	0.45,0.55	1	194,464	89.9508118904499	NA	NA	NA	NA	NA	NA	28701
HIP02947	TRBV12-34	ap01	ap01	ap01	0.45,0.55	1	679,844	51.2683133569375	NA	NA	NA	NA	NA	NA	28701
HIP02947	TRBV19	ap01	ap01	ap01	0.45,0.55	1	287,400	205.72833474114	NA	NA	NA	NA	NA	NA	28701
HIP02947	TRBV4-3	ap01	ap01	ap01	0.45,0.55	1	473,501	37.9195096010224	NA	NA	NA	NA	NA	NA	28701
HIP02947	TRBV5-6	ap01	ap01	ap01	0.45,0.55	1	264,293	208.25180096716	NA	NA	NA	NA	NA	NA	28701
HIP02947	TRBV21-1	ap01	ap01	ap01	0.45,0.55	1	196,329	126.335711928284	NA	NA	NA	NA	NA	NA	28701
HIP02947	TRBV5-5	ap01	ap01	ap01	0.45,0.55	1	90,101	70.7124464455151	NA	NA	NA	NA	NA	NA	28701
HIP02947	TRBV10-3	ap01	ap01	ap01	0.45,0.55	1	280,387	201.533420817801	NA	NA	NA	NA	NA	NA	28701
HIP02947	TRBV23-1	ap01	ap01	ap01	0.45,0.55	1	48,79	31.3379675857956	NA	NA	NA	NA	NA	NA	28701
HIP02947	TRBV7-3	ap02	ap02	ap02	0.45,0.55	1	123,161	90.8146043235938	NA	NA	NA	NA	NA	NA	28701
HIP02947	TRBV7-8	ap01,ap03	ap01,ap03	ap01,ap03	0.45,0.55	0.66,0.34	151,177	56.5296939588204	83,85	34.082958402938	NA	NA	NA	NA	28701
HIP02947	TRBV15	ap02	ap02	ap02	0.45,0.55	1	142,170	108.868450122713	NA	NA	NA	NA	NA	NA	28701
HIP02947	TRBV5-1	ap01	ap01	ap01	0.45,0.55	1	853,846	109.714347959798	NA	NA	NA	NA	NA	NA	28701
HIP02947	TRBV10-2	ap01	ap01	ap01	0.45,0.55	1	115,142	87.0712967384287	NA	NA	NA	NA	NA	NA	28701
HIP02947	TRBV2	ap01	ap01	ap01	0.45,0.55	1	434,439	35.317811471709	NA	NA	NA	NA	NA	NA	28701
HIP02947	TRBV7-4	ap01	ap01	ap01	0.45,0.55	1	20,27	14.5583118924414	NA	NA	NA	NA	NA	NA	28701
HIP02947	TRBV6-7	ap01	ap01	ap01	0.45,0.55	1	28,46	18.3016194776065	NA	NA	NA	NA	NA	NA	28701
HIP02947	TRBV3-12	ap01	ap01	ap01	0.45,0.55	1	594,603	48.2834962653474	NA	NA	NA	NA	NA	NA	28701
HIP02947	TRBV9	ap01	ap01	ap01	0.45,0.55	1	583,681	45.1275501551327	NA	NA	NA	NA	NA	NA	28701
HIP02947	TRBV5-8	ap01	ap01	ap01	0.45,0.55	1	54,93	34.2088634323466	NA	NA	NA	NA	NA	NA	28701
HIP02947	TRBV7-9	ap01	ap01	ap01	0.45,0.55	1	383,518	278.55069514108	NA	NA	NA	NA	NA	NA	28701
HIP02947	TRBV7-6	ap01	ap01	ap01	0.45,0.55	1	222,208	265.724487111302	NA	NA	NA	NA	NA	NA	28701
HIP02947	TRBV29-1	ap01,ap02	ap01,ap02	ap01,ap02	0.45,0.55	0.84,0.16	202,314	56.710530012701	42,58	13.5760249780617	NA	NA	NA	NA	28701
HIP02947	TRBV27	ap01	ap01	ap01	0.45,0.55	1	434,666	295.597151546211	NA	NA	NA	NA	NA	NA	28701
HIP02947	TRBV12-2	ap01	ap01	ap01	0.45,0.55	1	38,46	29.0051939383949	NA	NA	NA	NA	NA	NA	28701
HIP02947	TRBV12-5	ap01	ap01	ap01	0.45,0.55	1	71,133	42.2585147873382	NA	NA	NA	NA	NA	NA	28701
HIP02947	TRBV28	ap01	ap01	ap01	0.45,0.55	1	58,101	36.4610081709922	NA	NA	NA	NA	NA	NA	28701
HIP02947	TRBV13	ap01	ap01	ap01	0.45,0.55	1	135,102	121.74595613027	NA	NA	NA	NA	NA	NA	28701
HIP02947	TRBV5-3	ap01	ap01	ap01	0.45,0.55	1	28,58	15.2576919091019	NA	NA	NA	NA	NA	NA	28701
HIP02947	TRBV30	ap02	ap02	ap02	0.45,0.55	1	101,354	18.3102387830767	NA	NA	NA	NA	NA	NA	28701
HIP02947	TRBV12-1	ap01	ap01	ap01	0.45,0.55	1	15,27	9.20652466204722	NA	NA	NA	NA	NA	NA	28701
HIP02947	TRBV7-7	ap01	ap01	ap01	0.45,0.55	1	59,80	42.8582388619541	NA	NA	NA	NA	NA	NA	28701
HIP02947	TRBV5-7	ap01	ap01	ap01	0.45,0.55	1	7,9	5.20955644617342	NA	NA	NA	NA	NA	NA	28701
HIP02947	TRBV6-8	ap01	ap01	ap01	0.45,0.55	1	13,23	8.08045229272441	NA	NA	NA	NA	NA	NA	28701
HIP02947	TRBV6-9	ap01	ap01	ap01	0.45,0.55	1	2,5	0.87241173861409	NA	NA	NA	NA	NA	NA	28701
HIP02947	TRBV18	ap01	ap01	ap01	0.45,0.55	1	174,250	122.827037940539	NA	NA	NA	NA	NA	NA	28701
HIP02947	TRBV1	ap01	ap01	ap01	0.45,0.55	1	56,71	41.9301122000961	NA	NA	NA	NA	NA	NA	28701
HIP02947	TRBV7-1	ap01_T296C	ap01_T296C	ap01_T296C	0.45,0.55	1	5,4	4.87069903332231	NA	NA	NA	NA	NA	NA	28701
HIP02947	TRBV16	ap01	ap01	ap01	0.45,0.55	1	5,5	6.49785199489438	NA	NA	NA	NA	NA	NA	28701
HIP02947	TRBV17	Unk	ap01	ap01	0.45,0.55	1	0,2	0.507321261417437	NA	NA	NA	NA	NA	NA	28701
HIP02947	TRBV11-1	Del	Del	Del	NA	NA	NA	1000	NA	NA	NA	NA	NA	NA	28701
HIP02947	TRBV26	Unk	Unk	NA	NA	NA	NA	NA	NA	NA	NA	NA	NA	NA	28701
