subject	gene	TRBD2_01	TRBD2_02	alleles	proirs_row	proirs_col	counts1	k1	counts2	k2	counts3	k3	counts4	k4	TOTAL
HIP14060	TRBV11-2	ap01	ap01	ap01	0.44,0.56	1	58,87	40.0669837221301	NA	NA	NA	NA	NA	NA	9637
HIP14060	TRBV18	ap01	ap01	ap01	0.44,0.56	1	57,82	40.2542345272292	NA	NA	NA	NA	NA	NA	9637
HIP14060	TRBV30	ap01	Unk	ap01	0.44,0.56	1	222,42	4.98418738586858	NA	NA	NA	NA	NA	NA	9637
HIP14060	TRBV10-3	ap01	ap01	ap01	0.44,0.56	1	78,97	58.9006756871873	NA	NA	NA	NA	NA	NA	9637
HIP14060	TRBV19	ap01	ap01	ap01	0.44,0.56	1	115,178	78.0633474426555	NA	NA	NA	NA	NA	NA	9637
HIP14060	TRBV6-23	ap01	ap01	ap01	0.44,0.56	1	299,376	224.740612908892	NA	NA	NA	NA	NA	NA	9637
HIP14060	TRBV4-3	ap01	ap01	ap01	0.44,0.56	1	169,183	134.43355549803	NA	NA	NA	NA	NA	NA	9637
HIP14060	TRBV13	ap01	ap01	ap01	0.44,0.56	1	48,60	36.169377489322	NA	NA	NA	NA	NA	NA	9637
HIP14060	TRBV20-1	ap01,ap02	ap01,ap02	ap01,ap02	0.44,0.56	0.85,0.15	167,239	52.1026554337535	33,39	12.2888900840029	NA	NA	NA	NA	9637
HIP14060	TRBV4-2	ap01	Del	ap01	0.44,0.56	1	137,17	17.6131216536267	NA	NA	NA	NA	NA	NA	9637
HIP14060	TRBV10-2	ap01	ap01	ap01	0.44,0.56	1	17,63	2.33597606303662	NA	NA	NA	NA	NA	NA	9637
HIP14060	TRBV12-1	ap01	ap01	ap01	0.44,0.56	1	6,10	3.89398585096974	NA	NA	NA	NA	NA	NA	9637
HIP14060	TRBV24-1	ap01	ap01	ap01	0.44,0.56	1	94,186	53.6467919988987	NA	NA	NA	NA	NA	NA	9637
HIP14060	TRBV6-4	ap01	ap01	ap01	0.44,0.56	1	90,86	110.401126101216	NA	NA	NA	NA	NA	NA	9637
HIP14060	TRBV5-1	ap01	ap01	ap01	0.44,0.56	1	303,272	34.3105526386941	NA	NA	NA	NA	NA	NA	9637
HIP14060	TRBV5-4	ap01	ap01	ap01	0.44,0.56	1	130,135	104.857780387398	NA	NA	NA	NA	NA	NA	9637
HIP14060	TRBV25-1	ap01	ap01	ap01	0.44,0.56	1	40,67	25.8762808284389	NA	NA	NA	NA	NA	NA	9637
HIP14060	TRBV5-8	ap01	ap01	ap01	0.44,0.56	1	15,22	10.487588229659	NA	NA	NA	NA	NA	NA	9637
HIP14060	TRBV9	ap01	ap01	ap01	0.44,0.56	1	180,189	144.666648811773	NA	NA	NA	NA	NA	NA	9637
HIP14060	TRBV27	ap01	ap01	ap01	0.44,0.56	1	115,250	60.000380989025	NA	NA	NA	NA	NA	NA	9637
HIP14060	TRBV7-9	ap01	ap01	ap01	0.44,0.56	1	116,171	80.8865910464948	NA	NA	NA	NA	NA	NA	9637
HIP14060	TRBV3-12	ap01	ap01	ap01	0.44,0.56	1	143,190	104.932265261892	NA	NA	NA	NA	NA	NA	9637
HIP14060	TRBV7-2	ap01	ap01	ap01	0.44,0.56	1	253,238	304.228505577057	NA	NA	NA	NA	NA	NA	9637
HIP14060	TRBV12-34	ap01	ap01	ap01	0.44,0.56	1	196,221	153.712613565942	NA	NA	NA	NA	NA	NA	9637
HIP14060	TRBV6-56	ap01,ap02	ap01,ap02	ap01,ap02	0.44,0.56	0.75,0.25	119,150	42.0461039329575	37,52	11.7743511330212	NA	NA	NA	NA	9637
HIP14060	TRBV2	ap01	ap01	ap01	0.44,0.56	1	112,139	84.6460886758294	NA	NA	NA	NA	NA	NA	9637
HIP14060	TRBV6-1	ap01	ap01	ap01	0.44,0.56	1	66,72	52.3670766556388	NA	NA	NA	NA	NA	NA	9637
HIP14060	TRBV28	Del	ap01	ap01	0.44,0.56	1	55,284	12.5566650871514	NA	NA	NA	NA	NA	NA	9637
HIP14060	TRBV4-1	ap01	ap01	ap01	0.44,0.56	1	115,145	86.3422070672361	NA	NA	NA	NA	NA	NA	9637
HIP14060	TRBV5-5	ap01	ap01	ap01	0.44,0.56	1	10,20	5.65372797135557	NA	NA	NA	NA	NA	NA	9637
HIP14060	TRBV12-5	ap01	ap01	ap01	0.44,0.56	1	25,29	19.4026851440311	NA	NA	NA	NA	NA	NA	9637
HIP14060	TRBV15	ap02	ap02	ap02	0.44,0.56	1	59,83	42.1376037237349	NA	NA	NA	NA	NA	NA	9637
HIP14060	TRBV5-6	ap01	ap01	ap01	0.44,0.56	1	84,101	64.2999087426262	NA	NA	NA	NA	NA	NA	9637
HIP14060	TRBV12-2	ap01	ap01	ap01	0.44,0.56	1	7,21	2.20148784140149	NA	NA	NA	NA	NA	NA	9637
HIP14060	TRBV14	ap01	ap01	ap01	0.44,0.56	1	31,61	17.7774312452805	NA	NA	NA	NA	NA	NA	9637
HIP14060	TRBV29-1	ap01	ap01,ap02	ap01,ap02	0.44,0.56	0.88,0.12	74,146	13.3740336939799	7,23	0.961006667623042	NA	NA	NA	NA	9637
HIP14060	TRBV7-6	ap01	ap01	ap01	0.44,0.56	1	55,65	42.3848578759747	NA	NA	NA	NA	NA	NA	9637
HIP14060	TRBV11-3	ap01	ap01	ap01	0.44,0.56	1	25,57	12.3781981898415	NA	NA	NA	NA	NA	NA	9637
HIP14060	TRBV7-3	ap01	ap02	ap01,ap02	0.44,0.56	0.58,0.42	71,8	11.6024162323756	7,51	7.74411904899806	NA	NA	NA	NA	9637
HIP14060	TRBV5-3	ap01	ap01	ap01	0.44,0.56	1	20,24	15.3214484879624	NA	NA	NA	NA	NA	NA	9637
HIP14060	TRBV10-1	ap01	ap01	ap01	0.44,0.56	1	33,93	11.8836898853619	NA	NA	NA	NA	NA	NA	9637
HIP14060	TRBV21-1	ap01	ap01	ap01	0.44,0.56	1	33,53	21.91867124849	NA	NA	NA	NA	NA	NA	9637
HIP14060	TRBV6-9	ap01	ap01	ap01	0.44,0.56	1	4,4	5.19648365929005	NA	NA	NA	NA	NA	NA	9637
HIP14060	TRBV23-1	ap01	ap01	ap01	0.44,0.56	1	10,32	2.64323356241715	NA	NA	NA	NA	NA	NA	9637
HIP14060	TRBV6-7	ap01	ap01	ap01	0.44,0.56	1	9,16	5.59010424237641	NA	NA	NA	NA	NA	NA	9637
HIP14060	TRBV7-7	ap01_C315T	ap01	ap01,ap01_C315T	0.44,0.56	0.26,0.74	3,11	0.688721730261918	37,2	8.58997433926533	NA	NA	NA	NA	9637
HIP14060	TRBV7-8	ap01,ap03	ap01,ap03	ap01,ap03	0.44,0.56	0.6,0.4	25,41	6.5348556045912	23,21	17.829416854242	NA	NA	NA	NA	9637
HIP14060	TRBV7-4	ap01	ap01	ap01	0.44,0.56	1	5,11	2.57598945159958	NA	NA	NA	NA	NA	NA	9637
HIP14060	TRBV1	ap01	ap01	ap01	0.44,0.56	1	20,22	15.8231975561188	NA	NA	NA	NA	NA	NA	9637
HIP14060	TRBV11-1	ap01	ap01	ap01	0.44,0.56	1	8,3	2.24327202756714	NA	NA	NA	NA	NA	NA	9637
HIP14060	TRBV6-8	ap01	ap01	ap01	0.44,0.56	1	7,4	4.20402922914981	NA	NA	NA	NA	NA	NA	9637
HIP14060	TRBV16	ap01	ap01	ap01	0.44,0.56	1	2,5	0.879871060192912	NA	NA	NA	NA	NA	NA	9637
HIP14060	TRBV5-7	ap01	ap01	ap01	0.44,0.56	1	5,3	3.23572645770738	NA	NA	NA	NA	NA	NA	9637
HIP14060	TRBV7-1	ap01_T296C	Unk	ap01_T296C	0.44,0.56	1	1,0	0.330818143380078	NA	NA	NA	NA	NA	NA	9637
HIP14060	TRBV17	Unk	Unk	NA	NA	NA	NA	NA	NA	NA	NA	NA	NA	NA	9637
HIP14060	TRBV26	Unk	Unk	NA	NA	NA	NA	NA	NA	NA	NA	NA	NA	NA	9637
