subject	gene	TRBD2_01	TRBD2_02	alleles	proirs_row	proirs_col	counts1	k1	counts2	k2	counts3	k3	counts4	k4	TOTAL
HIP08521	TRBV5-6	ap01	ap01	ap01	0.45,0.55	1	216,259	165.5085905804	NA	NA	NA	NA	NA	NA	22428
HIP08521	TRBV20-1	ap01,ap02	ap01,ap02	ap01,ap02	0.45,0.55	0.83,0.17	416,612	125.455015383248	76,128	18.9697847630869	NA	NA	NA	NA	22428
HIP08521	TRBV19	ap01	ap01	ap01	0.45,0.55	1	345,511	239.767680491715	NA	NA	NA	NA	NA	NA	22428
HIP08521	TRBV7-9	ap01	ap01	ap01	0.45,0.55	1	414,600	291.056001371237	NA	NA	NA	NA	NA	NA	22428
HIP08521	TRBV4-2	ap01	ap01	ap01	0.45,0.55	1	266,227	282.144150776247	NA	NA	NA	NA	NA	NA	22428
HIP08521	TRBV12-34	ap01	ap01	ap01	0.45,0.55	1	404,638	270.764145302289	NA	NA	NA	NA	NA	NA	22428
HIP08521	TRBV25-1	ap01	ap01	ap01	0.45,0.55	1	77,127	50.2415573231161	NA	NA	NA	NA	NA	NA	22428
HIP08521	TRBV6-23	ap01	ap01	ap01	0.45,0.55	1	464,213	194.253549354952	NA	NA	NA	NA	NA	NA	22428
HIP08521	TRBV4-1	ap01	ap01	ap01	0.45,0.55	1	241,319	177.079773094986	NA	NA	NA	NA	NA	NA	22428
HIP08521	TRBV10-3	ap01	ap01	ap01	0.45,0.55	1	203,272	148.32509936008	NA	NA	NA	NA	NA	NA	22428
HIP08521	TRBV5-1	ap01	ap01	ap01	0.45,0.55	1	762,1052	54.8936674712736	NA	NA	NA	NA	NA	NA	22428
HIP08521	TRBV11-3	ap01	ap01	ap01	0.45,0.55	1	85,102	65.1108120405195	NA	NA	NA	NA	NA	NA	22428
HIP08521	TRBV4-3	ap01	Del	ap01	0.45,0.55	1	326,18	77.8712231202841	NA	NA	NA	NA	NA	NA	22428
HIP08521	TRBV2	ap01	ap01	ap01	0.45,0.55	1	363,602	236.022968830977	NA	NA	NA	NA	NA	NA	22428
HIP08521	TRBV1	ap01	ap01	ap01	0.45,0.55	1	40,62	27.1034891869796	NA	NA	NA	NA	NA	NA	22428
HIP08521	TRBV6-1	ap01	ap01	ap01	0.45,0.55	1	127,190	87.7841293619237	NA	NA	NA	NA	NA	NA	22428
HIP08521	TRBV28	Del	ap01	ap01	0.45,0.55	1	152,794	38.0782427417813	NA	NA	NA	NA	NA	NA	22428
HIP08521	TRBV24-1	ap01	ap01	ap01	0.45,0.55	1	145,313	75.9550909589333	NA	NA	NA	NA	NA	NA	22428
HIP08521	TRBV3-12	ap01	ap01	ap01	0.45,0.55	1	499,560	39.2041013330501	NA	NA	NA	NA	NA	NA	22428
HIP08521	TRBV7-8	ap01,ap03	ap01,ap03	ap01,ap03	0.45,0.55	0.67,0.33	90,121	29.9235149695049	53,53	46.4935411935477	NA	NA	NA	NA	22428
HIP08521	TRBV27	ap01	ap01	ap01	0.45,0.55	1	307,671	158.717518142864	NA	NA	NA	NA	NA	NA	22428
HIP08521	TRBV9	ap01	ap01	ap01	0.45,0.55	1	543,343	37.9944050969898	NA	NA	NA	NA	NA	NA	22428
HIP08521	TRBV15	ap02	ap02	ap02	0.45,0.55	1	152,205	110.723896357801	NA	NA	NA	NA	NA	NA	22428
HIP08521	TRBV18	ap01	ap01	ap01	0.45,0.55	1	132,167	98.9405982391793	NA	NA	NA	NA	NA	NA	22428
HIP08521	TRBV5-4	ap01	ap01	ap01	0.45,0.55	1	275,316	214.189520139651	NA	NA	NA	NA	NA	NA	22428
HIP08521	TRBV10-2	ap01	ap01	ap01	0.45,0.55	1	95,110	73.7814484174798	NA	NA	NA	NA	NA	NA	22428
HIP08521	TRBV29-1	ap01,ap02	ap01,ap02	ap01,ap02	0.45,0.55	0.84,0.16	164,113	84.1438853972817	30,21	15.7777597332427	NA	NA	NA	NA	22428
HIP08521	TRBV11-2	ap01	ap01	ap01	0.45,0.55	1	215,249	166.965770881102	NA	NA	NA	NA	NA	NA	22428
HIP08521	TRBV21-1	ap01	ap01	ap01	0.45,0.55	1	120,191	80.047291507462	NA	NA	NA	NA	NA	NA	22428
HIP08521	TRBV6-56	ap01,ap02	ap01,ap02	ap01,ap02	0.45,0.55	0.73,0.27	326,374	124.071974404076	116,148	40.5087297761822	NA	NA	NA	NA	22428
HIP08521	TRBV6-4	ap01	ap01	ap01	0.45,0.55	1	135,168	101.895478447241	NA	NA	NA	NA	NA	NA	22428
HIP08521	TRBV7-2	ap01	ap01	ap01	0.45,0.55	1	505,229	206.82490716111	NA	NA	NA	NA	NA	NA	22428
HIP08521	TRBV7-6	ap01	ap01	ap01	0.45,0.55	1	148,173	114.531535875044	NA	NA	NA	NA	NA	NA	22428
HIP08521	TRBV13	ap01	ap01	ap01	0.45,0.55	1	120,146	91.4158759887544	NA	NA	NA	NA	NA	NA	22428
HIP08521	TRBV14	ap01	ap01	ap01	0.45,0.55	1	72,144	40.6008997100328	NA	NA	NA	NA	NA	NA	22428
HIP08521	TRBV12-2	ap01	ap01	ap01	0.45,0.55	1	17,43	7.31260664638816	NA	NA	NA	NA	NA	NA	22428
HIP08521	TRBV7-7	ap01_C315T	ap01_C315T	ap01_C315T	0.45,0.55	1	60,80	43.9394915195095	NA	NA	NA	NA	NA	NA	22428
HIP08521	TRBV7-3	ap01	ap03	ap01,ap03	0.45,0.55	0.68,0.32	248,11	59.9812451422736	13,107	17.5153782214144	NA	NA	NA	NA	22428
HIP08521	TRBV7-4	ap01	ap01	ap01	0.45,0.55	1	14,17	10.6736067057112	NA	NA	NA	NA	NA	NA	22428
HIP08521	TRBV16	ap01	ap01	ap01	0.45,0.55	1	3,3	3.89823053749712	NA	NA	NA	NA	NA	NA	22428
HIP08521	TRBV10-1	ap01	ap01	ap01	0.45,0.55	1	117,179	79.8713986170496	NA	NA	NA	NA	NA	NA	22428
HIP08521	TRBV5-3	ap01	ap01	ap01	0.45,0.55	1	25,43	15.8659810964069	NA	NA	NA	NA	NA	NA	22428
HIP08521	TRBV11-1	ap01	ap01	ap01	0.45,0.55	1	28,34	21.3472134114224	NA	NA	NA	NA	NA	NA	22428
HIP08521	TRBV23-1	ap01	ap01	ap01	0.45,0.55	1	41,53	30.4463778894905	NA	NA	NA	NA	NA	NA	22428
HIP08521	TRBV5-8	ap01	ap01	ap01	0.45,0.55	1	48,47	60.7435102183685	NA	NA	NA	NA	NA	NA	22428
HIP08521	TRBV5-5	ap01	ap01	ap01	0.45,0.55	1	37,42	28.9486779821303	NA	NA	NA	NA	NA	NA	22428
HIP08521	TRBV5-7	ap01	Unk	ap01	0.45,0.55	1	7,1	0.673199035352478	NA	NA	NA	NA	NA	NA	22428
HIP08521	TRBV6-9	ap01	ap01	ap01	0.45,0.55	1	15,13	16.2347959243148	NA	NA	NA	NA	NA	NA	22428
HIP08521	TRBV12-1	ap01	ap01	ap01	0.45,0.55	1	14,19	10.1683362843204	NA	NA	NA	NA	NA	NA	22428
HIP08521	TRBV12-5	ap01	ap01	ap01	0.45,0.55	1	48,56	37.1726749011707	NA	NA	NA	NA	NA	NA	22428
HIP08521	TRBV6-7	ap01	ap01	ap01	0.45,0.55	1	15,22	10.4796024584866	NA	NA	NA	NA	NA	NA	22428
HIP08521	TRBV7-1	ap01_G291C_T296C	ap01_G291C_T296C	ap01_G291C_T296C	0.45,0.55	1	10,12	7.66009553417876	NA	NA	NA	NA	NA	NA	22428
HIP08521	TRBV30	ap02	ap02	ap02	0.45,0.55	1	37,66	22.8854329254411	NA	NA	NA	NA	NA	NA	22428
HIP08521	TRBV6-8	ap01	ap01	ap01	0.45,0.55	1	8,15	4.76384628958792	NA	NA	NA	NA	NA	NA	22428
HIP08521	TRBV17	Unk	Unk	NA	NA	NA	NA	NA	NA	NA	NA	NA	NA	NA	22428
HIP08521	TRBV26	Unk	Unk	NA	NA	NA	NA	NA	NA	NA	NA	NA	NA	NA	22428
