subject	gene	TRBD2_01	TRBD2_02	alleles	proirs_row	proirs_col	counts1	k1	counts2	k2	counts3	k3	counts4	k4	TOTAL
HIP00999	TRBV19	ap01	ap01	ap01	0.39,0.61	1	354,561	241.071171637515	NA	NA	NA	NA	NA	NA	21041
HIP00999	TRBV27	ap01	ap01	ap01	0.39,0.61	1	270,489	170.998152594413	NA	NA	NA	NA	NA	NA	21041
HIP00999	TRBV3-12	ap01	ap01	ap01	0.39,0.61	1	358,405	277.978692796664	NA	NA	NA	NA	NA	NA	21041
HIP00999	TRBV11-3	ap01	ap01	ap01	0.39,0.61	1	100,165	66.7251492473787	NA	NA	NA	NA	NA	NA	21041
HIP00999	TRBV4-3	Del	ap01	ap01	0.39,0.61	1	54,356	20.1692785946806	NA	NA	NA	NA	NA	NA	21041
HIP00999	TRBV6-4	ap01	ap01	ap01	0.39,0.61	1	134,168	100.592912516391	NA	NA	NA	NA	NA	NA	21041
HIP00999	TRBV7-9	ap01	ap01	ap01	0.39,0.61	1	265,363	192.45639183275	NA	NA	NA	NA	NA	NA	21041
HIP00999	TRBV25-1	ap01	ap01	ap01	0.39,0.61	1	87,160	54.5870202212144	NA	NA	NA	NA	NA	NA	21041
HIP00999	TRBV20-1	ap01,ap02	ap01,ap02	ap01,ap02	0.39,0.61	0.87,0.13	452,649	145.494241484992	77,92	28.5656952754703	NA	NA	NA	NA	21041
HIP00999	TRBV6-56	ap01,ap02	ap01,ap02	ap01,ap02	0.39,0.61	0.78,0.22	484,672	160.468451299664	148,178	54.6674294015835	NA	NA	NA	NA	21041
HIP00999	TRBV10-2	ap01	ap01	ap01	0.39,0.61	1	41,34	41.0750789520065	NA	NA	NA	NA	NA	NA	21041
HIP00999	TRBV6-9	ap01	ap01	ap01	0.39,0.61	1	6,23	1.24505539408486	NA	NA	NA	NA	NA	NA	21041
HIP00999	TRBV5-1	ap01	ap01	ap01	0.39,0.61	1	454,420	52.7507371781439	NA	NA	NA	NA	NA	NA	21041
HIP00999	TRBV10-3	ap01	ap01	ap01	0.39,0.61	1	157,208	115.508030446376	NA	NA	NA	NA	NA	NA	21041
HIP00999	TRBV6-1	ap01	ap01	ap01	0.39,0.61	1	207,178	217.970852287595	NA	NA	NA	NA	NA	NA	21041
HIP00999	TRBV21-1	ap01	ap01	ap01	0.39,0.61	1	89,122	64.6180218366428	NA	NA	NA	NA	NA	NA	21041
HIP00999	TRBV28	Del	ap01	ap01	0.39,0.61	1	278,1559	46.1931272985371	NA	NA	NA	NA	NA	NA	21041
HIP00999	TRBV7-2	ap01	ap01	ap01	0.39,0.61	1	158,376	81.1471330967071	NA	NA	NA	NA	NA	NA	21041
HIP00999	TRBV30	ap01	ap01	ap01	0.39,0.61	1	447,635	319.855266851563	NA	NA	NA	NA	NA	NA	21041
HIP00999	TRBV7-3	ap01	ap01	ap01	0.39,0.61	1	241,357	169.367238483496	NA	NA	NA	NA	NA	NA	21041
HIP00999	TRBV24-1	ap01	ap01	ap01	0.39,0.61	1	201,357	128.779626493704	NA	NA	NA	NA	NA	NA	21041
HIP00999	TRBV14	ap01	ap01	ap01	0.39,0.61	1	60,108	38.1399687814943	NA	NA	NA	NA	NA	NA	21041
HIP00999	TRBV5-4	ap01	ap01	ap01	0.39,0.61	1	155,189	117.479460354856	NA	NA	NA	NA	NA	NA	21041
HIP00999	TRBV6-23	ap01	ap01	ap01	0.39,0.61	1	138,438	47.7980507073843	NA	NA	NA	NA	NA	NA	21041
HIP00999	TRBV5-5	ap01	ap01	ap01	0.39,0.61	1	16,40	7.8122858317709	NA	NA	NA	NA	NA	NA	21041
HIP00999	TRBV4-1	ap01	ap01	ap01	0.39,0.61	1	293,280	35.5376328373922	NA	NA	NA	NA	NA	NA	21041
HIP00999	TRBV4-2	ap01	ap01	ap01	0.39,0.61	1	178,221	134.07913007767	NA	NA	NA	NA	NA	NA	21041
HIP00999	TRBV12-5	ap01	ap01	ap01	0.39,0.61	1	90,126	64.790436239973	NA	NA	NA	NA	NA	NA	21041
HIP00999	TRBV2	ap01	ap01	ap01	0.39,0.61	1	264,249	314.712984353843	NA	NA	NA	NA	NA	NA	21041
HIP00999	TRBV9	ap01	ap01	ap01	0.39,0.61	1	397,570	282.807733759609	NA	NA	NA	NA	NA	NA	21041
HIP00999	TRBV12-34	ap01	ap01	ap01	0.39,0.61	1	368,369	295.706078861844	NA	NA	NA	NA	NA	NA	21041
HIP00999	TRBV5-6	ap01	ap01	ap01	0.39,0.61	1	85,105	64.1389331974257	NA	NA	NA	NA	NA	NA	21041
HIP00999	TRBV11-2	ap01	ap01	ap01	0.39,0.61	1	192,250	142.178294025091	NA	NA	NA	NA	NA	NA	21041
HIP00999	TRBV15	ap02	ap02	ap02	0.39,0.61	1	133,207	91.3660322266041	NA	NA	NA	NA	NA	NA	21041
HIP00999	TRBV10-1	ap01	ap01	ap01	0.39,0.61	1	82,77	97.1823594676074	NA	NA	NA	NA	NA	NA	21041
HIP00999	TRBV18	ap01	ap01	ap01	0.39,0.61	1	103,159	71.032633991235	NA	NA	NA	NA	NA	NA	21041
HIP00999	TRBV23-1	ap01	ap01	ap01	0.39,0.61	1	37,64	24.0671267479243	NA	NA	NA	NA	NA	NA	21041
HIP00999	TRBV7-8	ap01,ap03	ap01,ap03	ap01,ap03	0.39,0.61	0.63,0.37	38,69	9.29113236506275	25,37	7.82239320929801	NA	NA	NA	NA	21041
HIP00999	TRBV6-7	ap01	ap01	ap01	0.39,0.61	1	15,54	3.84962989457494	NA	NA	NA	NA	NA	NA	21041
HIP00999	TRBV13	ap01	ap01	ap01	0.39,0.61	1	42,67	28.5088713243374	NA	NA	NA	NA	NA	NA	21041
HIP00999	TRBV29-1	ap01,ap02	ap01,ap02	ap01,ap02	0.39,0.61	0.83,0.17	125,248	26.2803802531183	29,49	7.83562625574283	NA	NA	NA	NA	21041
HIP00999	TRBV11-1	ap01	ap01	ap01	0.39,0.61	1	23,41	14.704548955881	NA	NA	NA	NA	NA	NA	21041
HIP00999	TRBV5-8	ap01	ap01	ap01	0.39,0.61	1	26,39	18.1697578033227	NA	NA	NA	NA	NA	NA	21041
HIP00999	TRBV5-3	ap01	ap01	ap01	0.39,0.61	1	18,27	12.579063094608	NA	NA	NA	NA	NA	NA	21041
HIP00999	TRBV12-1	ap01	ap01	ap01	0.39,0.61	1	5,9	3.17833073179119	NA	NA	NA	NA	NA	NA	21041
HIP00999	TRBV7-7	ap01	ap01	ap01	0.39,0.61	1	37,44	28.2785062299974	NA	NA	NA	NA	NA	NA	21041
HIP00999	TRBV7-6	ap01	ap01	ap01	0.39,0.61	1	81,93	62.6069996876902	NA	NA	NA	NA	NA	NA	21041
HIP00999	TRBV1	ap01	ap01	ap01	0.39,0.61	1	23,22	27.9306382945709	NA	NA	NA	NA	NA	NA	21041
HIP00999	TRBV12-2	ap01	ap01	ap01	0.39,0.61	1	26,28	20.4860165184629	NA	NA	NA	NA	NA	NA	21041
HIP00999	TRBV5-7	ap01	ap01	ap01	0.39,0.61	1	3,3	3.86098472774975	NA	NA	NA	NA	NA	NA	21041
HIP00999	TRBV7-4	ap01	ap01	ap01	0.39,0.61	1	12,15	9.01774898538298	NA	NA	NA	NA	NA	NA	21041
HIP00999	TRBV6-8	ap01	ap01	ap01	0.39,0.61	1	6,15	2.92960718691409	NA	NA	NA	NA	NA	NA	21041
HIP00999	TRBV7-1	ap01_T296C	ap01_T296C	ap01_T296C	0.39,0.61	1	3,3	3.86098472774975	NA	NA	NA	NA	NA	NA	21041
HIP00999	TRBV16	ap01	ap01	ap01	0.39,0.61	1	2,7	0.555397780764056	NA	NA	NA	NA	NA	NA	21041
HIP00999	TRBV17	Unk	Unk	NA	NA	NA	NA	NA	NA	NA	NA	NA	NA	NA	21041
HIP00999	TRBV26	Unk	Unk	NA	NA	NA	NA	NA	NA	NA	NA	NA	NA	NA	21041
