subject	gene	TRBD2_01	TRBD2_02	alleles	proirs_row	proirs_col	counts1	k1	counts2	k2	counts3	k3	counts4	k4	TOTAL
Keck0057_MC1	TRBV9	ap01	ap01	ap01	0.44,0.56	1	447,529	34.4296668150938	NA	NA	NA	NA	NA	NA	17637
Keck0057_MC1	TRBV12-34	ap01	ap01	ap01	0.44,0.56	1	317,295	37.5686390102737	NA	NA	NA	NA	NA	NA	17637
Keck0057_MC1	TRBV6-56	ap01,ap02	ap01,ap02	ap01,ap02	0.44,0.56	0.75,0.25	242,300	86.8776031111008	81,99	29.4165026134904	NA	NA	NA	NA	17637
Keck0057_MC1	TRBV11-2	ap01	ap01	ap01	0.44,0.56	1	142,202	100.975274664776	NA	NA	NA	NA	NA	NA	17637
Keck0057_MC1	TRBV20-1	ap01,ap02	ap01,ap02	ap01,ap02	0.44,0.56	0.86,0.14	327,510	92.3955930711438	56,79	17.8154900640949	NA	NA	NA	NA	17637
Keck0057_MC1	TRBV6-4	ap01	ap01	ap01	0.44,0.56	1	120,124	96.8847253279023	NA	NA	NA	NA	NA	NA	17637
Keck0057_MC1	TRBV7-9	ap01	ap01	ap01	0.44,0.56	1	214,266	161.678820896289	NA	NA	NA	NA	NA	NA	17637
Keck0057_MC1	TRBV4-2	ap01	ap01	ap01	0.44,0.56	1	58,196	13.1679812035569	NA	NA	NA	NA	NA	NA	17637
Keck0057_MC1	TRBV27	ap01	ap01	ap01	0.44,0.56	1	383,672	240.89023441145	NA	NA	NA	NA	NA	NA	17637
Keck0057_MC1	TRBV19	ap01	ap01	ap01	0.44,0.56	1	162,281	102.692458659008	NA	NA	NA	NA	NA	NA	17637
Keck0057_MC1	TRBV2	ap01	ap01	ap01	0.44,0.56	1	304,326	242.505774906395	NA	NA	NA	NA	NA	NA	17637
Keck0057_MC1	TRBV3-12	ap01	ap01	ap01	0.44,0.56	1	512,556	40.6712166155154	NA	NA	NA	NA	NA	NA	17637
Keck0057_MC1	TRBV7-2	ap01	ap01	ap01	0.44,0.56	1	375,274	32.1957370610173	NA	NA	NA	NA	NA	NA	17637
Keck0057_MC1	TRBV28	Del	ap01	ap01	0.44,0.56	1	121,583	15.597892046698	NA	NA	NA	NA	NA	NA	17637
Keck0057_MC1	TRBV6-1	ap01	ap01	ap01	0.44,0.56	1	110,168	75.3702322343021	NA	NA	NA	NA	NA	NA	17637
Keck0057_MC1	TRBV24-1	ap01	ap01	ap01	0.44,0.56	1	144,250	91.2272130166662	NA	NA	NA	NA	NA	NA	17637
Keck0057_MC1	TRBV29-1	ap01	ap01,ap02	ap01,ap02	0.44,0.56	0.86,0.14	151,289	29.8851781542003	19,54	0.453002047435409	NA	NA	NA	NA	17637
Keck0057_MC1	TRBV30	ap01	ap01	ap01	0.44,0.56	1	262,57	5.35025289922254	NA	NA	NA	NA	NA	NA	17637
Keck0057_MC1	TRBV15	ap02	ap02	ap02	0.44,0.56	1	85,151	53.0007592518401	NA	NA	NA	NA	NA	NA	17637
Keck0057_MC1	TRBV5-1	ap01	ap01	ap01	0.44,0.56	1	463,840	284.370627421668	NA	NA	NA	NA	NA	NA	17637
Keck0057_MC1	TRBV4-1	ap01	ap01	ap01	0.44,0.56	1	232,298	172.896690477595	NA	NA	NA	NA	NA	NA	17637
Keck0057_MC1	TRBV4-3	ap01	Del	ap01	0.44,0.56	1	232,20	45.0385747207668	NA	NA	NA	NA	NA	NA	17637
Keck0057_MC1	TRBV7-6	ap01	ap01	ap01	0.44,0.56	1	184,184	238.922558061147	NA	NA	NA	NA	NA	NA	17637
Keck0057_MC1	TRBV5-6	ap01	ap01	ap01	0.44,0.56	1	142,197	102.212154969955	NA	NA	NA	NA	NA	NA	17637
Keck0057_MC1	TRBV6-23	ap01	ap01	ap01	0.44,0.56	1	391,209	210.424805193337	NA	NA	NA	NA	NA	NA	17637
Keck0057_MC1	TRBV25-1	ap01	ap01	ap01	0.44,0.56	1	81,112	58.3964470690227	NA	NA	NA	NA	NA	NA	17637
Keck0057_MC1	TRBV7-3	ap01	ap01	ap01	0.44,0.56	1	232,308	170.422929867238	NA	NA	NA	NA	NA	NA	17637
Keck0057_MC1	TRBV1	ap01	ap01	ap01	0.44,0.56	1	27,57	14.6004198226381	NA	NA	NA	NA	NA	NA	17637
Keck0057_MC1	TRBV7-8	ap01,ap03	ap03	ap01,ap03	0.44,0.56	0.56,0.44	57,12	2.93440318649179	38,16	7.45222488246769	NA	NA	NA	NA	17637
Keck0057_MC1	TRBV5-4	ap01	ap01	ap01	0.44,0.56	1	178,170	218.064104830931	NA	NA	NA	NA	NA	NA	17637
Keck0057_MC1	TRBV11-1	ap01	ap01	ap01	0.44,0.56	1	33,49	22.9573961557406	NA	NA	NA	NA	NA	NA	17637
Keck0057_MC1	TRBV7-4	ap01	ap01	ap01	0.44,0.56	1	8,12	5.5354443939934	NA	NA	NA	NA	NA	NA	17637
Keck0057_MC1	TRBV14	ap01	ap01	ap01	0.44,0.56	1	58,100	36.9160830629876	NA	NA	NA	NA	NA	NA	17637
Keck0057_MC1	TRBV6-8	ap01	ap01	ap01	0.44,0.56	1	9,9	11.6864294703822	NA	NA	NA	NA	NA	NA	17637
Keck0057_MC1	TRBV13	ap01	ap01	ap01	0.44,0.56	1	70,61	76.1935136551003	NA	NA	NA	NA	NA	NA	17637
Keck0057_MC1	TRBV10-3	ap01	ap01	ap01	0.44,0.56	1	81,127	54.6858061534867	NA	NA	NA	NA	NA	NA	17637
Keck0057_MC1	TRBV6-7	ap01	ap01	ap01	0.44,0.56	1	14,15	11.1712840557029	NA	NA	NA	NA	NA	NA	17637
Keck0057_MC1	TRBV10-2	ap01	ap01	ap01	0.44,0.56	1	27,33	20.5374452874958	NA	NA	NA	NA	NA	NA	17637
Keck0057_MC1	TRBV11-3	ap01	ap01	ap01	0.44,0.56	1	174,133	158.966697646341	NA	NA	NA	NA	NA	NA	17637
Keck0057_MC1	TRBV7-7	ap01	ap01_C315T	ap01,ap01_C315T	0.44,0.56	0.33,0.67	33,2	7.51727556392583	10,62	8.26082347479601	NA	NA	NA	NA	17637
Keck0057_MC1	TRBV18	ap01	ap01	ap01	0.44,0.56	1	107,164	73.1707525560367	NA	NA	NA	NA	NA	NA	17637
Keck0057_MC1	TRBV5-3	ap01	ap01	ap01	0.44,0.56	1	22,38	13.9855917783032	NA	NA	NA	NA	NA	NA	17637
Keck0057_MC1	TRBV12-2	ap01	ap01	ap01	0.44,0.56	1	15,33	7.7815095978624	NA	NA	NA	NA	NA	NA	17637
Keck0057_MC1	TRBV10-1	ap01	ap01	ap01	0.44,0.56	1	53,68	39.5171438121173	NA	NA	NA	NA	NA	NA	17637
Keck0057_MC1	TRBV5-5	ap01	ap01	ap01	0.44,0.56	1	21,28	15.3963577478577	NA	NA	NA	NA	NA	NA	17637
Keck0057_MC1	TRBV6-9	ap01	ap01	ap01	0.44,0.56	1	5,8	3.33596471572801	NA	NA	NA	NA	NA	NA	17637
Keck0057_MC1	TRBV21-1	ap01	ap01	ap01	0.44,0.56	1	36,122	8.08792762254023	NA	NA	NA	NA	NA	NA	17637
Keck0057_MC1	TRBV12-5	ap01	ap01	ap01	0.44,0.56	1	34,33	42.5152960235321	NA	NA	NA	NA	NA	NA	17637
Keck0057_MC1	TRBV23-1	ap01	ap01	ap01	0.44,0.56	1	19,39	10.5492317948591	NA	NA	NA	NA	NA	NA	17637
Keck0057_MC1	TRBV7-1	ap01_G291C_T296C	ap01_G291C_T296C	ap01_G291C_T296C	0.44,0.56	1	4,9	2.02559401388949	NA	NA	NA	NA	NA	NA	17637
Keck0057_MC1	TRBV5-8	ap01	ap01	ap01	0.44,0.56	1	24,31	17.8432134871589	NA	NA	NA	NA	NA	NA	17637
Keck0057_MC1	TRBV12-1	ap01	ap01	ap01	0.44,0.56	1	8,8	10.3879373070064	NA	NA	NA	NA	NA	NA	17637
Keck0057_MC1	TRBV16	Unk	ap01	ap01	0.44,0.56	1	1,5	0.173885664375902	NA	NA	NA	NA	NA	NA	17637
Keck0057_MC1	TRBV5-7	ap01	ap01	ap01	0.44,0.56	1	6,3	2.89064038651962	NA	NA	NA	NA	NA	NA	17637
Keck0057_MC1	TRBV17	Unk	Unk	NA	NA	NA	NA	NA	NA	NA	NA	NA	NA	NA	17637
Keck0057_MC1	TRBV26	Unk	Unk	NA	NA	NA	NA	NA	NA	NA	NA	NA	NA	NA	17637
