subject	gene	TRBD2_01	TRBD2_02	alleles	proirs_row	proirs_col	counts1	k1	counts2	k2	counts3	k3	counts4	k4	TOTAL
HIP14089	TRBV6-4	ap01	ap01	ap01	0.44,0.56	1	138,135	174.343307196236	NA	NA	NA	NA	NA	NA	15234
HIP14089	TRBV6-1	ap01	ap01	ap01	0.44,0.56	1	103,163	69.0917897820008	NA	NA	NA	NA	NA	NA	15234
HIP14089	TRBV11-1	Del	ap01	ap01	0.44,0.56	1	2,31	5.59462616510494	NA	NA	NA	NA	NA	NA	15234
HIP14089	TRBV2	ap01	ap01	ap01	0.44,0.56	1	201,239	154.537457745656	NA	NA	NA	NA	NA	NA	15234
HIP14089	TRBV7-8	ap01,ap03	ap01,ap03	ap01,ap03	0.44,0.56	0.67,0.33	55,77	17.6054753718666	37,29	23.0576567370532	NA	NA	NA	NA	15234
HIP14089	TRBV5-4	ap01	ap01	ap01	0.44,0.56	1	221,232	177.584685330264	NA	NA	NA	NA	NA	NA	15234
HIP14089	TRBV5-5	ap01	ap01	ap01	0.44,0.56	1	35,42	26.8140464086022	NA	NA	NA	NA	NA	NA	15234
HIP14089	TRBV7-9	ap01	ap01	ap01	0.44,0.56	1	235,286	179.04040547236	NA	NA	NA	NA	NA	NA	15234
HIP14089	TRBV10-3	ap01	ap01	ap01	0.44,0.56	1	141,145	114.052719036313	NA	NA	NA	NA	NA	NA	15234
HIP14089	TRBV5-6	ap01	ap01	ap01	0.44,0.56	1	125,123	159.090174305835	NA	NA	NA	NA	NA	NA	15234
HIP14089	TRBV6-56	ap01,ap02	ap01,ap02	ap01,ap02	0.44,0.56	0.76,0.24	152,215	48.1257116763135	59,60	24.3244635293119	NA	NA	NA	NA	15234
HIP14089	TRBV4-3	ap01	Del	ap01	0.44,0.56	1	233,13	56.3302357811699	NA	NA	NA	NA	NA	NA	15234
HIP14089	TRBV5-1	ap01	ap01	ap01	0.44,0.56	1	420,616	293.859185312079	NA	NA	NA	NA	NA	NA	15234
HIP14089	TRBV4-2	ap01	ap01	ap01	0.44,0.56	1	46,123	18.3461806916649	NA	NA	NA	NA	NA	NA	15234
HIP14089	TRBV28	Del	ap01	ap01	0.44,0.56	1	80,475	33.1540710039517	NA	NA	NA	NA	NA	NA	15234
HIP14089	TRBV4-1	ap01	ap01	ap01	0.44,0.56	1	179,287	119.14311744613	NA	NA	NA	NA	NA	NA	15234
HIP14089	TRBV18	ap01	ap01	ap01	0.44,0.56	1	99,152	67.5723104055277	NA	NA	NA	NA	NA	NA	15234
HIP14089	TRBV7-4	ap01	ap01	ap01	0.44,0.56	1	12,12	15.5859283060647	NA	NA	NA	NA	NA	NA	15234
HIP14089	TRBV27	ap01	ap01	ap01	0.44,0.56	1	219,355	144.803925557542	NA	NA	NA	NA	NA	NA	15234
HIP14089	TRBV7-6	ap01	ap01	ap01	0.44,0.56	1	81,109	59.1149128958407	NA	NA	NA	NA	NA	NA	15234
HIP14089	TRBV7-3	ap02	ap01	ap01,ap02	0.44,0.56	0.81,0.19	34,243	36.1387601783363	60,3	14.3113659808659	NA	NA	NA	NA	15234
HIP14089	TRBV12-34	ap01	ap01	ap01	0.44,0.56	1	325,375	252.725436060835	NA	NA	NA	NA	NA	NA	15234
HIP14089	TRBV5-8	ap01	ap01	ap01	0.44,0.56	1	23,30	17.0226011058426	NA	NA	NA	NA	NA	NA	15234
HIP14089	TRBV29-1	ap01,ap02	ap01,ap02	ap01,ap02	0.44,0.56	0.83,0.17	100,179	22.6247778766769	17,39	1.78387967888682	NA	NA	NA	NA	15234
HIP14089	TRBV7-7	ap01_C315T	ap01_C315T	ap01_C315T	0.44,0.56	1	40,39	50.3214715790462	NA	NA	NA	NA	NA	NA	15234
HIP14089	TRBV6-23	ap01	ap01	ap01	0.44,0.56	1	383,131	86.2819392605523	NA	NA	NA	NA	NA	NA	15234
HIP14089	TRBV25-1	ap01	ap01	ap01	0.44,0.56	1	65,75	50.545087212167	NA	NA	NA	NA	NA	NA	15234
HIP14089	TRBV7-2	ap01	ap01	ap01	0.44,0.56	1	364,142	110.552902677697	NA	NA	NA	NA	NA	NA	15234
HIP14089	TRBV10-1	ap01	ap01	ap01	0.44,0.56	1	82,132	54.4486686799525	NA	NA	NA	NA	NA	NA	15234
HIP14089	TRBV21-1	ap01	ap01	ap01	0.44,0.56	1	97,160	63.4484946772868	NA	NA	NA	NA	NA	NA	15234
HIP14089	TRBV5-3	ap01	ap01	ap01	0.44,0.56	1	17,25	11.8776876366847	NA	NA	NA	NA	NA	NA	15234
HIP14089	TRBV12-1	ap01	ap01	ap01	0.44,0.56	1	12,12	15.5859283060647	NA	NA	NA	NA	NA	NA	15234
HIP14089	TRBV24-1	ap01	ap01	ap01	0.44,0.56	1	145,412	51.779349061593	NA	NA	NA	NA	NA	NA	15234
HIP14089	TRBV19	ap01	ap01	ap01	0.44,0.56	1	269,376	192.828148034605	NA	NA	NA	NA	NA	NA	15234
HIP14089	TRBV3-12	ap01	ap01	ap01	0.44,0.56	1	291,284	36.6537402000549	NA	NA	NA	NA	NA	NA	15234
HIP14089	TRBV12-5	ap01	ap01	ap01	0.44,0.56	1	69,89	51.3169941353059	NA	NA	NA	NA	NA	NA	15234
HIP14089	TRBV20-1	ap01,ap02	ap01,ap02	ap01,ap02	0.44,0.56	0.88,0.12	328,379	124.292428077047	39,58	11.6656875883977	NA	NA	NA	NA	15234
HIP14089	TRBV11-3	ap01	ap01	ap01	0.44,0.56	1	76,174	37.5917867752239	NA	NA	NA	NA	NA	NA	15234
HIP14089	TRBV14	ap01	ap01	ap01	0.44,0.56	1	58,133	28.6360076299807	NA	NA	NA	NA	NA	NA	15234
HIP14089	TRBV30	ap01	ap01	ap01	0.44,0.56	1	210,231	166.117285624953	NA	NA	NA	NA	NA	NA	15234
HIP14089	TRBV6-8	ap01	ap01	ap01	0.44,0.56	1	6,10	3.89895938026742	NA	NA	NA	NA	NA	NA	15234
HIP14089	TRBV23-1	ap01	ap01	ap01	0.44,0.56	1	27,48	16.7977447578691	NA	NA	NA	NA	NA	NA	15234
HIP14089	TRBV9	ap01	ap01	ap01	0.44,0.56	1	316,342	251.36243171044	NA	NA	NA	NA	NA	NA	15234
HIP14089	TRBV10-2	ap01	ap01	ap01	0.44,0.56	1	59,58	74.999191396982	NA	NA	NA	NA	NA	NA	15234
HIP14089	TRBV6-9	ap01	ap01	ap01	0.44,0.56	1	7,12	4.46572233771929	NA	NA	NA	NA	NA	NA	15234
HIP14089	TRBV12-2	ap01	ap01	ap01	0.44,0.56	1	25,28	19.6512719274149	NA	NA	NA	NA	NA	NA	15234
HIP14089	TRBV11-2	ap01	ap01	ap01	0.44,0.56	1	144,129	162.556798055236	NA	NA	NA	NA	NA	NA	15234
HIP14089	TRBV1	ap01	ap01	ap01	0.44,0.56	1	28,41	19.6072250753238	NA	NA	NA	NA	NA	NA	15234
HIP14089	TRBV15	ap02	ap02	ap02	0.44,0.56	1	77,103	56.349479430477	NA	NA	NA	NA	NA	NA	15234
HIP14089	TRBV6-7	ap01	ap01	ap01	0.44,0.56	1	7,11	4.71491315549739	NA	NA	NA	NA	NA	NA	15234
HIP14089	TRBV13	ap01	ap01	ap01	0.44,0.56	1	51,59	39.6201159945036	NA	NA	NA	NA	NA	NA	15234
HIP14089	TRBV7-1	ap01_T296C_T300C	ap01_T296C_T300C	ap01_T296C_T300C	0.44,0.56	1	10,7	8.09340526487915	NA	NA	NA	NA	NA	NA	15234
HIP14089	TRBV16	ap01	ap01	ap01	0.44,0.56	1	3,4	2.19867050791181	NA	NA	NA	NA	NA	NA	15234
HIP14089	TRBV17	Unk	ap01	ap01	0.44,0.56	1	0,2	0.498381635556199	NA	NA	NA	NA	NA	NA	15234
HIP14089	TRBV5-7	ap01	Unk	ap01	0.44,0.56	1	3,0	0.998386246991908	NA	NA	NA	NA	NA	NA	15234
HIP14089	TRBV26	Unk	Unk	NA	NA	NA	NA	NA	NA	NA	NA	NA	NA	NA	15234
