subject	gene	TRBD2_01	TRBD2_02	alleles	proirs_row	proirs_col	counts1	k1	counts2	k2	counts3	k3	counts4	k4	TOTAL
Keck0014_MC1	TRBV11-2	ap01	ap01	ap01	0.45,0.55	1	121,135	95.273493720335	NA	NA	NA	NA	NA	NA	11778
Keck0014_MC1	TRBV29-1	ap01	ap01	ap01	0.45,0.55	1	95,170	58.4974082309033	NA	NA	NA	NA	NA	NA	11778
Keck0014_MC1	TRBV5-1	ap01	ap01	ap01	0.45,0.55	1	272,374	196.203486066794	NA	NA	NA	NA	NA	NA	11778
Keck0014_MC1	TRBV5-6	ap01	ap01	ap01	0.45,0.55	1	69,78	54.0705841296641	NA	NA	NA	NA	NA	NA	11778
Keck0014_MC1	TRBV6-23	ap01	ap01	ap01	0.45,0.55	1	293,106	76.7409500474801	NA	NA	NA	NA	NA	NA	11778
Keck0014_MC1	TRBV5-4	ap01	ap01	ap01	0.45,0.55	1	108,115	86.4373982359122	NA	NA	NA	NA	NA	NA	11778
Keck0014_MC1	TRBV20-1	ap01	ap01	ap01	0.45,0.55	1	630,695	49.8062457030632	NA	NA	NA	NA	NA	NA	11778
Keck0014_MC1	TRBV6-4	ap01	ap01	ap01	0.45,0.55	1	131,89	101.968561723693	NA	NA	NA	NA	NA	NA	11778
Keck0014_MC1	TRBV6-56	ap01,ap02	ap01,ap02	ap01,ap02	0.45,0.55	0.69,0.31	146,141	122.240632504866	60,67	23.2727037093363	NA	NA	NA	NA	11778
Keck0014_MC1	TRBV30	ap01	ap01	ap01	0.45,0.55	1	151,174	117.486700930967	NA	NA	NA	NA	NA	NA	11778
Keck0014_MC1	TRBV24-1	ap01	ap01	ap01	0.45,0.55	1	77,180	36.6618828780234	NA	NA	NA	NA	NA	NA	11778
Keck0014_MC1	TRBV3-12	ap01	ap01	ap01	0.45,0.55	1	280,246	308.637002617854	NA	NA	NA	NA	NA	NA	11778
Keck0014_MC1	TRBV7-3	ap01_G292T	ap01	ap01,ap01_G292T	0.45,0.55	0.81,0.19	16,142	24.3214561082616	35,3	6.7040242671648	NA	NA	NA	NA	11778
Keck0014_MC1	TRBV25-1	ap01	ap01	ap01	0.45,0.55	1	27,48	16.7060166320276	NA	NA	NA	NA	NA	NA	11778
Keck0014_MC1	TRBV2	ap01	ap01	ap01	0.45,0.55	1	196,371	115.527986532232	NA	NA	NA	NA	NA	NA	11778
Keck0014_MC1	TRBV27	ap01	ap01	ap01	0.45,0.55	1	189,285	129.932764698192	NA	NA	NA	NA	NA	NA	11778
Keck0014_MC1	TRBV13	ap01	ap01	ap01	0.45,0.55	1	38,53	27.2197421964785	NA	NA	NA	NA	NA	NA	11778
Keck0014_MC1	TRBV11-3	ap01	ap01	ap01	0.45,0.55	1	49,136	17.8654174595199	NA	NA	NA	NA	NA	NA	11778
Keck0014_MC1	TRBV6-1	ap01	ap01	ap01	0.45,0.55	1	111,131	85.5766239743208	NA	NA	NA	NA	NA	NA	11778
Keck0014_MC1	TRBV4-3	ap01	Del	ap01	0.45,0.55	1	155,6	40.8300974852235	NA	NA	NA	NA	NA	NA	11778
Keck0014_MC1	TRBV23-1	ap01	ap01	ap01	0.45,0.55	1	24,43	14.7648863639331	NA	NA	NA	NA	NA	NA	11778
Keck0014_MC1	TRBV15	ap02	ap02	ap02	0.45,0.55	1	62,69	48.8620305878226	NA	NA	NA	NA	NA	NA	11778
Keck0014_MC1	TRBV4-1	ap01	ap01	ap01	0.45,0.55	1	179,180	145.962472906567	NA	NA	NA	NA	NA	NA	11778
Keck0014_MC1	TRBV1	ap01	ap01	ap01	0.45,0.55	1	25,39	16.8553351504089	NA	NA	NA	NA	NA	NA	11778
Keck0014_MC1	TRBV9	ap01	ap01	ap01	0.45,0.55	1	214,227	171.495803428559	NA	NA	NA	NA	NA	NA	11778
Keck0014_MC1	TRBV10-3	ap01	ap01	ap01	0.45,0.55	1	98,96	124.121291403111	NA	NA	NA	NA	NA	NA	11778
Keck0014_MC1	TRBV12-34	ap01	ap01	ap01	0.45,0.55	1	144,244	92.1553784941077	NA	NA	NA	NA	NA	NA	11778
Keck0014_MC1	TRBV4-2	ap01	ap01	ap01	0.45,0.55	1	159,87	89.5781350207776	NA	NA	NA	NA	NA	NA	11778
Keck0014_MC1	TRBV18	ap01	ap01	ap01	0.45,0.55	1	65,97	44.9446332029374	NA	NA	NA	NA	NA	NA	11778
Keck0014_MC1	TRBV28	Del	ap01	ap01	0.45,0.55	1	65,382	27.6501659752897	NA	NA	NA	NA	NA	NA	11778
Keck0014_MC1	TRBV7-6	ap01	ap01	ap01	0.45,0.55	1	61,84	43.9696772716608	NA	NA	NA	NA	NA	NA	11778
Keck0014_MC1	TRBV10-2	ap01	ap01	ap01	0.45,0.55	1	42,41	52.9625398872373	NA	NA	NA	NA	NA	NA	11778
Keck0014_MC1	TRBV7-7	ap01_C315T	ap01_C315T	ap01_C315T	0.45,0.55	1	31,25	30.5350414713721	NA	NA	NA	NA	NA	NA	11778
Keck0014_MC1	TRBV6-8	ap01	ap01	ap01	0.45,0.55	1	4,4	5.19891760818194	NA	NA	NA	NA	NA	NA	11778
Keck0014_MC1	TRBV12-2	ap01	ap01	ap01	0.45,0.55	1	15,15	19.4959410306823	NA	NA	NA	NA	NA	NA	11778
Keck0014_MC1	TRBV10-1	ap01	ap01	ap01	0.45,0.55	1	44,78	27.2812238285505	NA	NA	NA	NA	NA	NA	11778
Keck0014_MC1	TRBV7-9	ap01	ap01	ap01	0.45,0.55	1	162,227	115.773934002242	NA	NA	NA	NA	NA	NA	11778
Keck0014_MC1	TRBV12-5	ap01	ap01	ap01	0.45,0.55	1	19,47	8.38813992927907	NA	NA	NA	NA	NA	NA	11778
Keck0014_MC1	TRBV7-2	ap01	ap01	ap01	0.45,0.55	1	222,97	85.2780524199753	NA	NA	NA	NA	NA	NA	11778
Keck0014_MC1	TRBV19	ap01	ap01	ap01	0.45,0.55	1	145,266	87.6231438467804	NA	NA	NA	NA	NA	NA	11778
Keck0014_MC1	TRBV11-1	ap01	ap01	ap01	0.45,0.55	1	22,17	20.4635718516358	NA	NA	NA	NA	NA	NA	11778
Keck0014_MC1	TRBV7-8	ap01,ap03	ap01,ap03	ap01,ap03	0.45,0.55	0.68,0.32	40,45	15.4331607513618	18,22	6.51455330008532	NA	NA	NA	NA	11778
Keck0014_MC1	TRBV6-7	ap01	ap01	ap01	0.45,0.55	1	6,12	3.3728233489735	NA	NA	NA	NA	NA	NA	11778
Keck0014_MC1	TRBV6-9	ap01	ap01	ap01	0.45,0.55	1	4,7	2.50326749292348	NA	NA	NA	NA	NA	NA	11778
Keck0014_MC1	TRBV5-5	ap01	ap01	ap01	0.45,0.55	1	18,25	12.9203745766064	NA	NA	NA	NA	NA	NA	11778
Keck0014_MC1	TRBV16	ap01	ap01	ap01	0.45,0.55	1	1,3	0.307418631221101	NA	NA	NA	NA	NA	NA	11778
Keck0014_MC1	TRBV21-1	ap01	ap01	ap01	0.45,0.55	1	67,124	40.2103799996155	NA	NA	NA	NA	NA	NA	11778
Keck0014_MC1	TRBV7-4	ap01	ap01	ap01	0.45,0.55	1	8,7	8.77174021769089	NA	NA	NA	NA	NA	NA	11778
Keck0014_MC1	TRBV5-8	ap01	ap01	ap01	0.45,0.55	1	24,26	19.0951024552659	NA	NA	NA	NA	NA	NA	11778
Keck0014_MC1	TRBV14	ap01	ap01	ap01	0.45,0.55	1	28,71	11.9190633910924	NA	NA	NA	NA	NA	NA	11778
Keck0014_MC1	TRBV12-1	ap01	ap01	ap01	0.45,0.55	1	12,7	7.46627783118092	NA	NA	NA	NA	NA	NA	11778
Keck0014_MC1	TRBV5-3	ap01	ap01	ap01	0.45,0.55	1	13,18	9.34553267163842	NA	NA	NA	NA	NA	NA	11778
Keck0014_MC1	TRBV7-1	ap01_G291C_T296C	ap01_G291C_T296C	ap01_G291C_T296C	0.45,0.55	1	5,3	3.24645701288147	NA	NA	NA	NA	NA	NA	11778
Keck0014_MC1	TRBV5-7	ap01	ap01	ap01	0.45,0.55	1	1,2	0.562137224828916	NA	NA	NA	NA	NA	NA	11778
Keck0014_MC1	TRBV17	Unk	Unk	NA	NA	NA	NA	NA	NA	NA	NA	NA	NA	NA	11778
Keck0014_MC1	TRBV26	Unk	Unk	NA	NA	NA	NA	NA	NA	NA	NA	NA	NA	NA	11778
