subject	gene	TRBD2_01	TRBD2_02	alleles	proirs_row	proirs_col	counts1	k1	counts2	k2	counts3	k3	counts4	k4	TOTAL
HIP13981	TRBV19	ap01	ap01	ap01	0.44,0.56	1	278,419	191.604773278815	NA	NA	NA	NA	NA	NA	15546
HIP13981	TRBV27	ap01	ap01	ap01	0.44,0.56	1	204,425	111.193378744168	NA	NA	NA	NA	NA	NA	15546
HIP13981	TRBV6-1	ap01	ap01	ap01	0.44,0.56	1	154,80	79.3831982270603	NA	NA	NA	NA	NA	NA	15546
HIP13981	TRBV7-3	ap02	ap02	ap02	0.44,0.56	1	84,100	64.5518394434106	NA	NA	NA	NA	NA	NA	15546
HIP13981	TRBV28	Del	ap01	ap01	0.44,0.56	1	78,499	41.683154326558	NA	NA	NA	NA	NA	NA	15546
HIP13981	TRBV11-2	ap01	ap01	ap01	0.44,0.56	1	179,202	140.333121364957	NA	NA	NA	NA	NA	NA	15546
HIP13981	TRBV6-4	ap01	ap01	ap01	0.44,0.56	1	90,104	69.9490837314115	NA	NA	NA	NA	NA	NA	15546
HIP13981	TRBV29-1	ap01,ap02	ap01,ap02	ap01,ap02	0.44,0.56	0.83,0.17	77,137	17.5657801563778	15,29	2.86333979827166	NA	NA	NA	NA	15546
HIP13981	TRBV4-2	ap01	Del	ap01	0.44,0.56	1	195,34	9.21929709106695	NA	NA	NA	NA	NA	NA	15546
HIP13981	TRBV5-4	ap01	ap01	ap01	0.44,0.56	1	203,244	155.416437260059	NA	NA	NA	NA	NA	NA	15546
HIP13981	TRBV10-1	ap01	ap01	ap01	0.44,0.56	1	110,140	82.2682959033469	NA	NA	NA	NA	NA	NA	15546
HIP13981	TRBV5-8	ap01	ap01	ap01	0.44,0.56	1	21,32	14.3864356763024	NA	NA	NA	NA	NA	NA	15546
HIP13981	TRBV5-1	ap01	ap01	ap01	0.44,0.56	1	424,572	309.008930057318	NA	NA	NA	NA	NA	NA	15546
HIP13981	TRBV18	ap01	ap01	ap01	0.44,0.56	1	139,195	99.430543878833	NA	NA	NA	NA	NA	NA	15546
HIP13981	TRBV4-1	ap01	ap01	ap01	0.44,0.56	1	125,116	147.700685426018	NA	NA	NA	NA	NA	NA	15546
HIP13981	TRBV30	ap01	ap01	ap01	0.44,0.56	1	146,168	113.650890668752	NA	NA	NA	NA	NA	NA	15546
HIP13981	TRBV3-12	ap01	ap01	ap01	0.44,0.56	1	313,326	252.197362121108	NA	NA	NA	NA	NA	NA	15546
HIP13981	TRBV7-2	ap01	ap01	ap01	0.44,0.56	1	397,385	49.6139178516477	NA	NA	NA	NA	NA	NA	15546
HIP13981	TRBV9	ap01	ap01	ap01	0.44,0.56	1	330,366	260.316645705143	NA	NA	NA	NA	NA	NA	15546
HIP13981	TRBV2	ap01	ap01	ap01	0.44,0.56	1	220,209	267.845290271684	NA	NA	NA	NA	NA	NA	15546
HIP13981	TRBV5-6	ap01	ap01	ap01	0.44,0.56	1	101,111	79.9274375062966	NA	NA	NA	NA	NA	NA	15546
HIP13981	TRBV1	ap01	ap01	ap01	0.44,0.56	1	23,35	15.7684875378859	NA	NA	NA	NA	NA	NA	15546
HIP13981	TRBV20-1	ap01,ap02	ap01,ap02	ap01,ap02	0.44,0.56	0.83,0.17	265,403	77.0035132605332	66,73	25.7915084167758	NA	NA	NA	NA	15546
HIP13981	TRBV7-8	ap01,ap03	ap01,ap03	ap01,ap03	0.44,0.56	0.65,0.35	68,88	23.4831773839794	36,49	11.8495238321567	NA	NA	NA	NA	15546
HIP13981	TRBV7-6	ap01	ap01	ap01	0.44,0.56	1	112,118	89.9057912811815	NA	NA	NA	NA	NA	NA	15546
HIP13981	TRBV7-7	ap01	ap01	ap01	0.44,0.56	1	53,49	62.3250609839315	NA	NA	NA	NA	NA	NA	15546
HIP13981	TRBV24-1	ap01	ap01	ap01	0.44,0.56	1	159,233	111.249320569468	NA	NA	NA	NA	NA	NA	15546
HIP13981	TRBV10-3	ap01	ap01	ap01	0.44,0.56	1	181,201	142.71604418914	NA	NA	NA	NA	NA	NA	15546
HIP13981	TRBV7-9	ap01	ap01	ap01	0.44,0.56	1	235,329	168.271210641344	NA	NA	NA	NA	NA	NA	15546
HIP13981	TRBV25-1	ap01	ap01	ap01	0.44,0.56	1	34,63	20.49226875912	NA	NA	NA	NA	NA	NA	15546
HIP13981	TRBV4-3	ap01	ap01	ap01	0.44,0.56	1	168,242	118.594533779519	NA	NA	NA	NA	NA	NA	15546
HIP13981	TRBV12-34	ap01	ap01	ap01	0.44,0.56	1	318,239	284.267594063898	NA	NA	NA	NA	NA	NA	15546
HIP13981	TRBV13	ap01	ap01	ap01	0.44,0.56	1	54,67	40.8184486318567	NA	NA	NA	NA	NA	NA	15546
HIP13981	TRBV14	ap01	ap01	ap01	0.44,0.56	1	100,137	72.3554237076286	NA	NA	NA	NA	NA	NA	15546
HIP13981	TRBV6-7	ap01	ap01	ap01	0.44,0.56	1	15,26	9.48962686960154	NA	NA	NA	NA	NA	NA	15546
HIP13981	TRBV6-23	ap01	ap01	ap01	0.44,0.56	1	358,406	280.165807248613	NA	NA	NA	NA	NA	NA	15546
HIP13981	TRBV12-5	ap01	ap01	ap01	0.44,0.56	1	21,42	11.8842582698019	NA	NA	NA	NA	NA	NA	15546
HIP13981	TRBV7-4	ap01	ap01	ap01	0.44,0.56	1	10,17	6.40982382661771	NA	NA	NA	NA	NA	NA	15546
HIP13981	TRBV15	ap02	ap02	ap02	0.44,0.56	1	89,113	66.6307715237943	NA	NA	NA	NA	NA	NA	15546
HIP13981	TRBV6-56	ap01,ap02	ap01,ap02	ap01,ap02	0.44,0.56	0.76,0.24	198,226	75.6831389292531	66,68	26.9996415032576	NA	NA	NA	NA	15546
HIP13981	TRBV11-3	ap01	ap01	ap01	0.44,0.56	1	89,114	66.3805537831443	NA	NA	NA	NA	NA	NA	15546
HIP13981	TRBV5-3	ap01	ap01	ap01	0.44,0.56	1	27,31	21.0347686675535	NA	NA	NA	NA	NA	NA	15546
HIP13981	TRBV7-1	ap01_G291C_T296C	ap01_G291C_T296C	ap01_G291C_T296C	0.44,0.56	1	2,7	0.381180898983383	NA	NA	NA	NA	NA	NA	15546
HIP13981	TRBV23-1	ap01	ap01	ap01	0.44,0.56	1	17,34	9.62059002793488	NA	NA	NA	NA	NA	NA	15546
HIP13981	TRBV10-2	ap01	ap01	ap01	0.44,0.56	1	76,72	92.2022538326192	NA	NA	NA	NA	NA	NA	15546
HIP13981	TRBV12-2	ap01	ap01	ap01	0.44,0.56	1	19,32	12.2537305927687	NA	NA	NA	NA	NA	NA	15546
HIP13981	TRBV5-5	ap01	ap01	ap01	0.44,0.56	1	36,43	27.6293286556546	NA	NA	NA	NA	NA	NA	15546
HIP13981	TRBV21-1	ap01	ap01	ap01	0.44,0.56	1	90,145	59.6901563647598	NA	NA	NA	NA	NA	NA	15546
HIP13981	TRBV12-1	ap01	ap01	ap01	0.44,0.56	1	12,25	6.54078698495105	NA	NA	NA	NA	NA	NA	15546
HIP13981	TRBV6-8	ap01	ap01	ap01	0.44,0.56	1	7,10	4.96229038586748	NA	NA	NA	NA	NA	NA	15546
HIP13981	TRBV6-9	ap01	ap01	ap01	0.44,0.56	1	8,10	6.02864292763433	NA	NA	NA	NA	NA	NA	15546
HIP13981	TRBV16	ap01	ap01	ap01	0.44,0.56	1	2,4	1.13183412093352	NA	NA	NA	NA	NA	NA	15546
HIP13981	TRBV5-7	ap01	ap01	ap01	0.44,0.56	1	2,3	1.38205186158356	NA	NA	NA	NA	NA	NA	15546
HIP13981	TRBV11-1	Del	Del	Del	NA	NA	NA	1000	NA	NA	NA	NA	NA	NA	15546
HIP13981	TRBV17	Unk	Unk	NA	NA	NA	NA	NA	NA	NA	NA	NA	NA	NA	15546
HIP13981	TRBV26	Unk	Unk	NA	NA	NA	NA	NA	NA	NA	NA	NA	NA	NA	15546
