subject	gene	TRBD2_01	TRBD2_02	alleles	proirs_row	proirs_col	counts1	k1	counts2	k2	counts3	k3	counts4	k4	TOTAL
Keck0086_MC1	TRBV9	ap01	ap01	ap01	0.44,0.56	1	493,573	38.225330253254	NA	NA	NA	NA	NA	NA	22585
Keck0086_MC1	TRBV19	ap01	ap01	ap01	0.44,0.56	1	271,434	181.046509305044	NA	NA	NA	NA	NA	NA	22585
Keck0086_MC1	TRBV28	ap01	ap01	ap01	0.44,0.56	1	487,636	36.0507246832261	NA	NA	NA	NA	NA	NA	22585
Keck0086_MC1	TRBV5-6	ap01	ap01	ap01	0.44,0.56	1	120,184	82.1657882833114	NA	NA	NA	NA	NA	NA	22585
Keck0086_MC1	TRBV6-56	ap01,ap02	ap01,ap02	ap01,ap02	0.44,0.56	0.71,0.29	224,290	77.6225289709497	114,101	84.6263164073427	NA	NA	NA	NA	22585
Keck0086_MC1	TRBV7-9	ap01	ap01	ap01	0.44,0.56	1	256,396	174.440141646246	NA	NA	NA	NA	NA	NA	22585
Keck0086_MC1	TRBV5-8	ap01	ap01	ap01	0.44,0.56	1	44,40	50.5604817742806	NA	NA	NA	NA	NA	NA	22585
Keck0086_MC1	TRBV11-2	ap01	ap01	ap01	0.44,0.56	1	211,217	170.499914135192	NA	NA	NA	NA	NA	NA	22585
Keck0086_MC1	TRBV5-1	ap01	ap01	ap01	0.44,0.56	1	733,558	66.4952057284848	NA	NA	NA	NA	NA	NA	22585
Keck0086_MC1	TRBV21-1	ap01	ap01	ap01	0.44,0.56	1	104,249	49.3382167686658	NA	NA	NA	NA	NA	NA	22585
Keck0086_MC1	TRBV5-4	ap01	ap01	ap01	0.44,0.56	1	242,261	192.58923549265	NA	NA	NA	NA	NA	NA	22585
Keck0086_MC1	TRBV20-1	ap01	ap01	ap01	0.44,0.56	1	1049,1430	76.1863624495291	NA	NA	NA	NA	NA	NA	22585
Keck0086_MC1	TRBV1	ap01	ap01	ap01	0.44,0.56	1	61,34	34.984351976207	NA	NA	NA	NA	NA	NA	22585
Keck0086_MC1	TRBV6-23	ap01	ap01	ap01	0.44,0.56	1	250,596	119.22630227287	NA	NA	NA	NA	NA	NA	22585
Keck0086_MC1	TRBV29-1	ap01,ap02	ap01,ap02	ap01,ap02	0.44,0.56	0.85,0.15	118,92	72.8063161870829	19,17	14.3008878500279	NA	NA	NA	NA	22585
Keck0086_MC1	TRBV2	ap01	ap01	ap01	0.44,0.56	1	448,287	31.7968524040864	NA	NA	NA	NA	NA	NA	22585
Keck0086_MC1	TRBV25-1	ap01	ap01	ap01	0.44,0.56	1	75,128	48.177842584002	NA	NA	NA	NA	NA	NA	22585
Keck0086_MC1	TRBV6-4	ap01	ap01	ap01	0.44,0.56	1	164,173	131.461896728426	NA	NA	NA	NA	NA	NA	22585
Keck0086_MC1	TRBV7-2	ap01	ap01	ap01	0.44,0.56	1	215,475	111.710167069716	NA	NA	NA	NA	NA	NA	22585
Keck0086_MC1	TRBV4-1	ap01	ap01	ap01	0.44,0.56	1	239,170	197.272429249996	NA	NA	NA	NA	NA	NA	22585
Keck0086_MC1	TRBV30	ap01	ap01	ap01	0.44,0.56	1	271,332	205.964129266036	NA	NA	NA	NA	NA	NA	22585
Keck0086_MC1	TRBV6-1	ap01	ap01	ap01	0.44,0.56	1	201,151	179.047055652807	NA	NA	NA	NA	NA	NA	22585
Keck0086_MC1	TRBV3-12	ap01	ap01	ap01	0.44,0.56	1	520,542	41.8427229260754	NA	NA	NA	NA	NA	NA	22585
Keck0086_MC1	TRBV24-1	ap01	ap01	ap01	0.44,0.56	1	185,343	112.177693691489	NA	NA	NA	NA	NA	NA	22585
Keck0086_MC1	TRBV13	ap01	ap01	ap01	0.44,0.56	1	125,133	99.921065779216	NA	NA	NA	NA	NA	NA	22585
Keck0086_MC1	TRBV27	ap01	ap01	ap01	0.44,0.56	1	404,609	279.181726654387	NA	NA	NA	NA	NA	NA	22585
Keck0086_MC1	TRBV18	ap01	ap01	ap01	0.44,0.56	1	134,247	81.6056026446664	NA	NA	NA	NA	NA	NA	22585
Keck0086_MC1	TRBV12-34	ap01	ap01	ap01	0.44,0.56	1	434,523	33.196950543944	NA	NA	NA	NA	NA	NA	22585
Keck0086_MC1	TRBV5-7	ap01	ap01	ap01	0.44,0.56	1	3,4	2.20071894214744	NA	NA	NA	NA	NA	NA	22585
Keck0086_MC1	TRBV4-3	Del	ap01	ap01	0.44,0.56	1	47,295	22.2788709286162	NA	NA	NA	NA	NA	NA	22585
Keck0086_MC1	TRBV23-1	ap01	ap01	ap01	0.44,0.56	1	32,49	21.927162901668	NA	NA	NA	NA	NA	NA	22585
Keck0086_MC1	TRBV7-3	ap01	ap01	ap01	0.44,0.56	1	226,317	161.960277503975	NA	NA	NA	NA	NA	NA	22585
Keck0086_MC1	TRBV4-2	ap01	ap01	ap01	0.44,0.56	1	195,217	153.551218085884	NA	NA	NA	NA	NA	NA	22585
Keck0086_MC1	TRBV6-8	ap01	ap01	ap01	0.44,0.56	1	6,12	3.42427631719716	NA	NA	NA	NA	NA	NA	22585
Keck0086_MC1	TRBV15	ap02	ap02	ap02	0.44,0.56	1	97,126	71.9708804353488	NA	NA	NA	NA	NA	NA	22585
Keck0086_MC1	TRBV7-6	ap01	ap01	ap01	0.44,0.56	1	127,128	103.261104744252	NA	NA	NA	NA	NA	NA	22585
Keck0086_MC1	TRBV11-3	ap01	ap01	ap01	0.44,0.56	1	86,253	29.2937721460971	NA	NA	NA	NA	NA	NA	22585
Keck0086_MC1	TRBV7-7	ap01	ap01_C315T	ap01,ap01_C315T	0.44,0.56	0.37,0.63	35,2	8.21988848169754	7,55	8.4138304404433	NA	NA	NA	NA	22585
Keck0086_MC1	TRBV7-8	ap01,ap03	ap01,ap03	ap01,ap03	0.44,0.56	0.61,0.39	71,97	23.4047948900932	39,67	9.6191461211421	NA	NA	NA	NA	22585
Keck0086_MC1	TRBV14	ap01	ap01	ap01	0.44,0.56	1	102,165	67.7400226715546	NA	NA	NA	NA	NA	NA	22585
Keck0086_MC1	TRBV6-9	ap01	ap01	ap01	0.44,0.56	1	7,12	4.48356982027889	NA	NA	NA	NA	NA	NA	22585
Keck0086_MC1	TRBV10-1	ap01	ap01	ap01	0.44,0.56	1	117,115	148.578526904165	NA	NA	NA	NA	NA	NA	22585
Keck0086_MC1	TRBV11-1	ap01	ap01	ap01	0.44,0.56	1	25,45	15.4892699471937	NA	NA	NA	NA	NA	NA	22585
Keck0086_MC1	TRBV10-3	ap01	ap01	ap01	0.44,0.56	1	137,166	104.57100488764	NA	NA	NA	NA	NA	NA	22585
Keck0086_MC1	TRBV6-7	ap01	ap01	ap01	0.44,0.56	1	20,20	25.9575338983209	NA	NA	NA	NA	NA	NA	22585
Keck0086_MC1	TRBV10-2	ap01	ap01	ap01	0.44,0.56	1	73,64	80.0162899243141	NA	NA	NA	NA	NA	NA	22585
Keck0086_MC1	TRBV12-2	ap01	ap01	ap01	0.44,0.56	1	30,38	22.4957702050233	NA	NA	NA	NA	NA	NA	22585
Keck0086_MC1	TRBV5-3	ap01	ap01	ap01	0.44,0.56	1	29,55	17.2835400417762	NA	NA	NA	NA	NA	NA	22585
Keck0086_MC1	TRBV12-1	ap01	ap01	ap01	0.44,0.56	1	15,31	8.31640040121848	NA	NA	NA	NA	NA	NA	22585
Keck0086_MC1	TRBV7-4	ap01	ap01	ap01	0.44,0.56	1	16,29	9.86427468784906	NA	NA	NA	NA	NA	NA	22585
Keck0086_MC1	TRBV7-1	ap01_G291C_T296C,ap01_G291C_T296C_C314T	ap01_G291C_T296C	ap01_G291C_T296C,ap01_G291C_T296C_C314T	0.44,0.56	0.85,0.15	3,8	0.0683482985174722	2,0	0.604451992419799	NA	NA	NA	NA	22585
Keck0086_MC1	TRBV17	ap01	ap01	ap01	0.44,0.56	1	1,2	0.570712719532861	NA	NA	NA	NA	NA	NA	22585
Keck0086_MC1	TRBV12-5	ap01	ap01	ap01	0.44,0.56	1	44,88	25.1113596594459	NA	NA	NA	NA	NA	NA	22585
Keck0086_MC1	TRBV16	ap01	ap01	ap01	0.44,0.56	1	2,7	0.408554263742428	NA	NA	NA	NA	NA	NA	22585
Keck0086_MC1	TRBV5-5	ap01	ap01	ap01	0.44,0.56	1	41,51	30.9722236458546	NA	NA	NA	NA	NA	NA	22585
Keck0086_MC1	TRBV26	Unk	Unk	NA	NA	NA	NA	NA	NA	NA	NA	NA	NA	NA	22585
