subject	gene	TRBD2_01	TRBD2_02	alleles	proirs_row	proirs_col	counts1	k1	counts2	k2	counts3	k3	counts4	k4	TOTAL
HIP15855	TRBV21-1	ap01	ap01	ap01	0.48,0.52	1	209,391	120.727634525696	NA	NA	NA	NA	NA	NA	27654
HIP15855	TRBV6-4	ap01	ap01	ap01	0.48,0.52	1	239,194	238.92591732091	NA	NA	NA	NA	NA	NA	27654
HIP15855	TRBV5-1	ap01	ap01	ap01	0.48,0.52	1	927,900	116.334863370545	NA	NA	NA	NA	NA	NA	27654
HIP15855	TRBV7-3	ap01	ap02	ap01,ap02	0.48,0.52	0.64,0.36	383,17	84.2822146818736	23,199	37.4409406226212	NA	NA	NA	NA	27654
HIP15855	TRBV7-2	ap01	ap01	ap01	0.48,0.52	1	825,759	96.8026412099416	NA	NA	NA	NA	NA	NA	27654
HIP15855	TRBV7-9	ap01	ap01	ap01	0.48,0.52	1	471,507	37.5686171531796	NA	NA	NA	NA	NA	NA	27654
HIP15855	TRBV5-7	ap01	ap01	ap01	0.48,0.52	1	4,10	1.61360379513789	NA	NA	NA	NA	NA	NA	27654
HIP15855	TRBV4-3	ap01	ap01	ap01	0.48,0.52	1	325,383	250.048511097721	NA	NA	NA	NA	NA	NA	27654
HIP15855	TRBV24-1	ap01	ap01	ap01	0.48,0.52	1	314,403	232.456730159855	NA	NA	NA	NA	NA	NA	27654
HIP15855	TRBV7-8	ap01,ap03	ap01,ap03	ap01,ap03	0.48,0.52	0.62,0.38	115,122	45.984331880677	74,69	59.1478613934895	NA	NA	NA	NA	27654
HIP15855	TRBV4-1	ap01	ap01	ap01	0.48,0.52	1	245,240	310.891150616219	NA	NA	NA	NA	NA	NA	27654
HIP15855	TRBV4-2	ap01	Del	ap01	0.48,0.52	1	344,45	31.7835205590342	NA	NA	NA	NA	NA	NA	27654
HIP15855	TRBV3-12	ap01	ap01	ap01	0.48,0.52	1	657,694	52.7706432202423	NA	NA	NA	NA	NA	NA	27654
HIP15855	TRBV25-1	ap01	ap01	ap01	0.48,0.52	1	77,132	47.8163870632436	NA	NA	NA	NA	NA	NA	27654
HIP15855	TRBV9	ap01	ap01	ap01	0.48,0.52	1	624,605	78.1771930563864	NA	NA	NA	NA	NA	NA	27654
HIP15855	TRBV6-23	ap01	ap01	ap01	0.48,0.52	1	590,648	46.7031073562278	NA	NA	NA	NA	NA	NA	27654
HIP15855	TRBV28	ap01	ap01	ap01	0.48,0.52	1	524,729	37.2280818451883	NA	NA	NA	NA	NA	NA	27654
HIP15855	TRBV10-3	ap01	ap01	ap01	0.48,0.52	1	247,302	187.012747889563	NA	NA	NA	NA	NA	NA	27654
HIP15855	TRBV12-5	ap01	ap01	ap01	0.48,0.52	1	60,94	39.7123674127377	NA	NA	NA	NA	NA	NA	27654
HIP15855	TRBV5-4	ap01	ap01	ap01	0.48,0.52	1	348,407	268.604025799584	NA	NA	NA	NA	NA	NA	27654
HIP15855	TRBV30	ap01	ap01	ap01	0.48,0.52	1	281,295	226.206318803263	NA	NA	NA	NA	NA	NA	27654
HIP15855	TRBV20-1	ap01,ap02	ap01,ap02	ap01,ap02	0.48,0.52	0.87,0.13	405,522	137.277581052419	61,72	22.4452533922696	NA	NA	NA	NA	27654
HIP15855	TRBV5-6	ap01	ap01	ap01	0.48,0.52	1	191,155	190.880398715504	NA	NA	NA	NA	NA	NA	27654
HIP15855	TRBV10-2	ap01	ap01	ap01	0.48,0.52	1	70,150	35.1614193103012	NA	NA	NA	NA	NA	NA	27654
HIP15855	TRBV19	ap01	ap01	ap01	0.48,0.52	1	400,595	273.518696419076	NA	NA	NA	NA	NA	NA	27654
HIP15855	TRBV6-56	ap01,ap02	ap01,ap02	ap01,ap02	0.48,0.52	0.74,0.26	373,348	298.369867777582	128,126	109.941539129813	NA	NA	NA	NA	27654
HIP15855	TRBV27	ap01	ap01	ap01	0.48,0.52	1	445,822	259.9627828535	NA	NA	NA	NA	NA	NA	27654
HIP15855	TRBV11-1	ap01	ap01	ap01	0.48,0.52	1	50,16	10.5518831060066	NA	NA	NA	NA	NA	NA	27654
HIP15855	TRBV2	ap01	ap01	ap01	0.48,0.52	1	374,310	38.4178427593799	NA	NA	NA	NA	NA	NA	27654
HIP15855	TRBV15	ap02	ap02	ap02	0.48,0.52	1	151,184	114.500294676759	NA	NA	NA	NA	NA	NA	27654
HIP15855	TRBV11-3	ap01	ap01	ap01	0.48,0.52	1	150,162	119.497108986378	NA	NA	NA	NA	NA	NA	27654
HIP15855	TRBV14	ap01	ap01	ap01	0.48,0.52	1	96,149	63.9274956225221	NA	NA	NA	NA	NA	NA	27654
HIP15855	TRBV5-8	ap01	ap01	ap01	0.48,0.52	1	80,78	100.926297536391	NA	NA	NA	NA	NA	NA	27654
HIP15855	TRBV12-34	ap01	ap01	ap01	0.48,0.52	1	577,453	55.2185827347535	NA	NA	NA	NA	NA	NA	27654
HIP15855	TRBV18	ap01	ap01	ap01	0.48,0.52	1	229,261	178.64379434818	NA	NA	NA	NA	NA	NA	27654
HIP15855	TRBV11-2	ap01	ap01	ap01	0.48,0.52	1	240,369	160.78800846166	NA	NA	NA	NA	NA	NA	27654
HIP15855	TRBV6-1	ap01	ap01	ap01	0.48,0.52	1	196,153	186.16162091083	NA	NA	NA	NA	NA	NA	27654
HIP15855	TRBV10-1	ap01	ap01	ap01	0.48,0.52	1	138,250	81.978071934732	NA	NA	NA	NA	NA	NA	27654
HIP15855	TRBV23-1	ap01	ap01	ap01	0.48,0.52	1	53,82	35.365423134261	NA	NA	NA	NA	NA	NA	27654
HIP15855	TRBV5-5	ap01	ap01	ap01	0.48,0.52	1	78,65	80.6802718830395	NA	NA	NA	NA	NA	NA	27654
HIP15855	TRBV7-6	ap01	ap01	ap01	0.48,0.52	1	193,186	239.99625494523	NA	NA	NA	NA	NA	NA	27654
HIP15855	TRBV29-1	ap01,ap02	ap01,ap02	ap01,ap02	0.48,0.52	0.84,0.16	188,257	59.8003313208863	35,48	11.0918369129126	NA	NA	NA	NA	27654
HIP15855	TRBV6-7	ap01	ap01	ap01	0.48,0.52	1	24,33	17.1588438978465	NA	NA	NA	NA	NA	NA	27654
HIP15855	TRBV12-2	ap01	ap01	ap01	0.48,0.52	1	33,66	17.8816442208437	NA	NA	NA	NA	NA	NA	27654
HIP15855	TRBV6-9	ap01	ap01	ap01	0.48,0.52	1	10,15	6.80335064599997	NA	NA	NA	NA	NA	NA	27654
HIP15855	TRBV1	ap01	ap01	ap01	0.48,0.52	1	43,52	32.7160842254939	NA	NA	NA	NA	NA	NA	27654
HIP15855	TRBV12-1	ap01	ap01	ap01	0.48,0.52	1	28,30	22.3725911985862	NA	NA	NA	NA	NA	NA	27654
HIP15855	TRBV7-7	ap01	ap01	ap01	0.48,0.52	1	82,76	97.1141310427625	NA	NA	NA	NA	NA	NA	27654
HIP15855	TRBV13	ap01	ap01	ap01	0.48,0.52	1	92,91	118.150285486254	NA	NA	NA	NA	NA	NA	27654
HIP15855	TRBV7-4	ap01	ap01	ap01	0.48,0.52	1	30,18	19.8037174659122	NA	NA	NA	NA	NA	NA	27654
HIP15855	TRBV16	ap01	ap01	ap01	0.48,0.52	1	5,3	3.30061957765203	NA	NA	NA	NA	NA	NA	27654
HIP15855	TRBV5-3	ap01	ap01	ap01	0.48,0.52	1	42,75	25.2508633234136	NA	NA	NA	NA	NA	NA	27654
HIP15855	TRBV6-8	ap01	ap01	ap01	0.48,0.52	1	9,14	5.98454852349221	NA	NA	NA	NA	NA	NA	27654
HIP15855	TRBV7-1	ap01_G291C_T296C	ap01_G291C_T296C_C314T	ap01_G291C_T296C,ap01_G291C_T296C_C314T	0.48,0.52	0.39,0.61	6,1	0.478183636229746	1,10	1.98788790519227	NA	NA	NA	NA	27654
HIP15855	TRBV17	Unk	Unk	NA	NA	NA	NA	NA	NA	NA	NA	NA	NA	NA	27654
HIP15855	TRBV26	Unk	Unk	NA	NA	NA	NA	NA	NA	NA	NA	NA	NA	NA	27654
