subject	gene	TRBD2_01	TRBD2_02	alleles	proirs_row	proirs_col	counts1	k1	counts2	k2	counts3	k3	counts4	k4	TOTAL
HIP10568	TRBV25-1	ap01	ap01	ap01	0.47,0.53	1	55,90	35.5853752274426	NA	NA	NA	NA	NA	NA	17713
HIP10568	TRBV29-1	ap01,ap02	ap01,ap02	ap01,ap02	0.47,0.53	0.83,0.17	109,160	32.1429260943929	15,39	0.00966926595632112	NA	NA	NA	NA	17713
HIP10568	TRBV4-2	ap01	ap01	ap01	0.47,0.53	1	202,136	156.507699691302	NA	NA	NA	NA	NA	NA	17713
HIP10568	TRBV6-23	ap01	ap01	ap01	0.47,0.53	1	384,178	167.742886334822	NA	NA	NA	NA	NA	NA	17713
HIP10568	TRBV6-4	ap01	ap01	ap01	0.47,0.53	1	130,139	103.971122850049	NA	NA	NA	NA	NA	NA	17713
HIP10568	TRBV2	ap01	ap01	ap01	0.47,0.53	1	238,314	174.313142623342	NA	NA	NA	NA	NA	NA	17713
HIP10568	TRBV5-4	ap01	ap01	ap01	0.47,0.53	1	245,238	307.538534293901	NA	NA	NA	NA	NA	NA	17713
HIP10568	TRBV19	ap01	ap01	ap01	0.47,0.53	1	260,410	172.384831892838	NA	NA	NA	NA	NA	NA	17713
HIP10568	TRBV7-9	ap01	ap01	ap01	0.47,0.53	1	340,414	258.331431173343	NA	NA	NA	NA	NA	NA	17713
HIP10568	TRBV11-3	ap01	ap01	ap01	0.47,0.53	1	124,290	56.7687891991743	NA	NA	NA	NA	NA	NA	17713
HIP10568	TRBV12-2	ap01	ap01	ap01	0.47,0.53	1	15,42	5.00329555032601	NA	NA	NA	NA	NA	NA	17713
HIP10568	TRBV3-12	ap01	ap01	ap01	0.47,0.53	1	396,412	319.787045545317	NA	NA	NA	NA	NA	NA	17713
HIP10568	TRBV7-8	ap01,ap03	ap01,ap03	ap01,ap03	0.47,0.53	0.67,0.33	76,85	29.3146459473182	51,30	20.4822817006926	NA	NA	NA	NA	17713
HIP10568	TRBV12-5	ap01	ap01	ap01	0.47,0.53	1	56,80	39.3669199060471	NA	NA	NA	NA	NA	NA	17713
HIP10568	TRBV7-3	ap01	ap01	ap01	0.47,0.53	1	288,291	234.898813022788	NA	NA	NA	NA	NA	NA	17713
HIP10568	TRBV12-34	ap01	ap01	ap01	0.47,0.53	1	368,465	275.051773309095	NA	NA	NA	NA	NA	NA	17713
HIP10568	TRBV5-1	ap01	ap01	ap01	0.47,0.53	1	622,737	47.8083457841195	NA	NA	NA	NA	NA	NA	17713
HIP10568	TRBV10-3	ap01	ap01	ap01	0.47,0.53	1	100,131	73.4920813755198	NA	NA	NA	NA	NA	NA	17713
HIP10568	TRBV24-1	ap01	ap01	ap01	0.47,0.53	1	148,309	77.7579056062863	NA	NA	NA	NA	NA	NA	17713
HIP10568	TRBV20-1	ap01,ap02	ap01,ap02	ap01,ap02	0.47,0.53	0.86,0.14	359,479	118.33367026888	60,78	20.3115109002807	NA	NA	NA	NA	17713
HIP10568	TRBV28	ap01	ap01	ap01	0.47,0.53	1	55,164	15.6516735476151	NA	NA	NA	NA	NA	NA	17713
HIP10568	TRBV9	ap01	ap01	ap01	0.47,0.53	1	419,442	33.6725244916897	NA	NA	NA	NA	NA	NA	17713
HIP10568	TRBV4-3	ap01	Del	ap01	0.47,0.53	1	228,6	61.0430110001667	NA	NA	NA	NA	NA	NA	17713
HIP10568	TRBV18	ap01	ap01	ap01	0.47,0.53	1	156,227	108.549011729172	NA	NA	NA	NA	NA	NA	17713
HIP10568	TRBV14	ap01	ap01	ap01	0.47,0.53	1	71,141	39.2521028629039	NA	NA	NA	NA	NA	NA	17713
HIP10568	TRBV5-8	ap01	ap01	ap01	0.47,0.53	1	44,50	34.3945358164974	NA	NA	NA	NA	NA	NA	17713
HIP10568	TRBV4-1	ap01	ap01	ap01	0.47,0.53	1	198,269	142.922939905152	NA	NA	NA	NA	NA	NA	17713
HIP10568	TRBV6-56	ap01,ap02	ap01,ap02	ap01,ap02	0.47,0.53	0.76,0.24	237,215	182.491709673407	65,76	24.2133558805589	NA	NA	NA	NA	17713
HIP10568	TRBV5-5	ap01	ap01	ap01	0.47,0.53	1	55,56	44.7441030262823	NA	NA	NA	NA	NA	NA	17713
HIP10568	TRBV27	ap01	ap01	ap01	0.47,0.53	1	217,342	143.926835531142	NA	NA	NA	NA	NA	NA	17713
HIP10568	TRBV30	ap01	ap01	ap01	0.47,0.53	1	209,253	159.19874274948	NA	NA	NA	NA	NA	NA	17713
HIP10568	TRBV6-1	ap01	ap01	ap01	0.47,0.53	1	98,164	62.4271255069897	NA	NA	NA	NA	NA	NA	17713
HIP10568	TRBV21-1	ap01	ap01	ap01	0.47,0.53	1	141,250	86.0363836222405	NA	NA	NA	NA	NA	NA	17713
HIP10568	TRBV7-2	ap01	ap01	ap01	0.47,0.53	1	466,216	203.546196028765	NA	NA	NA	NA	NA	NA	17713
HIP10568	TRBV11-2	ap01	Del	ap01	0.47,0.53	1	156,14	25.8215034154748	NA	NA	NA	NA	NA	NA	17713
HIP10568	TRBV13	ap01	ap01	ap01	0.47,0.53	1	76,95	57.0823288678277	NA	NA	NA	NA	NA	NA	17713
HIP10568	TRBV15	ap02	ap02	ap02	0.47,0.53	1	102,129	76.2064324862843	NA	NA	NA	NA	NA	NA	17713
HIP10568	TRBV5-6	ap01	ap01	ap01	0.47,0.53	1	131,166	97.7858166887395	NA	NA	NA	NA	NA	NA	17713
HIP10568	TRBV10-1	ap01	ap01	ap01	0.47,0.53	1	70,113	45.7067833712378	NA	NA	NA	NA	NA	NA	17713
HIP10568	TRBV7-4	ap01	ap01	ap01	0.47,0.53	1	17,18	13.6438822956338	NA	NA	NA	NA	NA	NA	17713
HIP10568	TRBV7-6	ap01	ap01	ap01	0.47,0.53	1	146,145	188.378425716219	NA	NA	NA	NA	NA	NA	17713
HIP10568	TRBV7-1	ap01_T296C	ap01_T296C	ap01_T296C	0.47,0.53	1	4,3	3.59376253451033	NA	NA	NA	NA	NA	NA	17713
HIP10568	TRBV10-2	ap01	Unk	ap01	0.47,0.53	1	32,4	3.47868462903924	NA	NA	NA	NA	NA	NA	17713
HIP10568	TRBV5-3	ap01	ap01	ap01	0.47,0.53	1	31,38	23.4856122721456	NA	NA	NA	NA	NA	NA	17713
HIP10568	TRBV6-7	ap01	ap01	ap01	0.47,0.53	1	25,20	24.4753148972597	NA	NA	NA	NA	NA	NA	17713
HIP10568	TRBV7-7	ap01_C315T	ap01_C315T	ap01_C315T	0.47,0.53	1	54,63	41.7706813887518	NA	NA	NA	NA	NA	NA	17713
HIP10568	TRBV6-8	ap01	ap01	ap01	0.47,0.53	1	9,15	5.74959566984751	NA	NA	NA	NA	NA	NA	17713
HIP10568	TRBV11-1	ap01	ap01	ap01	0.47,0.53	1	28,40	19.6834599530236	NA	NA	NA	NA	NA	NA	17713
HIP10568	TRBV23-1	ap01	ap01	ap01	0.47,0.53	1	40,55	28.6964592479437	NA	NA	NA	NA	NA	NA	17713
HIP10568	TRBV6-9	ap01	ap01	ap01	0.47,0.53	1	12,11	14.0041660940432	NA	NA	NA	NA	NA	NA	17713
HIP10568	TRBV12-1	ap01	ap01	ap01	0.47,0.53	1	16,16	20.8208071190657	NA	NA	NA	NA	NA	NA	17713
HIP10568	TRBV5-7	ap01	ap01	ap01	0.47,0.53	1	4,5	3.00433309830672	NA	NA	NA	NA	NA	NA	17713
HIP10568	TRBV16	ap01	ap01	ap01	0.47,0.53	1	3,7	1.37778319589978	NA	NA	NA	NA	NA	NA	17713
HIP10568	TRBV1	ap01	ap01	ap01	0.47,0.53	1	40,40	52.0520177976643	NA	NA	NA	NA	NA	NA	17713
HIP10568	TRBV17	Unk	ap01	ap01	0.47,0.53	1	0,2	0.538748694049392	NA	NA	NA	NA	NA	NA	17713
HIP10568	TRBV26	Unk	Unk	NA	NA	NA	NA	NA	NA	NA	NA	NA	NA	NA	17713
