subject	gene	TRBD2_01	TRBD2_02	alleles	proirs_row	proirs_col	counts1	k1	counts2	k2	counts3	k3	counts4	k4	TOTAL
HIP04532	TRBV6-23	ap01	ap01	ap01	0.52,0.48	1	213,188	237.684630778255	NA	NA	NA	NA	NA	NA	24522
HIP04532	TRBV5-6	ap01	ap01	ap01	0.52,0.48	1	220,192	242.079730044984	NA	NA	NA	NA	NA	NA	24522
HIP04532	TRBV20-1	ap01,ap02	ap01,ap02	ap01,ap02	0.52,0.48	0.87,0.13	517,623	180.894275360086	102,71	54.4477257951192	NA	NA	NA	NA	24522
HIP04532	TRBV12-34	ap01	ap01	ap01	0.52,0.48	1	560,405	48.490337902999	NA	NA	NA	NA	NA	NA	24522
HIP04532	TRBV6-4	ap01	ap01	ap01	0.52,0.48	1	244,208	260.733056947831	NA	NA	NA	NA	NA	NA	24522
HIP04532	TRBV7-8	ap01,ap03	ap01,ap03	ap01,ap03	0.52,0.48	0.57,0.43	93,75	61.0776197962081	71,56	45.2277619878554	NA	NA	NA	NA	24522
HIP04532	TRBV30	ap02	ap01,ap03	ap01,ap02,ap03	0.52,0.48	0.524,0.403,0.074	72,283	33.8850008734456	255,18	41.5516080361845	10,40	4.9153119746616	NA	NA	24522
HIP04532	TRBV11-2	ap01	ap01	ap01	0.52,0.48	1	198,215	156.46622077704	NA	NA	NA	NA	NA	NA	24522
HIP04532	TRBV4-2	ap01	ap01	ap01	0.52,0.48	1	283,196	231.453811608685	NA	NA	NA	NA	NA	NA	24522
HIP04532	TRBV2	ap01	ap01	ap01	0.52,0.48	1	486,375	45.7707132397649	NA	NA	NA	NA	NA	NA	24522
HIP04532	TRBV4-1	ap01	ap01	ap01	0.52,0.48	1	329,319	41.2001457743419	NA	NA	NA	NA	NA	NA	24522
HIP04532	TRBV10-2	ap01	ap01	ap01	0.52,0.48	1	56,93	34.1888493513704	NA	NA	NA	NA	NA	NA	24522
HIP04532	TRBV9	ap01	ap01	ap01	0.52,0.48	1	854,632	76.2020263806825	NA	NA	NA	NA	NA	NA	24522
HIP04532	TRBV27	ap01	ap01	ap01	0.52,0.48	1	564,607	44.7387450790837	NA	NA	NA	NA	NA	NA	24522
HIP04532	TRBV3-12	ap01	ap01	ap01	0.52,0.48	1	631,530	66.1881576929962	NA	NA	NA	NA	NA	NA	24522
HIP04532	TRBV6-56	ap01,ap02	ap01,ap02	ap01,ap02	0.52,0.48	0.73,0.27	371,299	243.438132337297	131,122	104.252118514905	NA	NA	NA	NA	24522
HIP04532	TRBV11-1	ap01	ap01	ap01	0.52,0.48	1	60,30	30.9515010580983	NA	NA	NA	NA	NA	NA	24522
HIP04532	TRBV15	ap02	ap02	ap02	0.52,0.48	1	130,134	104.969297160851	NA	NA	NA	NA	NA	NA	24522
HIP04532	TRBV7-3	ap01	ap01	ap01	0.52,0.48	1	368,317	39.8404028603291	NA	NA	NA	NA	NA	NA	24522
HIP04532	TRBV12-2	ap01	ap01	ap01	0.52,0.48	1	45,47	36.1431370342152	NA	NA	NA	NA	NA	NA	24522
HIP04532	TRBV6-1	ap01	ap01	ap01	0.52,0.48	1	243,203	253.160381307304	NA	NA	NA	NA	NA	NA	24522
HIP04532	TRBV5-3	ap01	ap01	ap01	0.52,0.48	1	52,38	45.6428136891749	NA	NA	NA	NA	NA	NA	24522
HIP04532	TRBV5-4	ap01	ap01	ap01	0.52,0.48	1	415,322	39.3638011130616	NA	NA	NA	NA	NA	NA	24522
HIP04532	TRBV5-1	ap01	ap01	ap01	0.52,0.48	1	1057,995	127.681900265774	NA	NA	NA	NA	NA	NA	24522
HIP04532	TRBV7-2	ap01	ap01	ap01	0.52,0.48	1	464,228	233.085548369685	NA	NA	NA	NA	NA	NA	24522
HIP04532	TRBV14	ap01	ap01	ap01	0.52,0.48	1	127,132	102.20543845654	NA	NA	NA	NA	NA	NA	24522
HIP04532	TRBV28	ap01	ap01	ap01	0.52,0.48	1	557,681	41.6344731986974	NA	NA	NA	NA	NA	NA	24522
HIP04532	TRBV25-1	ap01	ap01	ap01	0.52,0.48	1	91,124	64.0370224467537	NA	NA	NA	NA	NA	NA	24522
HIP04532	TRBV24-1	ap01	ap01	ap01	0.52,0.48	1	268,325	201.156232293621	NA	NA	NA	NA	NA	NA	24522
HIP04532	TRBV1	ap01	ap01	ap01	0.52,0.48	1	105,74	87.8810316795633	NA	NA	NA	NA	NA	NA	24522
HIP04532	TRBV21-1	ap01	ap01	ap01	0.52,0.48	1	172,229	122.716976871812	NA	NA	NA	NA	NA	NA	24522
HIP04532	TRBV7-9	ap01	ap01	ap01	0.52,0.48	1	418,394	50.5742390386606	NA	NA	NA	NA	NA	NA	24522
HIP04532	TRBV23-1	ap01	ap01	ap01	0.52,0.48	1	47,52	36.8393922716996	NA	NA	NA	NA	NA	NA	24522
HIP04532	TRBV10-3	ap01	ap01	ap01	0.52,0.48	1	277,226	280.108654959638	NA	NA	NA	NA	NA	NA	24522
HIP04532	TRBV19	ap01	ap01	ap01	0.52,0.48	1	438,457	35.1939095386805	NA	NA	NA	NA	NA	NA	24522
HIP04532	TRBV29-1	ap01,ap02	ap01,ap02	ap01,ap02	0.52,0.48	0.78,0.22	143,156	54.9474513929534	40,44	15.2604440848903	NA	NA	NA	NA	24522
HIP04532	TRBV7-6	ap01	ap01	ap01	0.52,0.48	1	151,135	171.201417380378	NA	NA	NA	NA	NA	NA	24522
HIP04532	TRBV11-3	ap01	ap01	ap01	0.52,0.48	1	86,118	60.26427653258	NA	NA	NA	NA	NA	NA	24522
HIP04532	TRBV18	ap01	ap01	ap01	0.52,0.48	1	182,154	192.681661930052	NA	NA	NA	NA	NA	NA	24522
HIP04532	TRBV5-5	ap01	ap01	ap01	0.52,0.48	1	53,65	39.5534219289106	NA	NA	NA	NA	NA	NA	24522
HIP04532	TRBV10-1	ap01	ap01	ap01	0.52,0.48	1	141,143	114.582392456024	NA	NA	NA	NA	NA	NA	24522
HIP04532	TRBV13	ap01	ap01	ap01	0.52,0.48	1	84,71	88.8093684584932	NA	NA	NA	NA	NA	NA	24522
HIP04532	TRBV7-7	ap01_C315T	ap01_C315T	ap01_C315T	0.52,0.48	1	66,74	51.4259323234627	NA	NA	NA	NA	NA	NA	24522
HIP04532	TRBV12-5	ap01	ap01	ap01	0.52,0.48	1	64,82	46.665461445053	NA	NA	NA	NA	NA	NA	24522
HIP04532	TRBV6-7	ap01	ap01	ap01	0.52,0.48	1	27,25	31.9622641050163	NA	NA	NA	NA	NA	NA	24522
HIP04532	TRBV5-8	ap01	ap01	ap01	0.52,0.48	1	48,46	59.2611964843208	NA	NA	NA	NA	NA	NA	24522
HIP04532	TRBV6-8	ap01	ap01	ap01	0.52,0.48	1	15,17	11.6308697148999	NA	NA	NA	NA	NA	NA	24522
HIP04532	TRBV7-4	ap01	ap01	ap01	0.52,0.48	1	22,29	15.7872388941791	NA	NA	NA	NA	NA	NA	24522
HIP04532	TRBV12-1	ap01	ap01	ap01	0.52,0.48	1	17,14	17.3945908759217	NA	NA	NA	NA	NA	NA	24522
HIP04532	TRBV16	ap01	ap01	ap01	0.52,0.48	1	6,5	6.23151334561367	NA	NA	NA	NA	NA	NA	24522
HIP04532	TRBV6-9	ap01	ap01	ap01	0.52,0.48	1	7,22	1.03004945549051	NA	NA	NA	NA	NA	NA	24522
HIP04532	TRBV5-7	ap01	ap01	ap01	0.52,0.48	1	5,10	2.5222180246582	NA	NA	NA	NA	NA	NA	24522
HIP04532	TRBV7-1	Unk	ap01_T296C	ap01_T296C	0.52,0.48	1	1,5	0.433452312204974	NA	NA	NA	NA	NA	NA	24522
HIP04532	TRBV17	Unk	Unk	NA	NA	NA	NA	NA	NA	NA	NA	NA	NA	NA	24522
HIP04532	TRBV26	Unk	Unk	NA	NA	NA	NA	NA	NA	NA	NA	NA	NA	NA	24522
HIP04532	TRBV4-3	Del	Del	Del	NA	NA	NA	1000	NA	NA	NA	NA	NA	NA	24522
