subject	gene	TRBD2_01	TRBD2_02	alleles	proirs_row	proirs_col	counts1	k1	counts2	k2	counts3	k3	counts4	k4	TOTAL
HIP13757	TRBV6-56	ap01,ap02	ap01,ap02	ap01,ap02	0.45,0.55	0.74,0.26	306,259	213.669464775618	97,102	39.1684091882501	NA	NA	NA	NA	21805
HIP13757	TRBV3-12	ap01	ap01	ap01	0.45,0.55	1	519,452	56.605099599661	NA	NA	NA	NA	NA	NA	21805
HIP13757	TRBV5-1	ap01	ap01	ap01	0.45,0.55	1	702,1000	49.6890242205411	NA	NA	NA	NA	NA	NA	21805
HIP13757	TRBV13	ap01	ap01	ap01	0.45,0.55	1	89,72	88.1251797240704	NA	NA	NA	NA	NA	NA	21805
HIP13757	TRBV5-6	ap01	ap01	ap01	0.45,0.55	1	168,155	197.330142245597	NA	NA	NA	NA	NA	NA	21805
HIP13757	TRBV4-1	ap01	ap01	ap01	0.45,0.55	1	236,344	165.029649437398	NA	NA	NA	NA	NA	NA	21805
HIP13757	TRBV4-3	ap01	Del	ap01	0.45,0.55	1	303,11	79.9437553623382	NA	NA	NA	NA	NA	NA	21805
HIP13757	TRBV6-4	ap01	ap01	ap01	0.45,0.55	1	110,169	74.6870365838895	NA	NA	NA	NA	NA	NA	21805
HIP13757	TRBV6-1	ap01	ap01	ap01	0.45,0.55	1	119,209	74.0481908685888	NA	NA	NA	NA	NA	NA	21805
HIP13757	TRBV30	ap01	ap01	ap01	0.45,0.55	1	89,356	3.88338493106146	NA	NA	NA	NA	NA	NA	21805
HIP13757	TRBV4-2	ap01	ap01	ap01	0.45,0.55	1	53,146	19.3331123205397	NA	NA	NA	NA	NA	NA	21805
HIP13757	TRBV6-23	ap01	ap01	ap01	0.45,0.55	1	517,217	185.308738909235	NA	NA	NA	NA	NA	NA	21805
HIP13757	TRBV7-3	ap02	ap01	ap01,ap02	0.45,0.55	0.8,0.2	46,307	45.8109069910332	83,3	20.4608890818396	NA	NA	NA	NA	21805
HIP13757	TRBV7-9	ap01	ap01	ap01	0.45,0.55	1	329,412	247.485183254578	NA	NA	NA	NA	NA	NA	21805
HIP13757	TRBV10-3	ap01	ap01	ap01	0.45,0.55	1	164,201	124.49443552971	NA	NA	NA	NA	NA	NA	21805
HIP13757	TRBV10-2	ap01	ap01	ap01	0.45,0.55	1	79,121	53.7349932058223	NA	NA	NA	NA	NA	NA	21805
HIP13757	TRBV29-1	ap01,ap02	ap01,ap02	ap01,ap02	0.45,0.55	0.86,0.14	156,209	51.8000160050999	19,39	2.9369825532302	NA	NA	NA	NA	21805
HIP13757	TRBV18	ap01	ap01	ap01	0.45,0.55	1	168,250	116.158702295253	NA	NA	NA	NA	NA	NA	21805
HIP13757	TRBV2	ap01	ap01	ap01	0.45,0.55	1	313,321	253.749992683027	NA	NA	NA	NA	NA	NA	21805
HIP13757	TRBV19	ap01	ap01	ap01	0.45,0.55	1	396,550	283.933926111028	NA	NA	NA	NA	NA	NA	21805
HIP13757	TRBV24-1	ap01	ap01	ap01	0.45,0.55	1	187,280	128.85053649374	NA	NA	NA	NA	NA	NA	21805
HIP13757	TRBV12-34	ap01	ap01	ap01	0.45,0.55	1	548,418	50.1511479810386	NA	NA	NA	NA	NA	NA	21805
HIP13757	TRBV5-4	ap01	ap01	ap01	0.45,0.55	1	261,323	197.324801659606	NA	NA	NA	NA	NA	NA	21805
HIP13757	TRBV14	ap01	ap01	ap01	0.45,0.55	1	126,194	85.4427619327642	NA	NA	NA	NA	NA	NA	21805
HIP13757	TRBV7-2	ap01	ap01	ap01	0.45,0.55	1	603,245	202.993420481409	NA	NA	NA	NA	NA	NA	21805
HIP13757	TRBV12-1	ap01	ap01	ap01	0.45,0.55	1	17,26	11.5730195591225	NA	NA	NA	NA	NA	NA	21805
HIP13757	TRBV25-1	ap01	ap01	ap01	0.45,0.55	1	101,105	81.5151676727624	NA	NA	NA	NA	NA	NA	21805
HIP13757	TRBV28	Del	ap01	ap01	0.45,0.55	1	125,755	60.3069647752971	NA	NA	NA	NA	NA	NA	21805
HIP13757	TRBV27	ap01	ap01	ap01	0.45,0.55	1	371,879	172.209611594645	NA	NA	NA	NA	NA	NA	21805
HIP13757	TRBV20-1	ap01,ap02	ap01,ap02	ap01,ap02	0.45,0.55	0.86,0.14	396,433	155.774533354877	70,68	59.0832466374398	NA	NA	NA	NA	21805
HIP13757	TRBV7-6	ap01	ap01	ap01	0.45,0.55	1	154,149	192.111206745328	NA	NA	NA	NA	NA	NA	21805
HIP13757	TRBV9	ap01	ap01	ap01	0.45,0.55	1	561,533	68.395218470548	NA	NA	NA	NA	NA	NA	21805
HIP13757	TRBV12-2	ap01	ap01	ap01	0.45,0.55	1	31,47	21.2099302686327	NA	NA	NA	NA	NA	NA	21805
HIP13757	TRBV5-8	ap01	ap01	ap01	0.45,0.55	1	47,60	35.0602983042935	NA	NA	NA	NA	NA	NA	21805
HIP13757	TRBV6-7	ap01	ap01	ap01	0.45,0.55	1	15,28	8.90688357636493	NA	NA	NA	NA	NA	NA	21805
HIP13757	TRBV21-1	ap01	ap01	ap01	0.45,0.55	1	151,211	107.938212313482	NA	NA	NA	NA	NA	NA	21805
HIP13757	TRBV15	ap02	ap02	ap02	0.45,0.55	1	119,183	80.7532500232919	NA	NA	NA	NA	NA	NA	21805
HIP13757	TRBV10-1	ap01	ap01	ap01	0.45,0.55	1	130,183	92.5802421322379	NA	NA	NA	NA	NA	NA	21805
HIP13757	TRBV11-2	ap01	ap01	ap01	0.45,0.55	1	229,239	184.581505241083	NA	NA	NA	NA	NA	NA	21805
HIP13757	TRBV6-8	ap01	ap01	ap01	0.45,0.55	1	5,7	3.57069727010782	NA	NA	NA	NA	NA	NA	21805
HIP13757	TRBV5-3	ap01	ap01	ap01	0.45,0.55	1	31,44	21.9835909403292	NA	NA	NA	NA	NA	NA	21805
HIP13757	TRBV5-5	ap01	ap01	ap01	0.45,0.55	1	40,42	32.1759946287796	NA	NA	NA	NA	NA	NA	21805
HIP13757	TRBV5-7	ap01	ap01	ap01	0.45,0.55	1	10,4	3.26411772827348	NA	NA	NA	NA	NA	NA	21805
HIP13757	TRBV11-3	ap01	ap01	ap01	0.45,0.55	1	88,101	68.5693609244519	NA	NA	NA	NA	NA	NA	21805
HIP13757	TRBV16	ap01	ap01	ap01	0.45,0.55	1	3,9	0.904561287350271	NA	NA	NA	NA	NA	NA	21805
HIP13757	TRBV12-5	ap01	ap01	ap01	0.45,0.55	1	62,50	61.1352827985208	NA	NA	NA	NA	NA	NA	21805
HIP13757	TRBV7-7	ap01	ap01	ap01	0.45,0.55	1	77,69	87.1295065132297	NA	NA	NA	NA	NA	NA	21805
HIP13757	TRBV7-8	ap01,ap03	ap01,ap03	ap01,ap03	0.45,0.55	0.59,0.41	83,80	69.3229205263668	63,48	37.7834117551462	NA	NA	NA	NA	21805
HIP13757	TRBV6-9	ap01	ap01	ap01	0.45,0.55	1	8,10	6.02257990085112	NA	NA	NA	NA	NA	NA	21805
HIP13757	TRBV23-1	ap01	ap01	ap01	0.45,0.55	1	33,65	18.7183284400801	NA	NA	NA	NA	NA	NA	21805
HIP13757	TRBV7-4	ap01	ap01	ap01	0.45,0.55	1	25,22	27.6354147412671	NA	NA	NA	NA	NA	NA	21805
HIP13757	TRBV1	ap01	ap01	ap01	0.45,0.55	1	52,61	40.1783169177943	NA	NA	NA	NA	NA	NA	21805
HIP13757	TRBV7-1	ap01_G291C_T296C	ap01_G291C_T296C_C314T	ap01_G291C_T296C,ap01_G291C_T296C_C314T	0.45,0.55	0.58,0.42	6,1	0.565949480719211	1,4	0.330219040510253	NA	NA	NA	NA	21805
HIP13757	TRBV11-1	Unk	ap01	ap01	0.45,0.55	1	4,30	3.43588231371205	NA	NA	NA	NA	NA	NA	21805
HIP13757	TRBV17	Unk	Unk	NA	NA	NA	NA	NA	NA	NA	NA	NA	NA	NA	21805
HIP13757	TRBV26	Unk	Unk	NA	NA	NA	NA	NA	NA	NA	NA	NA	NA	NA	21805
