subject	gene	TRBD2_01	TRBD2_02	alleles	proirs_row	proirs_col	counts1	k1	counts2	k2	counts3	k3	counts4	k4	TOTAL
HIP08345	TRBV20-1	ap01	ap01	ap01	0.45,0.55	1	967,1165	73.9613214651006	NA	NA	NA	NA	NA	NA	18986
HIP08345	TRBV6-1	ap01	ap01	ap01	0.45,0.55	1	104,108	83.8954320161516	NA	NA	NA	NA	NA	NA	18986
HIP08345	TRBV25-1	ap01	ap01	ap01	0.45,0.55	1	76,111	53.2388931157711	NA	NA	NA	NA	NA	NA	18986
HIP08345	TRBV6-4	ap01	ap01	ap01	0.45,0.55	1	116,123	92.9370959039408	NA	NA	NA	NA	NA	NA	18986
HIP08345	TRBV4-2	ap01	ap01	ap01	0.45,0.55	1	253,194	232.580777200029	NA	NA	NA	NA	NA	NA	18986
HIP08345	TRBV5-4	ap01	ap01	ap01	0.45,0.55	1	266,277	214.385192552197	NA	NA	NA	NA	NA	NA	18986
HIP08345	TRBV7-2	ap01	ap01	ap01	0.45,0.55	1	434,392	49.5439759297166	NA	NA	NA	NA	NA	NA	18986
HIP08345	TRBV24-1	ap01	ap01	ap01	0.45,0.55	1	170,268	114.128595370809	NA	NA	NA	NA	NA	NA	18986
HIP08345	TRBV6-56	ap01,ap02	ap01,ap02	ap01,ap02	0.45,0.55	0.72,0.28	220,261	81.6630728268904	85,106	30.2984478335968	NA	NA	NA	NA	18986
HIP08345	TRBV28	ap01	ap01	ap01	0.45,0.55	1	356,632	221.194096267592	NA	NA	NA	NA	NA	NA	18986
HIP08345	TRBV2	ap01	ap01	ap01	0.45,0.55	1	252,264	202.704559571796	NA	NA	NA	NA	NA	NA	18986
HIP08345	TRBV14	ap01	ap01	ap01	0.45,0.55	1	69,99	48.7821628727318	NA	NA	NA	NA	NA	NA	18986
HIP08345	TRBV6-23	ap01	ap01	ap01	0.45,0.55	1	431,502	33.3991299712157	NA	NA	NA	NA	NA	NA	18986
HIP08345	TRBV4-3	ap01	ap01	ap01	0.45,0.55	1	355,369	286.286751585032	NA	NA	NA	NA	NA	NA	18986
HIP08345	TRBV5-1	ap01	ap01	ap01	0.45,0.55	1	507,637	38.1192725567588	NA	NA	NA	NA	NA	NA	18986
HIP08345	TRBV19	ap01	ap01	ap01	0.45,0.55	1	268,399	185.830580799717	NA	NA	NA	NA	NA	NA	18986
HIP08345	TRBV27	ap01	ap01	ap01	0.45,0.55	1	305,408	223.079696764054	NA	NA	NA	NA	NA	NA	18986
HIP08345	TRBV21-1	ap01	ap01	ap01	0.45,0.55	1	101,162	67.1073604490099	NA	NA	NA	NA	NA	NA	18986
HIP08345	TRBV12-34	ap01	ap01	ap01	0.45,0.55	1	232,285	176.063307509828	NA	NA	NA	NA	NA	NA	18986
HIP08345	TRBV5-6	ap01	ap01	ap01	0.45,0.55	1	131,167	97.8872570835273	NA	NA	NA	NA	NA	NA	18986
HIP08345	TRBV10-1	ap01	ap01	ap01	0.45,0.55	1	59,110	35.3357562738241	NA	NA	NA	NA	NA	NA	18986
HIP08345	TRBV29-1	ap01,ap02	ap01,ap02	ap01,ap02	0.45,0.55	0.84,0.16	128,212	32.9031378932485	22,43	4.06113100910745	NA	NA	NA	NA	18986
HIP08345	TRBV3-12	ap01	ap01	ap01	0.45,0.55	1	291,299	235.548932825014	NA	NA	NA	NA	NA	NA	18986
HIP08345	TRBV7-9	ap01	ap01	ap01	0.45,0.55	1	293,354	223.848917174318	NA	NA	NA	NA	NA	NA	18986
HIP08345	TRBV10-3	ap01	ap01	ap01	0.45,0.55	1	155,181	119.995563032666	NA	NA	NA	NA	NA	NA	18986
HIP08345	TRBV4-1	ap01	ap01	ap01	0.45,0.55	1	200,276	144.153808597784	NA	NA	NA	NA	NA	NA	18986
HIP08345	TRBV11-1	ap01	ap01	ap01	0.45,0.55	1	24,32	17.5802055038833	NA	NA	NA	NA	NA	NA	18986
HIP08345	TRBV6-8	ap01	ap01	ap01	0.45,0.55	1	3,6	1.69440341629037	NA	NA	NA	NA	NA	NA	18986
HIP08345	TRBV10-2	ap01	ap01	ap01	0.45,0.55	1	30,27	34.0893183772921	NA	NA	NA	NA	NA	NA	18986
HIP08345	TRBV12-5	ap01	ap01	ap01	0.45,0.55	1	28,33	21.6003380098698	NA	NA	NA	NA	NA	NA	18986
HIP08345	TRBV30	ap01	ap01	ap01	0.45,0.55	1	70,268	7.33625432495922	NA	NA	NA	NA	NA	NA	18986
HIP08345	TRBV5-5	Unk	ap01	ap01	0.45,0.55	1	10,43	0.137894736858426	NA	NA	NA	NA	NA	NA	18986
HIP08345	TRBV9	ap01	ap01	ap01	0.45,0.55	1	390,434	307.31259712099	NA	NA	NA	NA	NA	NA	18986
HIP08345	TRBV7-3	ap01	ap01	ap01	0.45,0.55	1	206,235	160.875355630283	NA	NA	NA	NA	NA	NA	18986
HIP08345	TRBV7-8	ap01,ap03	ap01,ap03	ap01,ap03	0.45,0.55	0.68,0.32	68,75	26.6192746858774	31,37	11.4529667069936	NA	NA	NA	NA	18986
HIP08345	TRBV7-7	ap01_C315T	ap01	ap01,ap01_C315T	0.45,0.55	0.6,0.4	5,46	7.87697665350979	33,1	8.55855819410061	NA	NA	NA	NA	18986
HIP08345	TRBV18	ap01	ap01	ap01	0.45,0.55	1	96,129	70.0692608796857	NA	NA	NA	NA	NA	NA	18986
HIP08345	TRBV5-3	ap01	ap01	ap01	0.45,0.55	1	27,31	21.0355368711063	NA	NA	NA	NA	NA	NA	18986
HIP08345	TRBV11-2	ap01	ap01	ap01	0.45,0.55	1	143,147	115.73356072598	NA	NA	NA	NA	NA	NA	18986
HIP08345	TRBV5-8	ap01	ap01	ap01	0.45,0.55	1	35,51	24.5477014378239	NA	NA	NA	NA	NA	NA	18986
HIP08345	TRBV7-6	ap01	ap01	ap01	0.45,0.55	1	79,116	55.184857667909	NA	NA	NA	NA	NA	NA	18986
HIP08345	TRBV13	ap01	ap01	ap01	0.45,0.55	1	69,105	47.2727960576467	NA	NA	NA	NA	NA	NA	18986
HIP08345	TRBV7-4	ap01	ap01	ap01	0.45,0.55	1	7,15	3.70204683549667	NA	NA	NA	NA	NA	NA	18986
HIP08345	TRBV12-1	ap01	ap01	ap01	0.45,0.55	1	9,7	8.43461781111104	NA	NA	NA	NA	NA	NA	18986
HIP08345	TRBV12-2	ap01	ap01	ap01	0.45,0.55	1	15,21	10.7360673040795	NA	NA	NA	NA	NA	NA	18986
HIP08345	TRBV6-9	ap01	ap01	ap01	0.45,0.55	1	5,9	3.0755668296648	NA	NA	NA	NA	NA	NA	18986
HIP08345	TRBV5-7	ap01	ap01	ap01	0.45,0.55	1	3,4	2.19752568798541	NA	NA	NA	NA	NA	NA	18986
HIP08345	TRBV11-3	ap01	ap01	ap01	0.45,0.55	1	65,70	51.8057421704759	NA	NA	NA	NA	NA	NA	18986
HIP08345	TRBV6-7	ap01	ap01	ap01	0.45,0.55	1	21,13	14.2499333711482	NA	NA	NA	NA	NA	NA	18986
HIP08345	TRBV23-1	ap01	ap01	ap01	0.45,0.55	1	34,34	44.1740191794709	NA	NA	NA	NA	NA	NA	18986
HIP08345	TRBV16	ap01	ap01	ap01	0.45,0.55	1	4,2	1.93843852001238	NA	NA	NA	NA	NA	NA	18986
HIP08345	TRBV15	ap02	ap02	ap02	0.45,0.55	1	64,101	42.9394235487443	NA	NA	NA	NA	NA	NA	18986
HIP08345	TRBV1	ap01	ap01	ap01	0.45,0.55	1	38,25	28.1906806787173	NA	NA	NA	NA	NA	NA	18986
HIP08345	TRBV7-1	ap01_G291C_T296C	ap01_G291C_T296C_C314T	ap01_G291C_T296C,ap01_G291C_T296C_C314T	0.45,0.55	0.14,0.86	1,0	0.294867324345393	0,6	1.4574590320408	NA	NA	NA	NA	18986
HIP08345	TRBV17	Unk	Unk	NA	NA	NA	NA	NA	NA	NA	NA	NA	NA	NA	18986
HIP08345	TRBV26	Unk	Unk	NA	NA	NA	NA	NA	NA	NA	NA	NA	NA	NA	18986
