subject	gene	TRBD2_01	TRBD2_02	alleles	proirs_row	proirs_col	counts1	k1	counts2	k2	counts3	k3	counts4	k4	TOTAL
HIP07754	TRBV21-1	ap01	ap01	ap01	0.47,0.53	1	252,324	186.87011992411	NA	NA	NA	NA	NA	NA	30477
HIP07754	TRBV4-2	ap01	ap01	ap01	0.47,0.53	1	312,255	314.122637516487	NA	NA	NA	NA	NA	NA	30477
HIP07754	TRBV3-12	ap01	ap01	ap01	0.47,0.53	1	710,743	57.218725527418	NA	NA	NA	NA	NA	NA	30477
HIP07754	TRBV6-4	ap01	ap01	ap01	0.47,0.53	1	205,212	165.889022153992	NA	NA	NA	NA	NA	NA	30477
HIP07754	TRBV6-56	ap01,ap02	ap01,ap02	ap01,ap02	0.47,0.53	0.74,0.26	343,357	139.229856080399	125,122	106.188915432426	NA	NA	NA	NA	30477
HIP07754	TRBV30	ap01	ap01	ap01	0.47,0.53	1	506,507	41.3841122756592	NA	NA	NA	NA	NA	NA	30477
HIP07754	TRBV11-2	ap01	ap01	ap01	0.47,0.53	1	300,382	223.463495600169	NA	NA	NA	NA	NA	NA	30477
HIP07754	TRBV20-1	ap01,ap02	ap01,ap02	ap01,ap02	0.47,0.53	0.87,0.13	573,719	200.769208145611	86,105	30.8888489793564	NA	NA	NA	NA	30477
HIP07754	TRBV28	ap01	ap01	ap01	0.47,0.53	1	63,103	40.7999785833671	NA	NA	NA	NA	NA	NA	30477
HIP07754	TRBV4-1	ap01	ap01	ap01	0.47,0.53	1	410,456	323.178204118212	NA	NA	NA	NA	NA	NA	30477
HIP07754	TRBV5-6	ap01	ap01	ap01	0.47,0.53	1	265,305	206.116659764882	NA	NA	NA	NA	NA	NA	30477
HIP07754	TRBV10-3	ap01	ap01	ap01	0.47,0.53	1	262,285	208.23411488225	NA	NA	NA	NA	NA	NA	30477
HIP07754	TRBV29-1	ap01,ap02	ap01,ap02	ap01,ap02	0.47,0.53	0.85,0.15	250,324	84.9224177776236	51,54	20.4634698102128	NA	NA	NA	NA	30477
HIP07754	TRBV7-3	ap01	ap01	ap01	0.47,0.53	1	484,536	38.2118375639006	NA	NA	NA	NA	NA	NA	30477
HIP07754	TRBV6-1	ap01	ap01	ap01	0.47,0.53	1	265,200	240.068134866329	NA	NA	NA	NA	NA	NA	30477
HIP07754	TRBV15	ap02	ap02	ap02	0.47,0.53	1	188,232	142.023986621138	NA	NA	NA	NA	NA	NA	30477
HIP07754	TRBV25-1	ap01	ap01	ap01	0.47,0.53	1	104,158	70.58863994096	NA	NA	NA	NA	NA	NA	30477
HIP07754	TRBV19	ap01	ap01	ap01	0.47,0.53	1	644,788	48.8316157498775	NA	NA	NA	NA	NA	NA	30477
HIP07754	TRBV11-3	ap01	ap01	ap01	0.47,0.53	1	388,199	200.257299371604	NA	NA	NA	NA	NA	NA	30477
HIP07754	TRBV2	ap01	ap01	ap01	0.47,0.53	1	606,678	47.6583511697656	NA	NA	NA	NA	NA	NA	30477
HIP07754	TRBV27	ap01	ap01	ap01	0.47,0.53	1	420,665	277.827748750446	NA	NA	NA	NA	NA	NA	30477
HIP07754	TRBV7-7	ap01_C315T	ap01_C315T	ap01_C315T	0.47,0.53	1	118,116	150.326545490422	NA	NA	NA	NA	NA	NA	30477
HIP07754	TRBV5-1	ap01	ap01	ap01	0.47,0.53	1	989,1212	74.9414565456433	NA	NA	NA	NA	NA	NA	30477
HIP07754	TRBV12-34	ap01	ap01	ap01	0.47,0.53	1	818,862	65.7615616048635	NA	NA	NA	NA	NA	NA	30477
HIP07754	TRBV7-6	ap01	ap01	ap01	0.47,0.53	1	201,253	150.511342102528	NA	NA	NA	NA	NA	NA	30477
HIP07754	TRBV24-1	ap01	ap01	ap01	0.47,0.53	1	149,244	96.3884495031284	NA	NA	NA	NA	NA	NA	30477
HIP07754	TRBV7-8	ap01,ap03	ap02,ap03	ap01,ap02,ap03	0.47,0.53	0.19,0.62,0.19	82,9	12.4133959182901	37,263	43.2432754646457	65,26	11.9585042545743	NA	NA	30477
HIP07754	TRBV14	ap01	ap01	ap01	0.47,0.53	1	148,242	95.8390297003233	NA	NA	NA	NA	NA	NA	30477
HIP07754	TRBV7-2	ap01	ap01	ap01	0.47,0.53	1	322,366	251.689507800955	NA	NA	NA	NA	NA	NA	30477
HIP07754	TRBV7-9	ap01	ap01	ap01	0.47,0.53	1	691,834	52.7049909461874	NA	NA	NA	NA	NA	NA	30477
HIP07754	TRBV10-1	ap01	ap01	ap01	0.47,0.53	1	138,198	96.8003422879016	NA	NA	NA	NA	NA	NA	30477
HIP07754	TRBV18	ap01	ap01	ap01	0.47,0.53	1	261,320	197.732449547016	NA	NA	NA	NA	NA	NA	30477
HIP07754	TRBV5-5	ap01	ap01	ap01	0.47,0.53	1	127,130	103.129786470335	NA	NA	NA	NA	NA	NA	30477
HIP07754	TRBV5-4	ap01	ap01	ap01	0.47,0.53	1	442,485	35.0166416824701	NA	NA	NA	NA	NA	NA	30477
HIP07754	TRBV9	ap01	ap01	ap01	0.47,0.53	1	762,717	91.9037493245274	NA	NA	NA	NA	NA	NA	30477
HIP07754	TRBV12-5	ap01	ap01	ap01	0.47,0.53	1	96,131	69.1520572173493	NA	NA	NA	NA	NA	NA	30477
HIP07754	TRBV1	ap01	ap01	ap01	0.47,0.53	1	61,93	41.3150166316643	NA	NA	NA	NA	NA	NA	30477
HIP07754	TRBV6-9	ap01	ap01	ap01	0.47,0.53	1	11,23	5.77463822187169	NA	NA	NA	NA	NA	NA	30477
HIP07754	TRBV6-7	ap01	ap01	ap01	0.47,0.53	1	21,36	13.1516935128148	NA	NA	NA	NA	NA	NA	30477
HIP07754	TRBV6-23	ap01	ap01	ap01	0.47,0.53	1	223,225	181.965109611129	NA	NA	NA	NA	NA	NA	30477
HIP07754	TRBV10-2	ap01	ap01	ap01	0.47,0.53	1	112,108	139.295239551439	NA	NA	NA	NA	NA	NA	30477
HIP07754	TRBV13	ap01	ap01	ap01	0.47,0.53	1	157,125	152.721172812074	NA	NA	NA	NA	NA	NA	30477
HIP07754	TRBV5-8	ap01	ap01	ap01	0.47,0.53	1	107,101	129.565206607855	NA	NA	NA	NA	NA	NA	30477
HIP07754	TRBV12-2	ap01	ap01	ap01	0.47,0.53	1	46,56	34.9565768524795	NA	NA	NA	NA	NA	NA	30477
HIP07754	TRBV12-1	ap01	ap01	ap01	0.47,0.53	1	20,38	11.5263552740714	NA	NA	NA	NA	NA	NA	30477
HIP07754	TRBV16	ap01	ap01	ap01	0.47,0.53	1	19,13	15.0531830127928	NA	NA	NA	NA	NA	NA	30477
HIP07754	TRBV5-3	ap01	ap01	ap01	0.47,0.53	1	54,62	42.0417313647661	NA	NA	NA	NA	NA	NA	30477
HIP07754	TRBV23-1	ap01	ap01	ap01	0.47,0.53	1	65,78	49.6992268495297	NA	NA	NA	NA	NA	NA	30477
HIP07754	TRBV7-4	ap01	ap01	ap01	0.47,0.53	1	22,46	11.5492764437434	NA	NA	NA	NA	NA	NA	30477
HIP07754	TRBV6-8	ap01	ap01	ap01	0.47,0.53	1	11,10	12.7021689660865	NA	NA	NA	NA	NA	NA	30477
HIP07754	TRBV7-1	ap01_G291C_T296C	ap01_G291C_T296C	ap01_G291C_T296C	0.47,0.53	1	6,4	4.58397000579813	NA	NA	NA	NA	NA	NA	30477
HIP07754	TRBV11-1	ap01	ap01	ap01	0.47,0.53	1	54,62	42.0417313647661	NA	NA	NA	NA	NA	NA	30477
HIP07754	TRBV5-7	ap01	ap01	ap01	0.47,0.53	1	3,12	0.0343817545079668	NA	NA	NA	NA	NA	NA	30477
HIP07754	TRBV4-3	ap01	ap01	ap01	0.47,0.53	1	9,9	11.7114569585859	NA	NA	NA	NA	NA	NA	30477
HIP07754	TRBV17	Unk	Unk	NA	NA	NA	NA	NA	NA	NA	NA	NA	NA	NA	30477
HIP07754	TRBV26	Unk	Unk	NA	NA	NA	NA	NA	NA	NA	NA	NA	NA	NA	30477
