subject	gene	TRBD2_01	TRBD2_02	alleles	proirs_row	proirs_col	counts1	k1	counts2	k2	counts3	k3	counts4	k4	TOTAL
HIP00715	TRBV7-2	ap01	ap01	ap01	0.48,0.52	1	777,737	94.7529833923653	NA	NA	NA	NA	NA	NA	30385
HIP00715	TRBV4-1	ap01	ap01	ap01	0.48,0.52	1	369,248	286.912487991812	NA	NA	NA	NA	NA	NA	30385
HIP00715	TRBV6-23	ap01	ap01	ap01	0.48,0.52	1	702,713	57.1763940411043	NA	NA	NA	NA	NA	NA	30385
HIP00715	TRBV7-7	ap01_C315T	ap01_C315T	ap01_C315T	0.48,0.52	1	88,83	106.562552028804	NA	NA	NA	NA	NA	NA	30385
HIP00715	TRBV6-4	ap01	ap01	ap01	0.48,0.52	1	174,253	120.200839500944	NA	NA	NA	NA	NA	NA	30385
HIP00715	TRBV10-1	ap01	ap01	ap01	0.48,0.52	1	112,175	73.9430360726625	NA	NA	NA	NA	NA	NA	30385
HIP00715	TRBV24-1	ap01	ap01	ap01	0.48,0.52	1	306,366	233.655858576588	NA	NA	NA	NA	NA	NA	30385
HIP00715	TRBV9	ap01	ap01	ap01	0.48,0.52	1	685,710	55.389294602864	NA	NA	NA	NA	NA	NA	30385
HIP00715	TRBV4-2	ap01	ap01	ap01	0.48,0.52	1	326,263	32.3660372408787	NA	NA	NA	NA	NA	NA	30385
HIP00715	TRBV20-1	ap01	ap01	ap01	0.48,0.52	1	1404,1677	107.271527788307	NA	NA	NA	NA	NA	NA	30385
HIP00715	TRBV6-56	ap01,ap02	ap01,ap02	ap01,ap02	0.48,0.52	0.76,0.24	379,393	153.756921938218	111,132	40.4340927231531	NA	NA	NA	NA	30385
HIP00715	TRBV12-34	ap01	ap01	ap01	0.48,0.52	1	578,443	53.6601329265252	NA	NA	NA	NA	NA	NA	30385
HIP00715	TRBV3-12	ap01	ap01	ap01	0.48,0.52	1	670,595	75.228593110887	NA	NA	NA	NA	NA	NA	30385
HIP00715	TRBV15	ap02	ap02	ap02	0.48,0.52	1	152,185	115.162664254611	NA	NA	NA	NA	NA	NA	30385
HIP00715	TRBV11-1	ap01	ap01	ap01	0.48,0.52	1	67,58	72.8305556085555	NA	NA	NA	NA	NA	NA	30385
HIP00715	TRBV5-1	ap01	ap01	ap01	0.48,0.52	1	968,834	104.589143052739	NA	NA	NA	NA	NA	NA	30385
HIP00715	TRBV21-1	ap01	ap01	ap01	0.48,0.52	1	218,334	145.7938958169	NA	NA	NA	NA	NA	NA	30385
HIP00715	TRBV11-2	ap01	ap01	ap01	0.48,0.52	1	302,300	38.9938015887564	NA	NA	NA	NA	NA	NA	30385
HIP00715	TRBV12-5	ap01	ap01	ap01	0.48,0.52	1	59,81	42.108374099411	NA	NA	NA	NA	NA	NA	30385
HIP00715	TRBV7-6	ap01	ap01	ap01	0.48,0.52	1	183,161	203.053213954745	NA	NA	NA	NA	NA	NA	30385
HIP00715	TRBV2	ap01	ap01	ap01	0.48,0.52	1	454,397	49.9879446592526	NA	NA	NA	NA	NA	NA	30385
HIP00715	TRBV4-3	ap01	ap01	ap01	0.48,0.52	1	415,435	33.4200755042901	NA	NA	NA	NA	NA	NA	30385
HIP00715	TRBV25-1	ap01	ap01	ap01	0.48,0.52	1	87,126	60.2414807125019	NA	NA	NA	NA	NA	NA	30385
HIP00715	TRBV19	ap01	ap01	ap01	0.48,0.52	1	385,510	280.010975171504	NA	NA	NA	NA	NA	NA	30385
HIP00715	TRBV5-5	ap01	ap01	ap01	0.48,0.52	1	86,100	66.4756295524935	NA	NA	NA	NA	NA	NA	30385
HIP00715	TRBV6-1	ap01	ap01	ap01	0.48,0.52	1	154,150	194.078251474457	NA	NA	NA	NA	NA	NA	30385
HIP00715	TRBV5-4	ap01	ap01	ap01	0.48,0.52	1	348,368	279.334504522143	NA	NA	NA	NA	NA	NA	30385
HIP00715	TRBV1	ap01	ap01	ap01	0.48,0.52	1	66,59	74.7261660998849	NA	NA	NA	NA	NA	NA	30385
HIP00715	TRBV11-3	ap01	ap01	ap01	0.48,0.52	1	289,188	214.744493747223	NA	NA	NA	NA	NA	NA	30385
HIP00715	TRBV5-6	ap01	ap01	ap01	0.48,0.52	1	180,195	143.170038209795	NA	NA	NA	NA	NA	NA	30385
HIP00715	TRBV7-3	ap01	ap01	ap01	0.48,0.52	1	499,528	40.0449195692685	NA	NA	NA	NA	NA	NA	30385
HIP00715	TRBV28	ap01	ap01	ap01	0.48,0.52	1	613,870	42.9479912818486	NA	NA	NA	NA	NA	NA	30385
HIP00715	TRBV18	ap01	ap01	ap01	0.48,0.52	1	213,264	160.037324573269	NA	NA	NA	NA	NA	NA	30385
HIP00715	TRBV27	ap01	ap01	ap01	0.48,0.52	1	475,584	35.8225859491808	NA	NA	NA	NA	NA	NA	30385
HIP00715	TRBV7-8	ap01,ap03	ap01,ap03	ap01,ap03	0.48,0.52	0.58,0.42	110,106	91.8401671769318	69,85	24.3332538998965	NA	NA	NA	NA	30385
HIP00715	TRBV13	ap01	ap01	ap01	0.48,0.52	1	95,71	85.2998202483937	NA	NA	NA	NA	NA	NA	30385
HIP00715	TRBV5-8	ap01	ap01	ap01	0.48,0.52	1	53,61	41.1446854672254	NA	NA	NA	NA	NA	NA	30385
HIP00715	TRBV7-9	ap01	ap01	ap01	0.48,0.52	1	341,392	264.856430045761	NA	NA	NA	NA	NA	NA	30385
HIP00715	TRBV10-2	ap01	ap01	ap01	0.48,0.52	1	47,42	53.1898653791874	NA	NA	NA	NA	NA	NA	30385
HIP00715	TRBV29-1	ap01,ap02	ap01,ap02	ap01,ap02	0.48,0.52	0.84,0.16	164,217	53.762655898564	23,52	1.6725053614919	NA	NA	NA	NA	30385
HIP00715	TRBV10-3	ap01	ap01	ap01	0.48,0.52	1	172,216	128.43730832003	NA	NA	NA	NA	NA	NA	30385
HIP00715	TRBV12-1	ap01	ap01	ap01	0.48,0.52	1	26,38	17.9059177103822	NA	NA	NA	NA	NA	NA	30385
HIP00715	TRBV6-9	ap01	ap01	ap01	0.48,0.52	1	15,18	11.4371231503783	NA	NA	NA	NA	NA	NA	30385
HIP00715	TRBV5-3	ap01	ap01	ap01	0.48,0.52	1	48,67	33.9468479950482	NA	NA	NA	NA	NA	NA	30385
HIP00715	TRBV7-4	ap01	ap01	ap01	0.48,0.52	1	23,30	16.8598295461698	NA	NA	NA	NA	NA	NA	30385
HIP00715	TRBV30	ap01	ap01	ap01	0.48,0.52	1	355,388	281.399214339892	NA	NA	NA	NA	NA	NA	30385
HIP00715	TRBV23-1	ap01	ap01	ap01	0.48,0.52	1	41,84	21.4436269870856	NA	NA	NA	NA	NA	NA	30385
HIP00715	TRBV5-7	ap01	ap01	ap01	0.48,0.52	1	6,9	4.06702979684364	NA	NA	NA	NA	NA	NA	30385
HIP00715	TRBV14	ap01	ap01	ap01	0.48,0.52	1	127,163	93.8438169448352	NA	NA	NA	NA	NA	NA	30385
HIP00715	TRBV6-8	ap01	ap01	ap01	0.48,0.52	1	17,15	18.9327550304723	NA	NA	NA	NA	NA	NA	30385
HIP00715	TRBV6-7	ap01	ap01	ap01	0.48,0.52	1	22,30	15.7588083606061	NA	NA	NA	NA	NA	NA	30385
HIP00715	TRBV12-2	ap01	ap01	ap01	0.48,0.52	1	45,61	32.3365159827161	NA	NA	NA	NA	NA	NA	30385
HIP00715	TRBV7-1	ap01_G291C_T296C	ap01_G291C_T296C	ap01_G291C_T296C	0.48,0.52	1	16,10	11.2362155124758	NA	NA	NA	NA	NA	NA	30385
HIP00715	TRBV16	Unk	ap01	ap01	0.48,0.52	1	1,5	0.30958843473542	NA	NA	NA	NA	NA	NA	30385
HIP00715	TRBV17	Unk	Unk	NA	NA	NA	NA	NA	NA	NA	NA	NA	NA	NA	30385
HIP00715	TRBV26	Unk	Unk	NA	NA	NA	NA	NA	NA	NA	NA	NA	NA	NA	30385
