subject	gene	TRBD2_01	TRBD2_02	alleles	proirs_row	proirs_col	counts1	k1	counts2	k2	counts3	k3	counts4	k4	TOTAL
HIP14161	TRBV9	ap01	ap01	ap01	0.45,0.55	1	379,218	231.213052512722	NA	NA	NA	NA	NA	NA	16620
HIP14161	TRBV3-12	ap01	ap01	ap01	0.45,0.55	1	261,308	201.208201518789	NA	NA	NA	NA	NA	NA	16620
HIP14161	TRBV12-34	ap01	ap01	ap01	0.45,0.55	1	383,432	300.384877729021	NA	NA	NA	NA	NA	NA	16620
HIP14161	TRBV24-1	ap01	ap01	ap01	0.45,0.55	1	158,371	74.4381369856299	NA	NA	NA	NA	NA	NA	16620
HIP14161	TRBV7-9	ap01	ap01	ap01	0.45,0.55	1	242,321	177.469590395128	NA	NA	NA	NA	NA	NA	16620
HIP14161	TRBV6-23	ap01	ap01	ap01	0.45,0.55	1	126,148	97.3120007313003	NA	NA	NA	NA	NA	NA	16620
HIP14161	TRBV5-1	ap01	ap01	ap01	0.45,0.55	1	723,837	56.1526557495741	NA	NA	NA	NA	NA	NA	16620
HIP14161	TRBV10-2	ap01	ap01	ap01	0.45,0.55	1	80,101	59.9806293726638	NA	NA	NA	NA	NA	NA	16620
HIP14161	TRBV4-1	ap01	ap01	ap01	0.45,0.55	1	299,332	235.852423904465	NA	NA	NA	NA	NA	NA	16620
HIP14161	TRBV28	ap01	ap01	ap01	0.45,0.55	1	298,82	36.5842240817938	NA	NA	NA	NA	NA	NA	16620
HIP14161	TRBV20-1	ap01,ap02	ap01,ap02	ap01,ap02	0.45,0.55	0.86,0.14	262,398	75.4544663346154	43,61	13.4543035280915	NA	NA	NA	NA	16620
HIP14161	TRBV5-4	ap01	ap01	ap01	0.45,0.55	1	233,342	162.415610430252	NA	NA	NA	NA	NA	NA	16620
HIP14161	TRBV12-2	ap01	ap01	ap01	0.45,0.55	1	22,43	12.5870246196109	NA	NA	NA	NA	NA	NA	16620
HIP14161	TRBV4-2	ap01	ap01	ap01	0.45,0.55	1	202,218	160.953925563526	NA	NA	NA	NA	NA	NA	16620
HIP14161	TRBV21-1	ap01	ap01	ap01	0.45,0.55	1	98,202	53.3862096981043	NA	NA	NA	NA	NA	NA	16620
HIP14161	TRBV6-4	ap01	ap01	ap01	0.45,0.55	1	173,162	207.035123561515	NA	NA	NA	NA	NA	NA	16620
HIP14161	TRBV27	ap01	ap01	ap01	0.45,0.55	1	298,334	234.265312796334	NA	NA	NA	NA	NA	NA	16620
HIP14161	TRBV2	ap01	ap01	ap01	0.45,0.55	1	385,339	42.5790744143468	NA	NA	NA	NA	NA	NA	16620
HIP14161	TRBV15	ap02	ap02	ap02	0.45,0.55	1	97,127	71.5619183769104	NA	NA	NA	NA	NA	NA	16620
HIP14161	TRBV7-2	ap01	ap01	ap01	0.45,0.55	1	159,316	89.6282279471068	NA	NA	NA	NA	NA	NA	16620
HIP14161	TRBV10-3	ap01	ap01	ap01	0.45,0.55	1	166,225	120.500825490959	NA	NA	NA	NA	NA	NA	16620
HIP14161	TRBV7-8	ap01,ap03	ap01,ap03	ap01,ap03	0.45,0.55	0.65,0.35	63,61	52.9382151679181	35,33	28.3726131710802	NA	NA	NA	NA	16620
HIP14161	TRBV30	ap02	ap01,ap03	ap01,ap02,ap03	0.45,0.55	0.646,0.285,0.069	40,221	28.1834584761034	107,8	21.6765782408189	2,26	5.11346427183884	NA	NA	16620
HIP14161	TRBV5-6	ap01	ap01	ap01	0.45,0.55	1	165,167	134.313314216805	NA	NA	NA	NA	NA	NA	16620
HIP14161	TRBV7-6	ap01	ap01	ap01	0.45,0.55	1	88,132	60.6144983677616	NA	NA	NA	NA	NA	NA	16620
HIP14161	TRBV7-7	ap01_C315T	ap01	ap01,ap01_C315T	0.45,0.55	0.65,0.35	9,58	8.39164677952986	32,4	4.60647683886936	NA	NA	NA	NA	16620
HIP14161	TRBV19	ap01	ap01	ap01	0.45,0.55	1	225,334	155.878561498797	NA	NA	NA	NA	NA	NA	16620
HIP14161	TRBV6-1	ap01	ap01	ap01	0.45,0.55	1	141,145	114.188847427973	NA	NA	NA	NA	NA	NA	16620
HIP14161	TRBV7-4	ap01	ap01	ap01	0.45,0.55	1	12,21	7.49563342208683	NA	NA	NA	NA	NA	NA	16620
HIP14161	TRBV25-1	ap01	ap01	ap01	0.45,0.55	1	47,102	24.2888626244894	NA	NA	NA	NA	NA	NA	16620
HIP14161	TRBV12-5	ap01	ap01	ap01	0.45,0.55	1	29,35	22.1568423931287	NA	NA	NA	NA	NA	NA	16620
HIP14161	TRBV10-1	ap01	ap01	ap01	0.45,0.55	1	88,131	60.8711583649945	NA	NA	NA	NA	NA	NA	16620
HIP14161	TRBV5-5	ap01	ap01	ap01	0.45,0.55	1	23,33	16.2274157056053	NA	NA	NA	NA	NA	NA	16620
HIP14161	TRBV11-3	ap01	ap01	ap01	0.45,0.55	1	54,149	19.7423805501952	NA	NA	NA	NA	NA	NA	16620
HIP14161	TRBV6-56	ap01,ap02	ap01,ap02	ap01,ap02	0.45,0.55	0.71,0.29	226,254	87.2165291298611	89,111	31.6273449227849	NA	NA	NA	NA	16620
HIP14161	TRBV7-3	ap01	ap03	ap01,ap03	0.45,0.55	0.61,0.39	145,13	26.8549708213553	11,89	14.7440044788047	NA	NA	NA	NA	16620
HIP14161	TRBV18	ap01	ap01	ap01	0.45,0.55	1	113,171	77.449536317299	NA	NA	NA	NA	NA	NA	16620
HIP14161	TRBV14	ap01	ap01	ap01	0.45,0.55	1	56,117	30.1030826889792	NA	NA	NA	NA	NA	NA	16620
HIP14161	TRBV11-1	ap01	ap01	ap01	0.45,0.55	1	12,15	9.03559340548451	NA	NA	NA	NA	NA	NA	16620
HIP14161	TRBV6-7	ap01	ap01	ap01	0.45,0.55	1	13,24	7.79944454405289	NA	NA	NA	NA	NA	NA	16620
HIP14161	TRBV5-8	ap01	ap01	ap01	0.45,0.55	1	29,34	22.4135023903617	NA	NA	NA	NA	NA	NA	16620
HIP14161	TRBV11-2	ap01	ap01	ap01	0.45,0.55	1	118,168	83.5884718773223	NA	NA	NA	NA	NA	NA	16620
HIP14161	TRBV13	ap01	ap01	ap01	0.45,0.55	1	113,157	81.0427762785602	NA	NA	NA	NA	NA	NA	16620
HIP14161	TRBV7-1	ap01_G291C_T296C	ap01_G291C_T296C_C314T	ap01_G291C_T296C,ap01_G291C_T296C_C314T	0.45,0.55	0.28,0.72	5,0	1.4492586701256	1,12	2.30895345043222	NA	NA	NA	NA	16620
HIP14161	TRBV6-9	ap01	Unk	ap01	0.45,0.55	1	11,2	0.317330654982915	NA	NA	NA	NA	NA	NA	16620
HIP14161	TRBV23-1	ap01	ap01	ap01	0.45,0.55	1	36,45	27.1067802164535	NA	NA	NA	NA	NA	NA	16620
HIP14161	TRBV5-3	ap01	ap01	ap01	0.45,0.55	1	22,24	17.4635645670369	NA	NA	NA	NA	NA	NA	16620
HIP14161	TRBV29-1	ap01,ap02	ap01,ap02	ap01,ap02	0.45,0.55	0.81,0.19	136,157	51.4558918348412	35,35	30.7070024960474	NA	NA	NA	NA	16620
HIP14161	TRBV1	ap01	ap01	ap01	0.45,0.55	1	62,54	67.6070626421406	NA	NA	NA	NA	NA	NA	16620
HIP14161	TRBV6-8	ap01	ap01	ap01	0.45,0.55	1	11,13	8.47512228628551	NA	NA	NA	NA	NA	NA	16620
HIP14161	TRBV12-1	ap01	ap01	ap01	0.45,0.55	1	17,20	13.1212489876442	NA	NA	NA	NA	NA	NA	16620
HIP14161	TRBV5-7	ap01	ap01	ap01	0.45,0.55	1	4,8	2.241884476796	NA	NA	NA	NA	NA	NA	16620
HIP14161	TRBV17	Unk	ap01	ap01	0.45,0.55	1	0,1	0.256659997232946	NA	NA	NA	NA	NA	NA	16620
HIP14161	TRBV16	ap01	ap01	ap01	0.45,0.55	1	3,4	2.19473335206289	NA	NA	NA	NA	NA	NA	16620
HIP14161	TRBV26	Unk	Unk	NA	NA	NA	NA	NA	NA	NA	NA	NA	NA	NA	16620
HIP14161	TRBV4-3	Del	Del	Del	NA	NA	NA	1000	NA	NA	NA	NA	NA	NA	16620
