subject	gene	TRBD2_01	TRBD2_02	alleles	proirs_row	proirs_col	counts1	k1	counts2	k2	counts3	k3	counts4	k4	TOTAL
Keck0023_MC1	TRBV7-2	ap01	ap01	ap01	0.47,0.53	1	187,96	96.7903014855676	NA	NA	NA	NA	NA	NA	7784
Keck0023_MC1	TRBV5-1	ap01	ap01	ap01	0.47,0.53	1	188,342	112.260046253107	NA	NA	NA	NA	NA	NA	7784
Keck0023_MC1	TRBV2	ap01	ap01	ap01	0.47,0.53	1	132,163	99.6627967656011	NA	NA	NA	NA	NA	NA	7784
Keck0023_MC1	TRBV3-12	ap01	ap01	ap01	0.47,0.53	1	200,184	234.501997769094	NA	NA	NA	NA	NA	NA	7784
Keck0023_MC1	TRBV29-1	ap01,ap02	ap01,ap02	ap01,ap02	0.47,0.53	0.84,0.16	59,80	19.0963977206434	16,11	8.26389113792709	NA	NA	NA	NA	7784
Keck0023_MC1	TRBV30	ap02	ap01,ap03	ap01,ap02,ap03	0.47,0.53	0.53,0.37,0.11	6,73	14.9694538909019	54,1	13.8067627529245	4,12	0.419895639176476	NA	NA	7784
Keck0023_MC1	TRBV24-1	ap01	ap01	ap01	0.47,0.53	1	84,105	63.0778555241203	NA	NA	NA	NA	NA	NA	7784
Keck0023_MC1	TRBV6-56	ap01,ap02	ap01,ap02	ap01,ap02	0.47,0.53	0.74,0.26	116,101	84.4410903637528	34,41	12.3348186371885	NA	NA	NA	NA	7784
Keck0023_MC1	TRBV20-1	ap01,ap02	ap01,ap02	ap01,ap02	0.47,0.53	0.82,0.18	164,234	50.0500877299716	36,54	10.2998294898737	NA	NA	NA	NA	7784
Keck0023_MC1	TRBV25-1	ap01	ap01	ap01	0.47,0.53	1	45,36	44.065777500228	NA	NA	NA	NA	NA	NA	7784
Keck0023_MC1	TRBV7-3	ap01	ap01	ap01	0.47,0.53	1	109,103	132.184386531205	NA	NA	NA	NA	NA	NA	7784
Keck0023_MC1	TRBV27	ap01	ap01	ap01	0.47,0.53	1	164,280	102.885039746522	NA	NA	NA	NA	NA	NA	7784
Keck0023_MC1	TRBV11-1	ap01	ap01	ap01	0.47,0.53	1	21,10	9.61203513248359	NA	NA	NA	NA	NA	NA	7784
Keck0023_MC1	TRBV6-23	ap01	ap01	ap01	0.47,0.53	1	201,68	47.3646281311071	NA	NA	NA	NA	NA	NA	7784
Keck0023_MC1	TRBV7-8	ap01,ap03	ap01,ap03	ap01,ap03	0.47,0.53	0.66,0.34	19,32	4.52350045579227	15,11	8.54094698813487	NA	NA	NA	NA	7784
Keck0023_MC1	TRBV19	ap01	ap01	ap01	0.47,0.53	1	135,137	109.954806332038	NA	NA	NA	NA	NA	NA	7784
Keck0023_MC1	TRBV6-1	ap01	ap01	ap01	0.47,0.53	1	54,70	39.874484516598	NA	NA	NA	NA	NA	NA	7784
Keck0023_MC1	TRBV9	ap01	ap01	ap01	0.47,0.53	1	168,195	130.209103827402	NA	NA	NA	NA	NA	NA	7784
Keck0023_MC1	TRBV5-6	ap01	ap01	ap01	0.47,0.53	1	45,62	32.2379077511478	NA	NA	NA	NA	NA	NA	7784
Keck0023_MC1	TRBV4-1	ap01	ap01	ap01	0.47,0.53	1	80,111	57.101660080158	NA	NA	NA	NA	NA	NA	7784
Keck0023_MC1	TRBV28	ap01	ap01	ap01	0.47,0.53	1	185,245	135.205857475795	NA	NA	NA	NA	NA	NA	7784
Keck0023_MC1	TRBV15	ap02	ap02	ap02	0.47,0.53	1	48,78	31.180417535932	NA	NA	NA	NA	NA	NA	7784
Keck0023_MC1	TRBV12-34	ap01	ap01	ap01	0.47,0.53	1	142,173	107.847630743571	NA	NA	NA	NA	NA	NA	7784
Keck0023_MC1	TRBV1	ap01	ap01	ap01	0.47,0.53	1	11,24	5.49037696716011	NA	NA	NA	NA	NA	NA	7784
Keck0023_MC1	TRBV10-2	ap01	ap01	ap01	0.47,0.53	1	13,33	5.235760465812	NA	NA	NA	NA	NA	NA	7784
Keck0023_MC1	TRBV18	ap01	ap01	ap01	0.47,0.53	1	66,66	85.8895607727786	NA	NA	NA	NA	NA	NA	7784
Keck0023_MC1	TRBV5-4	ap01	ap01	ap01	0.47,0.53	1	101,102	82.3965969922178	NA	NA	NA	NA	NA	NA	7784
Keck0023_MC1	TRBV6-4	ap01	ap01	ap01	0.47,0.53	1	37,56	25.149588198217	NA	NA	NA	NA	NA	NA	7784
Keck0023_MC1	TRBV4-3	ap01	Del	ap01	0.47,0.53	1	95,6	19.7133659897534	NA	NA	NA	NA	NA	NA	7784
Keck0023_MC1	TRBV4-2	ap01	ap01	ap01	0.47,0.53	1	93,50	51.7709407695893	NA	NA	NA	NA	NA	NA	7784
Keck0023_MC1	TRBV13	ap01	ap01	ap01	0.47,0.53	1	22,30	15.8448252693141	NA	NA	NA	NA	NA	NA	7784
Keck0023_MC1	TRBV14	ap01	ap01	ap01	0.47,0.53	1	27,43	17.7754327760795	NA	NA	NA	NA	NA	NA	7784
Keck0023_MC1	TRBV7-6	ap01	ap01	ap01	0.47,0.53	1	41,52	30.5853312716245	NA	NA	NA	NA	NA	NA	7784
Keck0023_MC1	TRBV5-3	ap01	ap01	ap01	0.47,0.53	1	16,16	20.8217117024918	NA	NA	NA	NA	NA	NA	7784
Keck0023_MC1	TRBV11-3	ap01	ap01	ap01	0.47,0.53	1	25,30	19.1109540185374	NA	NA	NA	NA	NA	NA	7784
Keck0023_MC1	TRBV10-1	ap01	ap01	ap01	0.47,0.53	1	28,48	17.5130114327667	NA	NA	NA	NA	NA	NA	7784
Keck0023_MC1	TRBV7-9	ap01	ap01	ap01	0.47,0.53	1	102,130	75.9189733875239	NA	NA	NA	NA	NA	NA	7784
Keck0023_MC1	TRBV10-3	ap01	ap01	ap01	0.47,0.53	1	67,60	75.9168059051609	NA	NA	NA	NA	NA	NA	7784
Keck0023_MC1	TRBV11-2	ap01	ap01	ap01	0.47,0.53	1	64,99	42.9250209742965	NA	NA	NA	NA	NA	NA	7784
Keck0023_MC1	TRBV21-1	ap01	ap01	ap01	0.47,0.53	1	52,56	41.4802319443333	NA	NA	NA	NA	NA	NA	7784
Keck0023_MC1	TRBV23-1	ap01	ap01	ap01	0.47,0.53	1	10,21	5.212345939918	NA	NA	NA	NA	NA	NA	7784
Keck0023_MC1	TRBV7-7	ap01	ap01_C315T	ap01,ap01_C315T	0.47,0.53	0.48,0.52	13,1	2.44747289440554	1,14	2.97289599622155	NA	NA	NA	NA	7784
Keck0023_MC1	TRBV5-8	ap01	ap01	ap01	0.47,0.53	1	14,10	11.7766481116669	NA	NA	NA	NA	NA	NA	7784
Keck0023_MC1	TRBV12-2	Unk	ap01	ap01	0.47,0.53	1	3,14	0.517037844660879	NA	NA	NA	NA	NA	NA	7784
Keck0023_MC1	TRBV6-7	ap01	ap01	ap01	0.47,0.53	1	4,5	3.00370740591049	NA	NA	NA	NA	NA	NA	7784
Keck0023_MC1	TRBV12-1	Unk	ap01	ap01	0.47,0.53	1	1,11	1.88377845497741	NA	NA	NA	NA	NA	NA	7784
Keck0023_MC1	TRBV12-5	ap01	ap01	ap01	0.47,0.53	1	13,14	10.3700579860833	NA	NA	NA	NA	NA	NA	7784
Keck0023_MC1	TRBV16	ap01	Unk	ap01	0.47,0.53	1	2,0	0.618460851195232	NA	NA	NA	NA	NA	NA	7784
Keck0023_MC1	TRBV7-4	Unk	ap01	ap01	0.47,0.53	1	1,6	0.532647528590211	NA	NA	NA	NA	NA	NA	7784
Keck0023_MC1	TRBV5-5	ap01	ap01	ap01	0.47,0.53	1	13,18	9.28915324497358	NA	NA	NA	NA	NA	NA	7784
Keck0023_MC1	TRBV5-7	ap01	ap01	ap01	0.47,0.53	1	2,1	0.99212655580812	NA	NA	NA	NA	NA	NA	7784
Keck0023_MC1	TRBV6-8	ap01	ap01	ap01	0.47,0.53	1	3,4	2.18522400811351	NA	NA	NA	NA	NA	NA	7784
Keck0023_MC1	TRBV6-9	ap01	ap01	ap01	0.47,0.53	1	1,2	0.548257212519544	NA	NA	NA	NA	NA	NA	7784
Keck0023_MC1	TRBV7-1	ap01_G291C_T296C	Unk	ap01_G291C_T296C	0.47,0.53	1	2,0	0.618460851195232	NA	NA	NA	NA	NA	NA	7784
Keck0023_MC1	TRBV17	Unk	Unk	NA	NA	NA	NA	NA	NA	NA	NA	NA	NA	NA	7784
Keck0023_MC1	TRBV26	Unk	Unk	NA	NA	NA	NA	NA	NA	NA	NA	NA	NA	NA	7784
