subject	gene	TRBD2_01	TRBD2_02	alleles	proirs_row	proirs_col	counts1	k1	counts2	k2	counts3	k3	counts4	k4	TOTAL
Keck0091_MC1	TRBV27	ap01	ap01	ap01	0.41,0.59	1	425,504	32.6294627111465	NA	NA	NA	NA	NA	NA	17191
Keck0091_MC1	TRBV14	ap01	ap01	ap01	0.41,0.59	1	112,159	80.1299116116882	NA	NA	NA	NA	NA	NA	17191
Keck0091_MC1	TRBV7-6	ap01	ap01	ap01	0.41,0.59	1	175,193	137.607723153852	NA	NA	NA	NA	NA	NA	17191
Keck0091_MC1	TRBV24-1	ap01	ap01	ap01	0.41,0.59	1	147,377	67.5087787200283	NA	NA	NA	NA	NA	NA	17191
Keck0091_MC1	TRBV3-12	ap01	ap01	ap01	0.41,0.59	1	366,453	276.753172148749	NA	NA	NA	NA	NA	NA	17191
Keck0091_MC1	TRBV6-56	ap01,ap02	ap01,ap02	ap01,ap02	0.41,0.59	0.7,0.3	205,236	78.0619079466776	88,103	33.143342234379	NA	NA	NA	NA	17191
Keck0091_MC1	TRBV18	ap01	ap01	ap01	0.41,0.59	1	157,261	103.796084872652	NA	NA	NA	NA	NA	NA	17191
Keck0091_MC1	TRBV9	ap01	ap01	ap01	0.41,0.59	1	351,459	259.91401795754	NA	NA	NA	NA	NA	NA	17191
Keck0091_MC1	TRBV21-1	ap01	ap01	ap01	0.41,0.59	1	86,163	52.3741131102681	NA	NA	NA	NA	NA	NA	17191
Keck0091_MC1	TRBV19	ap01	ap01	ap01	0.41,0.59	1	222,427	133.803690134298	NA	NA	NA	NA	NA	NA	17191
Keck0091_MC1	TRBV25-1	ap01	ap01	ap01	0.41,0.59	1	78,89	60.6675603327695	NA	NA	NA	NA	NA	NA	17191
Keck0091_MC1	TRBV7-2	ap01	ap01	ap01	0.41,0.59	1	140,185	103.239099748353	NA	NA	NA	NA	NA	NA	17191
Keck0091_MC1	TRBV30	ap02	ap01	ap01,ap02	0.41,0.59	0.71,0.29	38,256	31.444516475959	111,7	27.6202515276663	NA	NA	NA	NA	17191
Keck0091_MC1	TRBV29-1	ap01,ap02	ap01,ap02	ap01,ap02	0.41,0.59	0.81,0.19	105,172	28.9242719847205	29,35	10.6936277825315	NA	NA	NA	NA	17191
Keck0091_MC1	TRBV5-1	ap01	ap01	ap01	0.41,0.59	1	579,770	42.5872590317642	NA	NA	NA	NA	NA	NA	17191
Keck0091_MC1	TRBV6-4	ap01	ap01	ap01	0.41,0.59	1	104,155	72.7601067351365	NA	NA	NA	NA	NA	NA	17191
Keck0091_MC1	TRBV6-1	ap01	ap01	ap01	0.41,0.59	1	144,161	112.741781537705	NA	NA	NA	NA	NA	NA	17191
Keck0091_MC1	TRBV20-1	ap01,ap02	ap01,ap02	ap01,ap02	0.41,0.59	0.87,0.13	372,435	140.194440911316	50,68	16.7813289741843	NA	NA	NA	NA	17191
Keck0091_MC1	TRBV4-2	ap01	ap01	ap01	0.41,0.59	1	174,178	139.93102833623	NA	NA	NA	NA	NA	NA	17191
Keck0091_MC1	TRBV5-6	ap01	ap01	ap01	0.41,0.59	1	115,153	84.5717940224365	NA	NA	NA	NA	NA	NA	17191
Keck0091_MC1	TRBV2	ap01	ap01	ap01	0.41,0.59	1	354,362	284.718128097057	NA	NA	NA	NA	NA	NA	17191
Keck0091_MC1	TRBV7-9	ap01	ap01	ap01	0.41,0.59	1	219,319	154.870532570579	NA	NA	NA	NA	NA	NA	17191
Keck0091_MC1	TRBV28	ap01	ap01	ap01	0.41,0.59	1	63,145	32.6403689279512	NA	NA	NA	NA	NA	NA	17191
Keck0091_MC1	TRBV4-1	Del	ap01	ap01	0.41,0.59	1	70,347	5.32755954309521	NA	NA	NA	NA	NA	NA	17191
Keck0091_MC1	TRBV6-23	ap01	ap01	ap01	0.41,0.59	1	131,163	98.8638822869955	NA	NA	NA	NA	NA	NA	17191
Keck0091_MC1	TRBV12-34	ap01	ap01	ap01	0.41,0.59	1	353,476	258.176297268323	NA	NA	NA	NA	NA	NA	17191
Keck0091_MC1	TRBV10-3	ap01	ap01	ap01	0.41,0.59	1	140,215	96.5262774201872	NA	NA	NA	NA	NA	NA	17191
Keck0091_MC1	TRBV5-4	ap01	ap01	ap01	0.41,0.59	1	207,280	151.199929816734	NA	NA	NA	NA	NA	NA	17191
Keck0091_MC1	TRBV11-2	ap01	ap01	ap01	0.41,0.59	1	159,227	113.470162141317	NA	NA	NA	NA	NA	NA	17191
Keck0091_MC1	TRBV1	ap01	ap01	ap01	0.41,0.59	1	42,39	49.3020319397222	NA	NA	NA	NA	NA	NA	17191
Keck0091_MC1	TRBV7-1	Unk	ap01_G291C_T296C_C314T	ap01_G291C_T296C_C314T	0.41,0.59	1	0,10	2.23760744272187	NA	NA	NA	NA	NA	NA	17191
Keck0091_MC1	TRBV15	ap02	ap02	ap02	0.41,0.59	1	105,141	76.9258631366522	NA	NA	NA	NA	NA	NA	17191
Keck0091_MC1	TRBV7-8	ap01,ap03	ap01,ap03	ap01,ap03	0.41,0.59	0.73,0.27	74,124	19.7831517929396	28,45	7.90061578312607	NA	NA	NA	NA	17191
Keck0091_MC1	TRBV13	ap01	ap01	ap01	0.41,0.59	1	57,88	39.1960954612356	NA	NA	NA	NA	NA	NA	17191
Keck0091_MC1	TRBV6-8	ap01	ap01	ap01	0.41,0.59	1	9,8	9.97291654136597	NA	NA	NA	NA	NA	NA	17191
Keck0091_MC1	TRBV11-3	ap01	ap01	ap01	0.41,0.59	1	73,211	28.2032196230374	NA	NA	NA	NA	NA	NA	17191
Keck0091_MC1	TRBV6-7	ap01	ap01	ap01	0.41,0.59	1	11,18	7.33647240185622	NA	NA	NA	NA	NA	NA	17191
Keck0091_MC1	TRBV12-2	ap01	ap01	ap01	0.41,0.59	1	33,40	25.1420676253793	NA	NA	NA	NA	NA	NA	17191
Keck0091_MC1	TRBV7-7	ap01	ap01_C315T	ap01,ap01_C315T	0.41,0.59	0.43,0.57	44,5	8.28129259117744	5,60	9.83004530151088	NA	NA	NA	NA	17191
Keck0091_MC1	TRBV10-2	ap01	ap01	ap01	0.41,0.59	1	60,91	41.6241311735342	NA	NA	NA	NA	NA	NA	17191
Keck0091_MC1	TRBV7-3	ap02	ap01	ap01,ap02	0.41,0.59	0.84,0.16	29,280	42.304561291485	58,2	16.4191618291981	NA	NA	NA	NA	17191
Keck0091_MC1	TRBV5-3	ap01	ap01	ap01	0.41,0.59	1	22,36	14.6729448037124	NA	NA	NA	NA	NA	NA	17191
Keck0091_MC1	TRBV12-5	ap01	ap01	ap01	0.41,0.59	1	43,98	22.4950042746429	NA	NA	NA	NA	NA	NA	17191
Keck0091_MC1	TRBV5-5	ap01	ap01	ap01	0.41,0.59	1	41,45	32.2881117576588	NA	NA	NA	NA	NA	NA	17191
Keck0091_MC1	TRBV10-1	ap01	ap01	ap01	0.41,0.59	1	78,133	50.8220875847933	NA	NA	NA	NA	NA	NA	17191
Keck0091_MC1	TRBV23-1	ap01	ap01	ap01	0.41,0.59	1	39,34	42.1112697805801	NA	NA	NA	NA	NA	NA	17191
Keck0091_MC1	TRBV12-1	ap01	ap01	ap01	0.41,0.59	1	17,22	12.6400653149978	NA	NA	NA	NA	NA	NA	17191
Keck0091_MC1	TRBV11-1	Unk	ap01	ap01	0.41,0.59	1	5,31	1.77105316391253	NA	NA	NA	NA	NA	NA	17191
Keck0091_MC1	TRBV5-8	ap01	ap01	ap01	0.41,0.59	1	50,50	64.610941052081	NA	NA	NA	NA	NA	NA	17191
Keck0091_MC1	TRBV6-9	ap01	ap01	ap01	0.41,0.59	1	6,9	4.18478919178063	NA	NA	NA	NA	NA	NA	17191
Keck0091_MC1	TRBV16	ap01	ap01	ap01	0.41,0.59	1	5,4	4.80404125719949	NA	NA	NA	NA	NA	NA	17191
Keck0091_MC1	TRBV7-4	ap01	ap01	ap01	0.41,0.59	1	7,15	3.87533070785256	NA	NA	NA	NA	NA	NA	17191
Keck0091_MC1	TRBV5-7	ap01	ap01	ap01	0.41,0.59	1	4,2	1.85476958814927	NA	NA	NA	NA	NA	NA	17191
Keck0091_MC1	TRBV17	Unk	ap01	ap01	0.41,0.59	1	0,3	0.671282232816561	NA	NA	NA	NA	NA	NA	17191
Keck0091_MC1	TRBV26	Unk	Unk	NA	NA	NA	NA	NA	NA	NA	NA	NA	NA	NA	17191
Keck0091_MC1	TRBV4-3	Del	Del	Del	NA	NA	NA	1000	NA	NA	NA	NA	NA	NA	17191
