subject	gene	TRBD2_01	TRBD2_02	alleles	proirs_row	proirs_col	counts1	k1	counts2	k2	counts3	k3	counts4	k4	TOTAL
HIP14079	TRBV19	ap01	ap01	ap01	0.48,0.52	1	383,515	276.377430898948	NA	NA	NA	NA	NA	NA	23082
HIP14079	TRBV6-4	ap01	ap01	ap01	0.48,0.52	1	212,178	221.626015206695	NA	NA	NA	NA	NA	NA	23082
HIP14079	TRBV12-34	ap01	ap01	ap01	0.48,0.52	1	279,423	187.824407942656	NA	NA	NA	NA	NA	NA	23082
HIP14079	TRBV9	ap01	ap01	ap01	0.48,0.52	1	579,462	56.6698979211252	NA	NA	NA	NA	NA	NA	23082
HIP14079	TRBV5-1	ap01	ap01	ap01	0.48,0.52	1	706,976	50.192714831101	NA	NA	NA	NA	NA	NA	23082
HIP14079	TRBV4-2	ap01	ap01	ap01	0.48,0.52	1	440,236	246.680260768772	NA	NA	NA	NA	NA	NA	23082
HIP14079	TRBV10-3	ap01	ap01	ap01	0.48,0.52	1	137,190	97.228331677837	NA	NA	NA	NA	NA	NA	23082
HIP14079	TRBV7-3	ap01	ap01	ap01	0.48,0.52	1	380,332	41.7944592127689	NA	NA	NA	NA	NA	NA	23082
HIP14079	TRBV7-9	ap01	ap01	ap01	0.48,0.52	1	343,437	254.348177523731	NA	NA	NA	NA	NA	NA	23082
HIP14079	TRBV3-12	ap01	ap01	ap01	0.48,0.52	1	442,443	36.1671627912637	NA	NA	NA	NA	NA	NA	23082
HIP14079	TRBV14	ap01	ap01	ap01	0.48,0.52	1	78,144	45.2435369504816	NA	NA	NA	NA	NA	NA	23082
HIP14079	TRBV1	ap01	ap01	ap01	0.48,0.52	1	45,85	25.5591884902333	NA	NA	NA	NA	NA	NA	23082
HIP14079	TRBV6-23	ap01	ap01	ap01	0.48,0.52	1	551,190	140.207864457558	NA	NA	NA	NA	NA	NA	23082
HIP14079	TRBV4-1	ap01	ap01	ap01	0.48,0.52	1	285,371	209.110227522154	NA	NA	NA	NA	NA	NA	23082
HIP14079	TRBV21-1	ap01	ap01	ap01	0.48,0.52	1	136,223	86.8118070391568	NA	NA	NA	NA	NA	NA	23082
HIP14079	TRBV13	ap01	ap01	ap01	0.48,0.52	1	88,76	95.373731189014	NA	NA	NA	NA	NA	NA	23082
HIP14079	TRBV4-3	ap01	Del	ap01	0.48,0.52	1	370,18	81.0264249248402	NA	NA	NA	NA	NA	NA	23082
HIP14079	TRBV7-2	ap01	ap01	ap01	0.48,0.52	1	634,219	161.934444546646	NA	NA	NA	NA	NA	NA	23082
HIP14079	TRBV12-5	ap01	ap01	ap01	0.48,0.52	1	36,84	15.930821668616	NA	NA	NA	NA	NA	NA	23082
HIP14079	TRBV27	ap01	ap01	ap01	0.48,0.52	1	478,657	34.0905650452241	NA	NA	NA	NA	NA	NA	23082
HIP14079	TRBV5-6	ap01	ap01	ap01	0.48,0.52	1	178,191	142.094564781554	NA	NA	NA	NA	NA	NA	23082
HIP14079	TRBV6-56	ap01,ap02	ap01,ap02	ap01,ap02	0.48,0.52	0.71,0.29	307,325	122.728500911673	126,133	50.4761681953112	NA	NA	NA	NA	23082
HIP14079	TRBV2	ap01	ap01	ap01	0.48,0.52	1	302,392	221.902399509833	NA	NA	NA	NA	NA	NA	23082
HIP14079	TRBV6-1	ap01	ap01	ap01	0.48,0.52	1	140,149	112.105487520934	NA	NA	NA	NA	NA	NA	23082
HIP14079	TRBV28	ap01	ap01	ap01	0.48,0.52	1	617,874	43.2714705876684	NA	NA	NA	NA	NA	NA	23082
HIP14079	TRBV11-2	ap01	ap01	ap01	0.48,0.52	1	203,219	161.720221848196	NA	NA	NA	NA	NA	NA	23082
HIP14079	TRBV29-1	ap01,ap02	ap01,ap02	ap01,ap02	0.48,0.52	0.85,0.15	158,245	42.0029496163475	31,39	10.7098906422902	NA	NA	NA	NA	23082
HIP14079	TRBV25-1	ap01	ap01	ap01	0.48,0.52	1	92,152	58.4018388871148	NA	NA	NA	NA	NA	NA	23082
HIP14079	TRBV20-1	ap01,ap02	ap01,ap02	ap01,ap02	0.48,0.52	0.85,0.15	451,500	174.154810907452	79,90	29.8481717444542	NA	NA	NA	NA	23082
HIP14079	TRBV30	ap01	ap01	ap01	0.48,0.52	1	276,341	207.668069737009	NA	NA	NA	NA	NA	NA	23082
HIP14079	TRBV24-1	ap01	ap01	ap01	0.48,0.52	1	128,180	90.1405124882281	NA	NA	NA	NA	NA	NA	23082
HIP14079	TRBV15	ap02	ap02	ap02	0.48,0.52	1	124,181	85.4534961327426	NA	NA	NA	NA	NA	NA	23082
HIP14079	TRBV18	ap01	ap01	ap01	0.48,0.52	1	204,230	159.716291397056	NA	NA	NA	NA	NA	NA	23082
HIP14079	TRBV12-1	ap01	ap01	ap01	0.48,0.52	1	18,24	13.046506098325	NA	NA	NA	NA	NA	NA	23082
HIP14079	TRBV5-5	ap01	ap01	ap01	0.48,0.52	1	36,63	21.8587661433025	NA	NA	NA	NA	NA	NA	23082
HIP14079	TRBV23-1	ap01	ap01	ap01	0.48,0.52	1	47,75	30.5843858350962	NA	NA	NA	NA	NA	NA	23082
HIP14079	TRBV11-3	ap01	ap01	ap01	0.48,0.52	1	42,96	19.1505247538316	NA	NA	NA	NA	NA	NA	23082
HIP14079	TRBV10-2	ap01	ap01	ap01	0.48,0.52	1	30,84	9.32372174072228	NA	NA	NA	NA	NA	NA	23082
HIP14079	TRBV7-8	ap01,ap03	ap01,ap03	ap01,ap03	0.48,0.52	0.63,0.37	79,87	30.6647899231878	60,38	27.4465940683665	NA	NA	NA	NA	23082
HIP14079	TRBV5-8	ap01	ap01	ap01	0.48,0.52	1	46,58	34.2820147075744	NA	NA	NA	NA	NA	NA	23082
HIP14079	TRBV10-1	ap01	ap01	ap01	0.48,0.52	1	89,163	51.9931751507131	NA	NA	NA	NA	NA	NA	23082
HIP14079	TRBV5-4	ap01	ap01	ap01	0.48,0.52	1	310,299	38.5966053014738	NA	NA	NA	NA	NA	NA	23082
HIP14079	TRBV6-7	ap01	ap01	ap01	0.48,0.52	1	17,21	12.7921719876789	NA	NA	NA	NA	NA	NA	23082
HIP14079	TRBV7-6	ap01	ap01	ap01	0.48,0.52	1	164,124	149.549688008692	NA	NA	NA	NA	NA	NA	23082
HIP14079	TRBV7-1	ap01_G291C_T296C	ap01_G291C_T296C	ap01_G291C_T296C	0.48,0.52	1	5,4	4.91033865144837	NA	NA	NA	NA	NA	NA	23082
HIP14079	TRBV7-7	ap01	ap01_C315T	ap01,ap01_C315T	0.48,0.52	0.45,0.55	52,2	11.5625532617045	9,58	9.59655330414684	NA	NA	NA	NA	23082
HIP14079	TRBV6-8	ap01	ap01	ap01	0.48,0.52	1	11,13	8.44333662157056	NA	NA	NA	NA	NA	NA	23082
HIP14079	TRBV12-2	ap01	ap01	ap01	0.48,0.52	1	31,48	20.5870955900719	NA	NA	NA	NA	NA	NA	23082
HIP14079	TRBV11-1	ap01	ap01	ap01	0.48,0.52	1	41,51	30.7520795925585	NA	NA	NA	NA	NA	NA	23082
HIP14079	TRBV7-4	ap01	ap01	ap01	0.48,0.52	1	21,26	15.7854899218255	NA	NA	NA	NA	NA	NA	23082
HIP14079	TRBV5-3	ap01	ap01	ap01	0.48,0.52	1	41,50	31.0343626627817	NA	NA	NA	NA	NA	NA	23082
HIP14079	TRBV6-9	ap01	ap01	ap01	0.48,0.52	1	8,8	10.4141906776096	NA	NA	NA	NA	NA	NA	23082
HIP14079	TRBV5-7	Unk	ap01	ap01	0.48,0.52	1	2,8	0.0558979191541174	NA	NA	NA	NA	NA	NA	23082
HIP14079	TRBV16	ap01	ap01	ap01	0.48,0.52	1	2,3	1.35551743196172	NA	NA	NA	NA	NA	NA	23082
HIP14079	TRBV17	Unk	Unk	NA	NA	NA	NA	NA	NA	NA	NA	NA	NA	NA	23082
HIP14079	TRBV26	Unk	Unk	NA	NA	NA	NA	NA	NA	NA	NA	NA	NA	NA	23082
