subject	gene	TRBD2_01	TRBD2_02	alleles	proirs_row	proirs_col	counts1	k1	counts2	k2	counts3	k3	counts4	k4	TOTAL
HIP08890	TRBV4-3	ap01	Del	ap01	0.46,0.54	1	210,9	51.939476956722	NA	NA	NA	NA	NA	NA	15956
HIP08890	TRBV19	ap01	ap01	ap01	0.46,0.54	1	248,316	184.93565092735	NA	NA	NA	NA	NA	NA	15956
HIP08890	TRBV25-1	ap01	ap01	ap01	0.46,0.54	1	43,66	29.1131853464946	NA	NA	NA	NA	NA	NA	15956
HIP08890	TRBV2	ap01	ap01	ap01	0.46,0.54	1	300,309	243.00631047292	NA	NA	NA	NA	NA	NA	15956
HIP08890	TRBV6-4	ap01	ap01	ap01	0.46,0.54	1	97,113	75.1245533418394	NA	NA	NA	NA	NA	NA	15956
HIP08890	TRBV11-2	ap01	ap01	ap01	0.46,0.54	1	122,211	76.3467416318292	NA	NA	NA	NA	NA	NA	15956
HIP08890	TRBV5-1	ap01	ap01	ap01	0.46,0.54	1	494,748	33.7158034386682	NA	NA	NA	NA	NA	NA	15956
HIP08890	TRBV6-56	ap01,ap02	ap01,ap02	ap01,ap02	0.46,0.54	0.66,0.34	174,204	64.8690592287192	99,98	85.6984094168428	NA	NA	NA	NA	15956
HIP08890	TRBV24-1	ap01	ap01	ap01	0.46,0.54	1	126,152	96.2106135669478	NA	NA	NA	NA	NA	NA	15956
HIP08890	TRBV20-1	ap01,ap02	ap01,ap02	ap01,ap02	0.46,0.54	0.87,0.13	333,451	108.746148538962	56,66	20.7897500535078	NA	NA	NA	NA	15956
HIP08890	TRBV11-3	ap01	ap01	ap01	0.46,0.54	1	66,85	48.9788650423336	NA	NA	NA	NA	NA	NA	15956
HIP08890	TRBV6-23	ap01	ap01	ap01	0.46,0.54	1	348,102	54.7852719824083	NA	NA	NA	NA	NA	NA	15956
HIP08890	TRBV12-34	ap01	ap01	ap01	0.46,0.54	1	382,424	301.384776791888	NA	NA	NA	NA	NA	NA	15956
HIP08890	TRBV6-1	ap01	ap01	ap01	0.46,0.54	1	130,170	95.7951499467442	NA	NA	NA	NA	NA	NA	15956
HIP08890	TRBV3-12	ap01	ap01	ap01	0.46,0.54	1	383,366	47.0708161979276	NA	NA	NA	NA	NA	NA	15956
HIP08890	TRBV28	Del	ap01	ap01	0.46,0.54	1	137,593	8.04048112768474	NA	NA	NA	NA	NA	NA	15956
HIP08890	TRBV10-1	ap01	ap01	ap01	0.46,0.54	1	48,114	21.8779719685037	NA	NA	NA	NA	NA	NA	15956
HIP08890	TRBV10-3	ap01	ap01	ap01	0.46,0.54	1	84,112	61.3311504395656	NA	NA	NA	NA	NA	NA	15956
HIP08890	TRBV7-2	ap01	ap01	ap01	0.46,0.54	1	431,166	132.019845262002	NA	NA	NA	NA	NA	NA	15956
HIP08890	TRBV7-9	ap01	ap01	ap01	0.46,0.54	1	197,236	150.859296948313	NA	NA	NA	NA	NA	NA	15956
HIP08890	TRBV5-5	ap01	ap01	ap01	0.46,0.54	1	80,67	83.0368598928931	NA	NA	NA	NA	NA	NA	15956
HIP08890	TRBV5-4	ap01	ap01	ap01	0.46,0.54	1	234,243	189.023453540312	NA	NA	NA	NA	NA	NA	15956
HIP08890	TRBV13	ap01	ap01	ap01	0.46,0.54	1	35,55	23.3599127312776	NA	NA	NA	NA	NA	NA	15956
HIP08890	TRBV4-2	ap01	ap01	ap01	0.46,0.54	1	209,132	147.322981543856	NA	NA	NA	NA	NA	NA	15956
HIP08890	TRBV27	ap01	ap01	ap01	0.46,0.54	1	226,496	113.741030449705	NA	NA	NA	NA	NA	NA	15956
HIP08890	TRBV10-2	ap01	ap01	ap01	0.46,0.54	1	23,69	6.69727998459083	NA	NA	NA	NA	NA	NA	15956
HIP08890	TRBV4-1	ap01	ap01	ap01	0.46,0.54	1	124,175	87.9905695618507	NA	NA	NA	NA	NA	NA	15956
HIP08890	TRBV29-1	ap01,ap02	ap01,ap02	ap01,ap02	0.46,0.54	0.82,0.18	86,138	22.6132301459447	19,30	5.1200806746685	NA	NA	NA	NA	15956
HIP08890	TRBV9	ap01	ap01	ap01	0.46,0.54	1	405,342	42.4923168952304	NA	NA	NA	NA	NA	NA	15956
HIP08890	TRBV7-8	ap01,ap03	ap02,ap03	ap01,ap02,ap03	0.46,0.54	0.22,0.54,0.24	55,1	14.4277214646052	21,113	14.6352397581211	43,16	6.38530735777467	NA	NA	15956
HIP08890	TRBV5-6	ap01	ap01	ap01	0.46,0.54	1	42,49	32.5091511793575	NA	NA	NA	NA	NA	NA	15956
HIP08890	TRBV15	ap02	ap02	ap02	0.46,0.54	1	96,104	76.4135752209026	NA	NA	NA	NA	NA	NA	15956
HIP08890	TRBV7-6	ap01	ap01	ap01	0.46,0.54	1	97,124	72.2275054053648	NA	NA	NA	NA	NA	NA	15956
HIP08890	TRBV7-3	ap01	ap01	ap01	0.46,0.54	1	251,244	315.177591058421	NA	NA	NA	NA	NA	NA	15956
HIP08890	TRBV12-5	ap01	ap01	ap01	0.46,0.54	1	36,71	20.2273148926397	NA	NA	NA	NA	NA	NA	15956
HIP08890	TRBV6-9	ap01	ap01	ap01	0.46,0.54	1	10,12	7.6524847589149	NA	NA	NA	NA	NA	NA	15956
HIP08890	TRBV5-8	ap01	ap01	ap01	0.46,0.54	1	44,50	34.4083633230555	NA	NA	NA	NA	NA	NA	15956
HIP08890	TRBV21-1	ap01	ap01	ap01	0.46,0.54	1	89,138	59.8900329345238	NA	NA	NA	NA	NA	NA	15956
HIP08890	TRBV18	ap01	ap01	ap01	0.46,0.54	1	129,212	83.6524041203344	NA	NA	NA	NA	NA	NA	15956
HIP08890	TRBV7-7	ap01_C315T	ap01_C315T	ap01_C315T	0.46,0.54	1	34,52	23.0687266449911	NA	NA	NA	NA	NA	NA	15956
HIP08890	TRBV11-1	ap01	ap01	ap01	0.46,0.54	1	42,41	53.0159720524441	NA	NA	NA	NA	NA	NA	15956
HIP08890	TRBV14	ap01	ap01	ap01	0.46,0.54	1	56,88	37.3758603700442	NA	NA	NA	NA	NA	NA	15956
HIP08890	TRBV6-8	Unk	ap01	ap01	0.46,0.54	1	2,9	0.207731810101771	NA	NA	NA	NA	NA	NA	15956
HIP08890	TRBV16	ap01	ap01	ap01	0.46,0.54	1	6,2	1.3349915578481	NA	NA	NA	NA	NA	NA	15956
HIP08890	TRBV12-1	ap01	ap01	ap01	0.46,0.54	1	17,13	15.6437437996457	NA	NA	NA	NA	NA	NA	15956
HIP08890	TRBV12-2	ap01	ap01_G301A	ap01,ap01_G301A	0.46,0.54	0.43,0.57	19,1	4.22433003271454	3,23	3.83369796520784	NA	NA	NA	NA	15956
HIP08890	TRBV1	ap01	ap01	ap01	0.46,0.54	1	23,37	15.1250557997896	NA	NA	NA	NA	NA	NA	15956
HIP08890	TRBV5-3	ap01	ap01	ap01	0.46,0.54	1	27,31	21.0304240409852	NA	NA	NA	NA	NA	NA	15956
HIP08890	TRBV30	ap01	ap01	ap01	0.46,0.54	1	212,239	166.28854400006	NA	NA	NA	NA	NA	NA	15956
HIP08890	TRBV5-7	ap01	Unk	ap01	0.46,0.54	1	2,0	0.633299879421185	NA	NA	NA	NA	NA	NA	15956
HIP08890	TRBV23-1	ap01	ap01	ap01	0.46,0.54	1	32,49	21.6962504897431	NA	NA	NA	NA	NA	NA	15956
HIP08890	TRBV6-7	ap01	ap01	ap01	0.46,0.54	1	8,10	6.01664060944194	NA	NA	NA	NA	NA	NA	15956
HIP08890	TRBV7-4	ap01	ap01	ap01	0.46,0.54	1	6,15	2.53722050039423	NA	NA	NA	NA	NA	NA	15956
HIP08890	TRBV7-1	ap01_T296C_C314T	ap01_T296C	ap01_T296C,ap01_T296C_C314T	0.46,0.54	0.67,0.33	0,2	0.508360249930573	1,0	0.28342753977474	NA	NA	NA	NA	15956
HIP08890	TRBV17	Unk	Unk	NA	NA	NA	NA	NA	NA	NA	NA	NA	NA	NA	15956
HIP08890	TRBV26	Unk	Unk	NA	NA	NA	NA	NA	NA	NA	NA	NA	NA	NA	15956
