subject	gene	TRBD2_01	TRBD2_02	alleles	proirs_row	proirs_col	counts1	k1	counts2	k2	counts3	k3	counts4	k4	TOTAL
Keck0065_MC1	TRBV13	ap01	ap01	ap01	0.45,0.55	1	59,47	57.1322634272453	NA	NA	NA	NA	NA	NA	12514
Keck0065_MC1	TRBV20-1	ap01,ap02	ap01,ap02	ap01,ap02	0.45,0.55	0.86,0.14	192,268	61.413935861663	30,43	9.32123800367223	NA	NA	NA	NA	12514
Keck0065_MC1	TRBV15	ap02	ap02	ap02	0.45,0.55	1	66,67	53.6410857100005	NA	NA	NA	NA	NA	NA	12514
Keck0065_MC1	TRBV3-12	ap01	ap01	ap01	0.45,0.55	1	328,335	266.066520269289	NA	NA	NA	NA	NA	NA	12514
Keck0065_MC1	TRBV30	Unk	ap01	ap01	0.45,0.55	1	50,214	0.643381586053977	NA	NA	NA	NA	NA	NA	12514
Keck0065_MC1	TRBV6-4	ap01	ap01	ap01	0.45,0.55	1	138,139	112.434501668594	NA	NA	NA	NA	NA	NA	12514
Keck0065_MC1	TRBV9	ap01	ap01	ap01	0.45,0.55	1	291,326	228.77262734447	NA	NA	NA	NA	NA	NA	12514
Keck0065_MC1	TRBV10-3	ap01	ap01	ap01	0.45,0.55	1	101,137	73.3704563128063	NA	NA	NA	NA	NA	NA	12514
Keck0065_MC1	TRBV6-1	ap01	ap01	ap01	0.45,0.55	1	118,99	122.404200222345	NA	NA	NA	NA	NA	NA	12514
Keck0065_MC1	TRBV5-1	ap01	ap01	ap01	0.45,0.55	1	407,551	295.931550916167	NA	NA	NA	NA	NA	NA	12514
Keck0065_MC1	TRBV12-1	ap01	ap01	ap01	0.45,0.55	1	5,19	0.542571246298168	NA	NA	NA	NA	NA	NA	12514
Keck0065_MC1	TRBV12-34	ap01	ap01	ap01	0.45,0.55	1	248,313	186.073525252349	NA	NA	NA	NA	NA	NA	12514
Keck0065_MC1	TRBV27	ap01	ap01	ap01	0.45,0.55	1	238,341	168.298374124905	NA	NA	NA	NA	NA	NA	12514
Keck0065_MC1	TRBV29-1	ap01,ap02	ap01,ap02	ap01,ap02	0.45,0.55	0.88,0.12	97,127	33.076829556207	13,18	4.19384313550359	NA	NA	NA	NA	12514
Keck0065_MC1	TRBV14	ap01	ap01	ap01	0.45,0.55	1	45,85	26.630728225728	NA	NA	NA	NA	NA	NA	12514
Keck0065_MC1	TRBV6-56	ap01,ap02	ap01,ap02	ap01,ap02	0.45,0.55	0.69,0.31	130,160	46.8217997943712	62,68	24.3588729459625	NA	NA	NA	NA	12514
Keck0065_MC1	TRBV25-1	ap01	ap01	ap01	0.45,0.55	1	51,57	40.1280627917445	NA	NA	NA	NA	NA	NA	12514
Keck0065_MC1	TRBV24-1	ap01	ap01	ap01	0.45,0.55	1	180,197	142.684598278416	NA	NA	NA	NA	NA	NA	12514
Keck0065_MC1	TRBV12-2	ap01	ap01	ap01	0.45,0.55	1	10,24	4.6254473545338	NA	NA	NA	NA	NA	NA	12514
Keck0065_MC1	TRBV2	ap01	ap01	ap01	0.45,0.55	1	245,197	240.224092956284	NA	NA	NA	NA	NA	NA	12514
Keck0065_MC1	TRBV28	ap01	ap01	ap01	0.45,0.55	1	268,390	187.990931318832	NA	NA	NA	NA	NA	NA	12514
Keck0065_MC1	TRBV18	ap01	ap01	ap01	0.45,0.55	1	90,129	63.6294921185585	NA	NA	NA	NA	NA	NA	12514
Keck0065_MC1	TRBV4-2	ap01	ap01	ap01	0.45,0.55	1	128,111	138.654557622046	NA	NA	NA	NA	NA	NA	12514
Keck0065_MC1	TRBV6-23	ap01	ap01	ap01	0.45,0.55	1	89,73	89.6039888906378	NA	NA	NA	NA	NA	NA	12514
Keck0065_MC1	TRBV5-6	ap01	ap01	ap01	0.45,0.55	1	91,132	63.9403095027859	NA	NA	NA	NA	NA	NA	12514
Keck0065_MC1	TRBV4-1	ap01	ap01	ap01	0.45,0.55	1	251,234	298.486760668519	NA	NA	NA	NA	NA	NA	12514
Keck0065_MC1	TRBV19	ap01	ap01	ap01	0.45,0.55	1	222,307	159.784991115327	NA	NA	NA	NA	NA	NA	12514
Keck0065_MC1	TRBV7-9	ap01	ap01	ap01	0.45,0.55	1	143,219	97.5514588735928	NA	NA	NA	NA	NA	NA	12514
Keck0065_MC1	TRBV5-4	ap01	ap01	ap01	0.45,0.55	1	179,176	227.71753212009	NA	NA	NA	NA	NA	NA	12514
Keck0065_MC1	TRBV7-7	ap01_C315T	ap01	ap01,ap01_C315T	0.45,0.55	0.57,0.43	5,29	3.77747087899575	25,1	6.16819101977632	NA	NA	NA	NA	12514
Keck0065_MC1	TRBV7-8	ap01,ap03	ap01,ap03	ap01,ap03	0.45,0.55	0.62,0.38	35,50	10.9154724079454	28,24	19.8796427648232	NA	NA	NA	NA	12514
Keck0065_MC1	TRBV7-6	ap01	ap01	ap01	0.45,0.55	1	75,82	59.4729891925658	NA	NA	NA	NA	NA	NA	12514
Keck0065_MC1	TRBV1	ap01	ap01	ap01	0.45,0.55	1	37,30	36.6840630794708	NA	NA	NA	NA	NA	NA	12514
Keck0065_MC1	TRBV11-3	ap01	ap01	ap01	0.45,0.55	1	122,119	153.648950220505	NA	NA	NA	NA	NA	NA	12514
Keck0065_MC1	TRBV6-7	ap01	ap01	ap01	0.45,0.55	1	7,13	4.19875303927097	NA	NA	NA	NA	NA	NA	12514
Keck0065_MC1	TRBV7-3	ap01	ap01	ap01	0.45,0.55	1	134,190	95.2598602529651	NA	NA	NA	NA	NA	NA	12514
Keck0065_MC1	TRBV11-2	ap01	ap01	ap01	0.45,0.55	1	137,156	107.06610591017	NA	NA	NA	NA	NA	NA	12514
Keck0065_MC1	TRBV10-2	ap01	ap01	ap01	0.45,0.55	1	34,57	21.9473424056765	NA	NA	NA	NA	NA	NA	12514
Keck0065_MC1	TRBV7-2	ap01	ap01	ap01	0.45,0.55	1	106,113	84.7868210636267	NA	NA	NA	NA	NA	NA	12514
Keck0065_MC1	TRBV21-1	ap01	ap01	ap01	0.45,0.55	1	54,121	27.152174415387	NA	NA	NA	NA	NA	NA	12514
Keck0065_MC1	TRBV5-3	ap01	ap01	ap01	0.45,0.55	1	15,29	8.70832346276944	NA	NA	NA	NA	NA	NA	12514
Keck0065_MC1	TRBV11-1	ap01	ap01	ap01	0.45,0.55	1	16,24	11.0421721966755	NA	NA	NA	NA	NA	NA	12514
Keck0065_MC1	TRBV10-1	ap01	ap01	ap01	0.45,0.55	1	63,85	45.880902752153	NA	NA	NA	NA	NA	NA	12514
Keck0065_MC1	TRBV16	Unk	ap01	ap01	0.45,0.55	1	1,5	0.194940453192149	NA	NA	NA	NA	NA	NA	12514
Keck0065_MC1	TRBV23-1	ap01	ap01	ap01	0.45,0.55	1	17,34	9.58283714993423	NA	NA	NA	NA	NA	NA	12514
Keck0065_MC1	TRBV6-8	Unk	ap01	ap01	0.45,0.55	1	1,6	0.447819371901968	NA	NA	NA	NA	NA	NA	12514
Keck0065_MC1	TRBV12-5	ap01	ap01	ap01	0.45,0.55	1	61,57	72.7546384263248	NA	NA	NA	NA	NA	NA	12514
Keck0065_MC1	TRBV5-8	ap01	ap01	ap01	0.45,0.55	1	15,26	9.46696021889889	NA	NA	NA	NA	NA	NA	12514
Keck0065_MC1	TRBV5-5	ap01	ap01	ap01	0.45,0.55	1	23,38	14.9880463172366	NA	NA	NA	NA	NA	NA	12514
Keck0065_MC1	TRBV7-1	ap01_G291C_T296C	ap01_G291C_T296C_C314T	ap01_G291C_T296C,ap01_G291C_T296C_C314T	0.45,0.55	0.46,0.54	6,0	1.76135902698729	0,7	1.70917895376738	NA	NA	NA	NA	12514
Keck0065_MC1	TRBV7-4	ap01	ap01	ap01	0.45,0.55	1	7,10	4.95738979540043	NA	NA	NA	NA	NA	NA	12514
Keck0065_MC1	TRBV5-7	ap01	ap01	ap01	0.45,0.55	1	2,8	0.11587693103534	NA	NA	NA	NA	NA	NA	12514
Keck0065_MC1	TRBV6-9	ap01	Unk	ap01	0.45,0.55	1	6,0	1.97091520989055	NA	NA	NA	NA	NA	NA	12514
Keck0065_MC1	TRBV17	Unk	Unk	NA	NA	NA	NA	NA	NA	NA	NA	NA	NA	NA	12514
Keck0065_MC1	TRBV26	Unk	Unk	NA	NA	NA	NA	NA	NA	NA	NA	NA	NA	NA	12514
Keck0065_MC1	TRBV4-3	Del	Del	Del	NA	NA	NA	1000	NA	NA	NA	NA	NA	NA	12514
