subject	gene	TRBD2_01	TRBD2_02	alleles	proirs_row	proirs_col	counts1	k1	counts2	k2	counts3	k3	counts4	k4	TOTAL
HIP13956	TRBV24-1	ap01	ap01	ap01	0.46,0.54	1	147,258	91.4169313150208	NA	NA	NA	NA	NA	NA	14523
HIP13956	TRBV10-3	ap01	ap01	ap01	0.46,0.54	1	160,162	130.271022026631	NA	NA	NA	NA	NA	NA	14523
HIP13956	TRBV7-6	ap01	ap01	ap01	0.46,0.54	1	100,105	80.4482595955024	NA	NA	NA	NA	NA	NA	14523
HIP13956	TRBV5-1	ap01	ap01	ap01	0.46,0.54	1	490,413	51.226711094621	NA	NA	NA	NA	NA	NA	14523
HIP13956	TRBV27	ap01	ap01	ap01	0.46,0.54	1	189,338	115.908257080065	NA	NA	NA	NA	NA	NA	14523
HIP13956	TRBV21-1	ap01	ap01	ap01	0.46,0.54	1	62,110	38.2502676734034	NA	NA	NA	NA	NA	NA	14523
HIP13956	TRBV25-1	ap01	ap01	ap01	0.46,0.54	1	49,82	31.5081815542252	NA	NA	NA	NA	NA	NA	14523
HIP13956	TRBV6-1	ap01	ap01	ap01	0.46,0.54	1	99,100	80.6666997264837	NA	NA	NA	NA	NA	NA	14523
HIP13956	TRBV3-12	ap01	ap01	ap01	0.46,0.54	1	275,270	34.9474527274345	NA	NA	NA	NA	NA	NA	14523
HIP13956	TRBV6-23	ap01	ap01	ap01	0.46,0.54	1	446,511	34.7741313633869	NA	NA	NA	NA	NA	NA	14523
HIP13956	TRBV19	ap01	ap01	ap01	0.46,0.54	1	261,324	197.034516984648	NA	NA	NA	NA	NA	NA	14523
HIP13956	TRBV5-4	ap01	ap01	ap01	0.46,0.54	1	224,215	276.671611026978	NA	NA	NA	NA	NA	NA	14523
HIP13956	TRBV4-3	ap01	ap01	ap01	0.46,0.54	1	247,210	261.166933330094	NA	NA	NA	NA	NA	NA	14523
HIP13956	TRBV4-2	ap01	ap01	ap01	0.46,0.54	1	204,193	247.421828030112	NA	NA	NA	NA	NA	NA	14523
HIP13956	TRBV6-56	ap01,ap02	ap01,ap02	ap01,ap02	0.46,0.54	0.73,0.27	114,199	26.2486888196257	51,64	17.9989506924557	NA	NA	NA	NA	14523
HIP13956	TRBV2	ap01	ap01	ap01	0.46,0.54	1	208,202	260.732275370709	NA	NA	NA	NA	NA	NA	14523
HIP13956	TRBV9	ap01	ap01	ap01	0.46,0.54	1	166,299	101.250828890822	NA	NA	NA	NA	NA	NA	14523
HIP13956	TRBV12-34	ap01	ap01	ap01	0.46,0.54	1	349,389	274.924702572502	NA	NA	NA	NA	NA	NA	14523
HIP13956	TRBV7-2	ap01	ap01	ap01	0.46,0.54	1	463,396	49.3377345729472	NA	NA	NA	NA	NA	NA	14523
HIP13956	TRBV7-9	ap01	ap01	ap01	0.46,0.54	1	189,215	147.761293893526	NA	NA	NA	NA	NA	NA	14523
HIP13956	TRBV5-8	ap01	ap01	ap01	0.46,0.54	1	25,28	19.6588712856759	NA	NA	NA	NA	NA	NA	14523
HIP13956	TRBV4-1	ap01	ap01	ap01	0.46,0.54	1	165,162	209.684716364607	NA	NA	NA	NA	NA	NA	14523
HIP13956	TRBV28	Del	ap01	ap01	0.46,0.54	1	107,481	9.38883395055549	NA	NA	NA	NA	NA	NA	14523
HIP13956	TRBV5-5	ap01	ap01	ap01	0.46,0.54	1	18,18	23.4054822332221	NA	NA	NA	NA	NA	NA	14523
HIP13956	TRBV10-1	ap01	ap01	ap01	0.46,0.54	1	86,72	89.1203515057273	NA	NA	NA	NA	NA	NA	14523
HIP13956	TRBV7-3	ap03	ap01	ap01,ap03	0.46,0.54	0.83,0.17	18,146	24.4980885082833	30,4	3.96862125206652	NA	NA	NA	NA	14523
HIP13956	TRBV5-6	ap01	ap01	ap01	0.46,0.54	1	106,108	86.1297488418376	NA	NA	NA	NA	NA	NA	14523
HIP13956	TRBV7-8	ap01,ap03	ap01,ap03	ap01,ap03	0.46,0.54	0.6,0.4	51,66	17.4989876716783	38,40	15.3324093801117	NA	NA	NA	NA	14523
HIP13956	TRBV29-1	ap01,ap02	ap01,ap02	ap01,ap02	0.46,0.54	0.86,0.14	100,182	21.1656540452012	16,30	3.1665209180901	NA	NA	NA	NA	14523
HIP13956	TRBV18	ap01	ap01	ap01	0.46,0.54	1	118,150	88.1698872915438	NA	NA	NA	NA	NA	NA	14523
HIP13956	TRBV11-2	ap01	ap01	ap01	0.46,0.54	1	108,72	82.0464441201883	NA	NA	NA	NA	NA	NA	14523
HIP13956	TRBV30	ap02	ap01	ap01,ap02	0.46,0.54	0.58,0.42	30,217	34.247301073569	174,6	43.0558628683978	NA	NA	NA	NA	14523
HIP13956	TRBV12-2	ap01	ap01	ap01	0.46,0.54	1	18,28	12.1240799385523	NA	NA	NA	NA	NA	NA	14523
HIP13956	TRBV14	ap01	ap01	ap01	0.46,0.54	1	64,84	47.1362274544049	NA	NA	NA	NA	NA	NA	14523
HIP13956	TRBV6-7	ap01	ap01	ap01	0.46,0.54	1	5,16	1.23850935583442	NA	NA	NA	NA	NA	NA	14523
HIP13956	TRBV12-5	ap01	ap01	ap01	0.46,0.54	1	42,24	25.4195672379461	NA	NA	NA	NA	NA	NA	14523
HIP13956	TRBV20-1	ap01,ap02	ap01,ap02	ap01,ap02	0.46,0.54	0.86,0.14	338,378	130.82552567657	42,71	10.2494741154992	NA	NA	NA	NA	14523
HIP13956	TRBV23-1	ap01	ap01	ap01	0.46,0.54	1	24,28	18.5824725218011	NA	NA	NA	NA	NA	NA	14523
HIP13956	TRBV10-2	ap01	ap01	ap01	0.46,0.54	1	48,24	23.4903197691627	NA	NA	NA	NA	NA	NA	14523
HIP13956	TRBV11-3	ap01	ap01	ap01	0.46,0.54	1	33,28	34.8008216943594	NA	NA	NA	NA	NA	NA	14523
HIP13956	TRBV7-7	ap01	ap01	ap01	0.46,0.54	1	42,39	49.7472544375895	NA	NA	NA	NA	NA	NA	14523
HIP13956	TRBV1	ap01	ap01	ap01	0.46,0.54	1	31,28	35.4439041839538	NA	NA	NA	NA	NA	NA	14523
HIP13956	TRBV7-4	ap01	ap01	ap01	0.46,0.54	1	6,11	3.60974701456537	NA	NA	NA	NA	NA	NA	14523
HIP13956	TRBV15	ap02	ap02	ap02	0.46,0.54	1	59,67	46.1566858775417	NA	NA	NA	NA	NA	NA	14523
HIP13956	TRBV6-9	Unk	ap01	ap01	0.46,0.54	1	2,11	0.695848040933877	NA	NA	NA	NA	NA	NA	14523
HIP13956	TRBV13	ap01	ap01	ap01	0.46,0.54	1	43,43	55.9130964460306	NA	NA	NA	NA	NA	NA	14523
HIP13956	TRBV6-4	ap01	ap01	ap01	0.46,0.54	1	75,119	49.9127415930349	NA	NA	NA	NA	NA	NA	14523
HIP13956	TRBV7-1	ap01,ap01_G291C_T296C_C314T	ap01_G291C_T296C_C314T	ap01,ap01_G291C_T296C_C314T	0.46,0.54	0.1,0.9	1,0	0.287619620079829	6,3	1.76925779226729	NA	NA	NA	NA	14523
HIP13956	TRBV5-3	ap01	ap01	ap01	0.46,0.54	1	17,27	11.3066489536487	NA	NA	NA	NA	NA	NA	14523
HIP13956	TRBV11-1	ap01	ap01	ap01	0.46,0.54	1	14,21	9.6312593358516	NA	NA	NA	NA	NA	NA	14523
HIP13956	TRBV5-7	ap01	ap01	ap01	0.46,0.54	1	4,5	3.01075616064311	NA	NA	NA	NA	NA	NA	14523
HIP13956	TRBV12-1	ap01	ap01	ap01	0.46,0.54	1	5,15	1.49747713480565	NA	NA	NA	NA	NA	NA	14523
HIP13956	TRBV6-8	ap01	ap01	ap01	0.46,0.54	1	6,5	6.17998159776447	NA	NA	NA	NA	NA	NA	14523
HIP13956	TRBV16	ap01	ap01	ap01	0.46,0.54	1	2,1	0.978763323715114	NA	NA	NA	NA	NA	NA	14523
HIP13956	TRBV17	Unk	Unk	NA	NA	NA	NA	NA	NA	NA	NA	NA	NA	NA	14523
HIP13956	TRBV26	Unk	Unk	NA	NA	NA	NA	NA	NA	NA	NA	NA	NA	NA	14523
