subject	gene	TRBD2_01	TRBD2_02	alleles	proirs_row	proirs_col	counts1	k1	counts2	k2	counts3	k3	counts4	k4	TOTAL
HIP13625	TRBV30	ap01	ap01	ap01	0.45,0.55	1	214,255	164.347648517317	NA	NA	NA	NA	NA	NA	7559
HIP13625	TRBV11-3	ap01	ap01	ap01	0.45,0.55	1	50,65	37.0099185029994	NA	NA	NA	NA	NA	NA	7559
HIP13625	TRBV9	ap01	ap01	ap01	0.45,0.55	1	230,238	185.877393941093	NA	NA	NA	NA	NA	NA	7559
HIP13625	TRBV29-1	ap01,ap02	ap01,ap02	ap01,ap02	0.45,0.55	0.85,0.15	74,120	19.448556305984	18,16	13.456883031533	NA	NA	NA	NA	7559
HIP13625	TRBV28	ap01	ap01	ap01	0.45,0.55	1	72,102	51.1417111992489	NA	NA	NA	NA	NA	NA	7559
HIP13625	TRBV5-6	ap01	ap01	ap01	0.45,0.55	1	49,59	37.4741351081573	NA	NA	NA	NA	NA	NA	7559
HIP13625	TRBV11-2	ap01	ap01	ap01	0.45,0.55	1	51,57	40.1333209729586	NA	NA	NA	NA	NA	NA	7559
HIP13625	TRBV5-4	ap01	ap01	ap01	0.45,0.55	1	68,72	54.5361286520735	NA	NA	NA	NA	NA	NA	7559
HIP13625	TRBV12-34	ap01	ap01	ap01	0.45,0.55	1	148,170	115.289549289066	NA	NA	NA	NA	NA	NA	7559
HIP13625	TRBV2	ap01	ap01	ap01	0.45,0.55	1	84,97	65.3030168504982	NA	NA	NA	NA	NA	NA	7559
HIP13625	TRBV7-8	ap01,ap03	ap01,ap03	ap01,ap03	0.45,0.55	0.65,0.35	14,18	4.84288360983434	6,11	1.26265095043344	NA	NA	NA	NA	7559
HIP13625	TRBV4-2	ap01	ap01	ap01	0.45,0.55	1	157,106	121.239762896028	NA	NA	NA	NA	NA	NA	7559
HIP13625	TRBV7-3	ap01	ap01	ap01	0.45,0.55	1	58,84	40.727682317336	NA	NA	NA	NA	NA	NA	7559
HIP13625	TRBV4-1	ap01	ap01	ap01	0.45,0.55	1	222,197	247.974912998921	NA	NA	NA	NA	NA	NA	7559
HIP13625	TRBV20-1	ap01_G314A	ap01,ap02	ap01,ap01_G314A,ap02	0.45,0.55	0.68,0.22,0.10	41,342	57.3852241323773	115,10	21.7021025946436	8,50	7.05776949660628	NA	NA	7559
HIP13625	TRBV7-6	ap01	ap01	ap01	0.45,0.55	1	44,36	44.201337536927	NA	NA	NA	NA	NA	NA	7559
HIP13625	TRBV19	ap01	ap01	ap01	0.45,0.55	1	122,178	85.3327861432278	NA	NA	NA	NA	NA	NA	7559
HIP13625	TRBV13	ap01	ap01	ap01	0.45,0.55	1	42,38	48.0996588740313	NA	NA	NA	NA	NA	NA	7559
HIP13625	TRBV15	ap02	ap02	ap02	0.45,0.55	1	29,55	17.0324805889165	NA	NA	NA	NA	NA	NA	7559
HIP13625	TRBV5-1	ap01	ap01	ap01	0.45,0.55	1	252,281	198.47163560515	NA	NA	NA	NA	NA	NA	7559
HIP13625	TRBV12-1	ap01	ap01	ap01	0.45,0.55	1	9,5	5.20132519984438	NA	NA	NA	NA	NA	NA	7559
HIP13625	TRBV7-7	ap01_C315T	ap01_C315T	ap01_C315T	0.45,0.55	1	16,22	11.5356637145212	NA	NA	NA	NA	NA	NA	7559
HIP13625	TRBV21-1	ap01	ap01	ap01	0.45,0.55	1	9,15	5.81613226283374	NA	NA	NA	NA	NA	NA	7559
HIP13625	TRBV1	ap01	ap01	ap01	0.45,0.55	1	36,52	25.314597094259	NA	NA	NA	NA	NA	NA	7559
HIP13625	TRBV7-9	ap01	ap01	ap01	0.45,0.55	1	88,132	60.6273068708461	NA	NA	NA	NA	NA	NA	7559
HIP13625	TRBV24-1	ap01	ap01	ap01	0.45,0.55	1	97,126	71.8248677463554	NA	NA	NA	NA	NA	NA	7559
HIP13625	TRBV18	ap01	ap01	ap01	0.45,0.55	1	69,109	46.127898380585	NA	NA	NA	NA	NA	NA	7559
HIP13625	TRBV27	ap01	ap01	ap01	0.45,0.55	1	71,90	53.1434788365998	NA	NA	NA	NA	NA	NA	7559
HIP13625	TRBV12-2	ap01	ap01	ap01	0.45,0.55	1	7,6	7.47509145003346	NA	NA	NA	NA	NA	NA	7559
HIP13625	TRBV7-2	ap01	ap01	ap01	0.45,0.55	1	51,55	40.6458379836896	NA	NA	NA	NA	NA	NA	7559
HIP13625	TRBV5-3	ap01	ap01	ap01	0.45,0.55	1	16,23	11.2794052091557	NA	NA	NA	NA	NA	NA	7559
HIP13625	TRBV25-1	ap01	ap01	ap01	0.45,0.55	1	132,158	101.191300520889	NA	NA	NA	NA	NA	NA	7559
HIP13625	TRBV6-23	ap01	ap01	ap01	0.45,0.55	1	56,71	41.9123740330173	NA	NA	NA	NA	NA	NA	7559
HIP13625	TRBV6-56	ap01,ap02	ap01,ap02	ap01,ap02	0.45,0.55	0.73,0.27	136,123	104.13911413057	53,42	33.6554238535451	NA	NA	NA	NA	7559
HIP13625	TRBV11-1	ap01	ap01	ap01	0.45,0.55	1	7,8	5.46327294632197	NA	NA	NA	NA	NA	NA	7559
HIP13625	TRBV6-1	ap01	ap01	ap01	0.45,0.55	1	93,81	101.400642947907	NA	NA	NA	NA	NA	NA	7559
HIP13625	TRBV14	ap01	ap01	ap01	0.45,0.55	1	39,58	26.9970493431714	NA	NA	NA	NA	NA	NA	7559
HIP13625	TRBV12-5	ap01	ap01	ap01	0.45,0.55	1	21,22	16.9023358496969	NA	NA	NA	NA	NA	NA	7559
HIP13625	TRBV10-1	ap01	ap01	ap01	0.45,0.55	1	20,34	12.7538993582757	NA	NA	NA	NA	NA	NA	7559
HIP13625	TRBV6-7	ap01	ap01	ap01	0.45,0.55	1	8,16	4.48653933043309	NA	NA	NA	NA	NA	NA	7559
HIP13625	TRBV23-1	ap01	ap01	ap01	0.45,0.55	1	8,15	4.74279783579859	NA	NA	NA	NA	NA	NA	7559
HIP13625	TRBV6-9	ap01	ap01	ap01	0.45,0.55	1	6,6	7.79969703167036	NA	NA	NA	NA	NA	NA	7559
HIP13625	TRBV7-1	Unk	ap01	ap01	0.45,0.55	1	0,1	0.256258505365503	NA	NA	NA	NA	NA	NA	7559
HIP13625	TRBV6-8	ap01	ap01	ap01	0.45,0.55	1	4,4	5.19979802111357	NA	NA	NA	NA	NA	NA	7559
HIP13625	TRBV3-12	ap01	ap01	ap01	0.45,0.55	1	77,83	61.3772949363692	NA	NA	NA	NA	NA	NA	7559
HIP13625	TRBV5-5	ap01	ap01	ap01	0.45,0.55	1	14,14	18.1992930738975	NA	NA	NA	NA	NA	NA	7559
HIP13625	TRBV10-2	ap01	ap01	ap01	0.45,0.55	1	25,18	21.1268520235528	NA	NA	NA	NA	NA	NA	7559
HIP13625	TRBV7-4	ap01	ap01	ap01	0.45,0.55	1	2,8	0.0966008111462608	NA	NA	NA	NA	NA	NA	7559
HIP13625	TRBV5-8	ap01	ap01	ap01	0.45,0.55	1	3,8	1.1699352381814	NA	NA	NA	NA	NA	NA	7559
HIP13625	TRBV10-3	ap01	ap01	ap01	0.45,0.55	1	30,39	22.2059511017997	NA	NA	NA	NA	NA	NA	7559
HIP13625	TRBV6-4	ap01	ap01	ap01	0.45,0.55	1	40,41	32.4267783614201	NA	NA	NA	NA	NA	NA	7559
HIP13625	TRBV5-7	ap01	ap01	ap01	0.45,0.55	1	2,2	2.59989901055679	NA	NA	NA	NA	NA	NA	7559
HIP13625	TRBV16	ap01	ap01	ap01	0.45,0.55	1	1,1	1.29994950527839	NA	NA	NA	NA	NA	NA	7559
HIP13625	TRBV17	Unk	Unk	NA	NA	NA	NA	NA	NA	NA	NA	NA	NA	NA	7559
HIP13625	TRBV26	Unk	Unk	NA	NA	NA	NA	NA	NA	NA	NA	NA	NA	NA	7559
HIP13625	TRBV4-3	Del	Del	Del	NA	NA	NA	1000	NA	NA	NA	NA	NA	NA	7559
