subject	gene	TRBD2_01	TRBD2_02	alleles	proirs_row	proirs_col	counts1	k1	counts2	k2	counts3	k3	counts4	k4	TOTAL
HIP13949	TRBV21-1	ap01	ap01	ap01	0.45,0.55	1	121,197	79.3264083364208	NA	NA	NA	NA	NA	NA	14405
HIP13949	TRBV14	ap01	ap01	ap01	0.45,0.55	1	99,117	76.2729380267925	NA	NA	NA	NA	NA	NA	14405
HIP13949	TRBV28	Del	ap01	ap01	0.45,0.55	1	102,461	9.02651447495015	NA	NA	NA	NA	NA	NA	14405
HIP13949	TRBV12-1	ap01	ap01	ap01	0.45,0.55	1	22,17	20.4847045740709	NA	NA	NA	NA	NA	NA	14405
HIP13949	TRBV20-1	ap01,ap02	ap01,ap02	ap01,ap02	0.45,0.55	0.84,0.16	254,349	82.2220873004929	54,62	20.5102609904012	NA	NA	NA	NA	14405
HIP13949	TRBV2	ap01	ap01	ap01	0.45,0.55	1	259,218	270.162077558094	NA	NA	NA	NA	NA	NA	14405
HIP13949	TRBV5-4	ap01	ap01	ap01	0.45,0.55	1	197,219	155.331339413691	NA	NA	NA	NA	NA	NA	14405
HIP13949	TRBV5-1	ap01	ap01	ap01	0.45,0.55	1	579,640	45.7474029483107	NA	NA	NA	NA	NA	NA	14405
HIP13949	TRBV4-2	ap01	ap01	ap01	0.45,0.55	1	134,156	103.846363690013	NA	NA	NA	NA	NA	NA	14405
HIP13949	TRBV5-6	ap01	ap01	ap01	0.45,0.55	1	119,142	91.3307014798288	NA	NA	NA	NA	NA	NA	14405
HIP13949	TRBV29-1	ap01,ap02	ap01,ap02	ap01,ap02	0.45,0.55	0.77,0.23	69,115	17.3195429453792	25,30	9.17346175126784	NA	NA	NA	NA	14405
HIP13949	TRBV6-4	ap01	ap01	ap01	0.45,0.55	1	98,114	75.9703855037644	NA	NA	NA	NA	NA	NA	14405
HIP13949	TRBV7-2	ap01	ap01	ap01	0.45,0.55	1	215,303	153.057245120361	NA	NA	NA	NA	NA	NA	14405
HIP13949	TRBV11-3	ap01	ap01	ap01	0.45,0.55	1	150,79	79.7473086638198	NA	NA	NA	NA	NA	NA	14405
HIP13949	TRBV18	ap01	ap01	ap01	0.45,0.55	1	131,181	94.1893277853824	NA	NA	NA	NA	NA	NA	14405
HIP13949	TRBV24-1	ap01	ap01	ap01	0.45,0.55	1	84,157	49.8612043425046	NA	NA	NA	NA	NA	NA	14405
HIP13949	TRBV7-9	ap01	ap01	ap01	0.45,0.55	1	220,265	168.208744552678	NA	NA	NA	NA	NA	NA	14405
HIP13949	TRBV4-1	ap01	ap01	ap01	0.45,0.55	1	197,191	246.37792422491	NA	NA	NA	NA	NA	NA	14405
HIP13949	TRBV12-34	ap01	ap01	ap01	0.45,0.55	1	348,384	275.129151586151	NA	NA	NA	NA	NA	NA	14405
HIP13949	TRBV7-6	ap01	ap01	ap01	0.45,0.55	1	112,123	88.6981645047765	NA	NA	NA	NA	NA	NA	14405
HIP13949	TRBV3-12	ap01	ap01	ap01	0.45,0.55	1	361,303	37.5172668547332	NA	NA	NA	NA	NA	NA	14405
HIP13949	TRBV13	ap01	ap01	ap01	0.45,0.55	1	59,53	66.9647561969415	NA	NA	NA	NA	NA	NA	14405
HIP13949	TRBV6-23	ap01	ap01	ap01	0.45,0.55	1	110,127	85.5197128894419	NA	NA	NA	NA	NA	NA	14405
HIP13949	TRBV10-1	ap01	ap01	ap01	0.45,0.55	1	82,109	60.0641548874178	NA	NA	NA	NA	NA	NA	14405
HIP13949	TRBV11-2	ap01	ap01	ap01	0.45,0.55	1	154,162	123.793485624679	NA	NA	NA	NA	NA	NA	14405
HIP13949	TRBV27	ap01	ap01	ap01	0.45,0.55	1	199,306	135.092337248592	NA	NA	NA	NA	NA	NA	14405
HIP13949	TRBV15	ap02	ap02	ap02	0.45,0.55	1	84,112	61.4412639042575	NA	NA	NA	NA	NA	NA	14405
HIP13949	TRBV7-8	ap01,ap03	ap01,ap03	ap01,ap03	0.45,0.55	0.62,0.38	57,59	23.2506663329009	32,39	11.5929774114094	NA	NA	NA	NA	14405
HIP13949	TRBV6-56	ap01,ap02	ap01,ap02	ap01,ap02	0.45,0.55	0.72,0.28	135,189	42.8292800972426	61,65	24.4203129526769	NA	NA	NA	NA	14405
HIP13949	TRBV5-3	ap01	ap01	ap01	0.45,0.55	1	29,52	17.7807361602891	NA	NA	NA	NA	NA	NA	14405
HIP13949	TRBV19	ap01	ap01	ap01	0.45,0.55	1	245,361	170.368529832895	NA	NA	NA	NA	NA	NA	14405
HIP13949	TRBV25-1	ap01	ap01	ap01	0.45,0.55	1	38,77	21.0183781813976	NA	NA	NA	NA	NA	NA	14405
HIP13949	TRBV10-3	ap01	ap01	ap01	0.45,0.55	1	118,109	138.799949199942	NA	NA	NA	NA	NA	NA	14405
HIP13949	TRBV5-5	ap01	ap01	ap01	0.45,0.55	1	42,45	33.551313178335	NA	NA	NA	NA	NA	NA	14405
HIP13949	TRBV1	ap01	ap01	ap01	0.45,0.55	1	36,52	25.3026316169704	NA	NA	NA	NA	NA	NA	14405
HIP13949	TRBV7-3	ap01	ap01	ap01	0.45,0.55	1	227,223	288.627744710392	NA	NA	NA	NA	NA	NA	14405
HIP13949	TRBV5-8	ap01	ap01	ap01	0.45,0.55	1	45,38	47.1399413746931	NA	NA	NA	NA	NA	NA	14405
HIP13949	TRBV6-7	ap01	ap01	ap01	0.45,0.55	1	12,20	7.74798478718256	NA	NA	NA	NA	NA	NA	14405
HIP13949	TRBV23-1	ap01	ap01	ap01	0.45,0.55	1	38,52	27.4517446045937	NA	NA	NA	NA	NA	NA	14405
HIP13949	TRBV10-2	ap01	ap01	ap01	0.45,0.55	1	59,75	44.0987338652972	NA	NA	NA	NA	NA	NA	14405
HIP13949	TRBV6-9	ap01	ap01	ap01	0.45,0.55	1	9,7	8.45390091372685	NA	NA	NA	NA	NA	NA	14405
HIP13949	TRBV7-1	ap01_G291C_T296C	ap01_G291C_T296C	ap01_G291C_T296C	0.45,0.55	1	6,17	2.07264979509639	NA	NA	NA	NA	NA	NA	14405
HIP13949	TRBV6-1	ap01	ap01	ap01	0.45,0.55	1	126,145	98.0805929657266	NA	NA	NA	NA	NA	NA	14405
HIP13949	TRBV9	ap01	ap01	ap01	0.45,0.55	1	292,314	232.96741391765	NA	NA	NA	NA	NA	NA	14405
HIP13949	TRBV12-2	ap01	ap01	ap01	0.45,0.55	1	16,34	8.44352556543924	NA	NA	NA	NA	NA	NA	14405
HIP13949	TRBV7-7	ap01_C315T	ap01_C315T	ap01_C315T	0.45,0.55	1	49,48	62.0811966687809	NA	NA	NA	NA	NA	NA	14405
HIP13949	TRBV12-5	ap01	ap01	ap01	0.45,0.55	1	41,64	27.5873982028944	NA	NA	NA	NA	NA	NA	14405
HIP13949	TRBV11-1	ap01	ap01	ap01	0.45,0.55	1	28,37	20.5661995203951	NA	NA	NA	NA	NA	NA	14405
HIP13949	TRBV6-8	ap01	ap01	ap01	0.45,0.55	1	6,9	4.13132705051912	NA	NA	NA	NA	NA	NA	14405
HIP13949	TRBV30	ap01,ap03	ap02	ap01,ap02,ap03	0.45,0.55	0.748,0.209,0.043	119,3	30.9147648036058	4,30	4.79249858876071	7,0	2.02437745273242	NA	NA	14405
HIP13949	TRBV7-4	ap01	ap01	ap01	0.45,0.55	1	7,18	2.88987163198016	NA	NA	NA	NA	NA	NA	14405
HIP13949	TRBV16	ap01	ap01	ap01	0.45,0.55	1	2,2	2.60019084098506	NA	NA	NA	NA	NA	NA	14405
HIP13949	TRBV5-7	ap01	ap01	ap01	0.45,0.55	1	2,3	1.37710901683971	NA	NA	NA	NA	NA	NA	14405
HIP13949	TRBV17	Unk	Unk	NA	NA	NA	NA	NA	NA	NA	NA	NA	NA	NA	14405
HIP13949	TRBV26	Unk	Unk	NA	NA	NA	NA	NA	NA	NA	NA	NA	NA	NA	14405
HIP13949	TRBV4-3	Del	Del	Del	NA	NA	NA	1000	NA	NA	NA	NA	NA	NA	14405
