subject	gene	TRBD2_01	TRBD2_02	alleles	proirs_row	proirs_col	counts1	k1	counts2	k2	counts3	k3	counts4	k4	TOTAL
HIP14211	TRBV18	ap01	ap01	ap01	0.47,0.53	1	69,95	49.4068584080976	NA	NA	NA	NA	NA	NA	15971
HIP14211	TRBV10-1	ap01	ap01	ap01	0.47,0.53	1	77,110	54.0504485873611	NA	NA	NA	NA	NA	NA	15971
HIP14211	TRBV25-1	ap01	ap01	ap01	0.47,0.53	1	70,93	51.0419714949435	NA	NA	NA	NA	NA	NA	15971
HIP14211	TRBV6-1	ap01	ap01	ap01	0.47,0.53	1	147,167	114.890591777728	NA	NA	NA	NA	NA	NA	15971
HIP14211	TRBV27	ap01	ap01	ap01	0.47,0.53	1	251,404	163.826063796827	NA	NA	NA	NA	NA	NA	15971
HIP14211	TRBV28	ap01	ap01	ap01	0.47,0.53	1	339,456	245.660928034916	NA	NA	NA	NA	NA	NA	15971
HIP14211	TRBV21-1	ap01	ap01	ap01	0.47,0.53	1	72,117	46.6913974610837	NA	NA	NA	NA	NA	NA	15971
HIP14211	TRBV7-9	ap01	ap01	ap01	0.47,0.53	1	197,272	140.851101743305	NA	NA	NA	NA	NA	NA	15971
HIP14211	TRBV15	ap02	ap02	ap02	0.47,0.53	1	98,114	75.8679373558614	NA	NA	NA	NA	NA	NA	15971
HIP14211	TRBV5-3	ap01	ap01	ap01	0.47,0.53	1	31,51	19.9331334260321	NA	NA	NA	NA	NA	NA	15971
HIP14211	TRBV9	ap01	ap01	ap01	0.47,0.53	1	434,449	35.1189298500206	NA	NA	NA	NA	NA	NA	15971
HIP14211	TRBV13	ap01	ap01	ap01	0.47,0.53	1	83,94	64.9498128523723	NA	NA	NA	NA	NA	NA	15971
HIP14211	TRBV30	ap01	ap01	ap01	0.47,0.53	1	239,312	175.776593328818	NA	NA	NA	NA	NA	NA	15971
HIP14211	TRBV2	ap01	ap01	ap01	0.47,0.53	1	286,388	206.357764293297	NA	NA	NA	NA	NA	NA	15971
HIP14211	TRBV6-7	ap01	ap01	ap01	0.47,0.53	1	17,19	13.3718363692288	NA	NA	NA	NA	NA	NA	15971
HIP14211	TRBV6-9	ap01	ap01	ap01	0.47,0.53	1	7,14	3.82499140036962	NA	NA	NA	NA	NA	NA	15971
HIP14211	TRBV24-1	ap01	ap01	ap01	0.47,0.53	1	173,223	128.009016949451	NA	NA	NA	NA	NA	NA	15971
HIP14211	TRBV7-4	ap01	ap01	ap01	0.47,0.53	1	13,16	9.82526981766913	NA	NA	NA	NA	NA	NA	15971
HIP14211	TRBV7-6	ap01	ap01	ap01	0.47,0.53	1	120,94	114.351987436605	NA	NA	NA	NA	NA	NA	15971
HIP14211	TRBV7-2	ap01	ap01	ap01	0.47,0.53	1	293,142	138.426436612468	NA	NA	NA	NA	NA	NA	15971
HIP14211	TRBV7-8	ap01,ap03	ap01,ap03	ap01,ap03	0.47,0.53	0.65,0.35	54,79	15.9204135765969	37,34	28.9960765587471	NA	NA	NA	NA	15971
HIP14211	TRBV12-2	ap01	ap01	ap01	0.47,0.53	1	24,33	17.1968277695985	NA	NA	NA	NA	NA	NA	15971
HIP14211	TRBV14	ap01	ap01	ap01	0.47,0.53	1	51,94	30.0451659762791	NA	NA	NA	NA	NA	NA	15971
HIP14211	TRBV7-3	ap01	ap01	ap01	0.47,0.53	1	168,219	123.643851618997	NA	NA	NA	NA	NA	NA	15971
HIP14211	TRBV12-5	ap01	ap01	ap01	0.47,0.53	1	30,35	23.197106186898	NA	NA	NA	NA	NA	NA	15971
HIP14211	TRBV12-34	ap01	ap01	ap01	0.47,0.53	1	368,283	34.2207246115759	NA	NA	NA	NA	NA	NA	15971
HIP14211	TRBV12-1	ap01	ap01	ap01	0.47,0.53	1	13,13	16.9191407125349	NA	NA	NA	NA	NA	NA	15971
HIP14211	TRBV4-2	ap01	ap01	ap01	0.47,0.53	1	205,157	189.587010810803	NA	NA	NA	NA	NA	NA	15971
HIP14211	TRBV4-1	ap01	ap01	ap01	0.47,0.53	1	181,195	144.355978876025	NA	NA	NA	NA	NA	NA	15971
HIP14211	TRBV5-1	ap01	ap01	ap01	0.47,0.53	1	493,662	35.7572225313414	NA	NA	NA	NA	NA	NA	15971
HIP14211	TRBV1	ap01	ap01	ap01	0.47,0.53	1	42,62	28.9377199938654	NA	NA	NA	NA	NA	NA	15971
HIP14211	TRBV29-1	ap01,ap02	ap01,ap02	ap01,ap02	0.47,0.53	0.86,0.14	151,266	32.6780361441001	32,38	11.7488632677158	NA	NA	NA	NA	15971
HIP14211	TRBV7-7	ap01	ap01_C315T	ap01,ap01_C315T	0.47,0.53	0.43,0.57	38,2	8.15597546723609	6,46	8.00466529164349	NA	NA	NA	NA	15971
HIP14211	TRBV20-1	ap01,ap02	ap01,ap02	ap01,ap02	0.47,0.53	0.87,0.13	262,319	94.1260451403607	43,42	36.563567608123	NA	NA	NA	NA	15971
HIP14211	TRBV4-3	ap01	Del	ap01	0.47,0.53	1	207,6	53.9322943776029	NA	NA	NA	NA	NA	NA	15971
HIP14211	TRBV23-1	ap01	ap01	ap01	0.47,0.53	1	21,49	9.56977414922098	NA	NA	NA	NA	NA	NA	15971
HIP14211	TRBV19	ap01	ap01	ap01	0.47,0.53	1	215,309	150.4146224797	NA	NA	NA	NA	NA	NA	15971
HIP14211	TRBV10-3	ap01	ap01	ap01	0.47,0.53	1	127,144	99.3351305078013	NA	NA	NA	NA	NA	NA	15971
HIP14211	TRBV10-2	ap01	ap01	ap01	0.47,0.53	1	38,53	27.0241820582096	NA	NA	NA	NA	NA	NA	15971
HIP14211	TRBV5-5	ap01	ap01	ap01	0.47,0.53	1	27,28	21.8299955941521	NA	NA	NA	NA	NA	NA	15971
HIP14211	TRBV5-6	ap01	ap01	ap01	0.47,0.53	1	135,158	104.250892123049	NA	NA	NA	NA	NA	NA	15971
HIP14211	TRBV5-4	ap01	ap01	ap01	0.47,0.53	1	227,252	179.017636909322	NA	NA	NA	NA	NA	NA	15971
HIP14211	TRBV3-12	ap01	ap01	ap01	0.47,0.53	1	238,288	181.217937577556	NA	NA	NA	NA	NA	NA	15971
HIP14211	TRBV5-8	ap01	ap01	ap01	0.47,0.53	1	36,30	37.2011521123158	NA	NA	NA	NA	NA	NA	15971
HIP14211	TRBV11-2	ap01	ap01	ap01	0.47,0.53	1	83,146	50.7968981812052	NA	NA	NA	NA	NA	NA	15971
HIP14211	TRBV6-4	ap01	ap01	ap01	0.47,0.53	1	175,125	147.325555623129	NA	NA	NA	NA	NA	NA	15971
HIP14211	TRBV11-3	ap01	ap01	ap01	0.47,0.53	1	51,57	40.1155091076865	NA	NA	NA	NA	NA	NA	15971
HIP14211	TRBV6-23	ap01	ap01	ap01	0.47,0.53	1	410,185	171.659183459318	NA	NA	NA	NA	NA	NA	15971
HIP14211	TRBV6-56	ap01,ap02	ap01,ap02	ap01,ap02	0.47,0.53	0.75,0.25	207,277	67.8114222855194	79,81	32.3692398202116	NA	NA	NA	NA	15971
HIP14211	TRBV11-1	ap01	ap01	ap01	0.47,0.53	1	27,21	25.4879008497916	NA	NA	NA	NA	NA	NA	15971
HIP14211	TRBV6-8	ap01	ap01	ap01	0.47,0.53	1	12,9	10.7917418811418	NA	NA	NA	NA	NA	NA	15971
HIP14211	TRBV16	ap01	ap01	ap01	0.47,0.53	1	3,1	0.687132774914434	NA	NA	NA	NA	NA	NA	15971
HIP14211	TRBV5-7	ap01	ap01	ap01	0.47,0.53	1	3,4	2.18362490069781	NA	NA	NA	NA	NA	NA	15971
HIP14211	TRBV7-1	ap01_T296C	ap01_T296C	ap01_T296C	0.47,0.53	1	1,3	0.274255906925962	NA	NA	NA	NA	NA	NA	15971
HIP14211	TRBV17	Unk	Unk	NA	NA	NA	NA	NA	NA	NA	NA	NA	NA	NA	15971
HIP14211	TRBV26	Unk	Unk	NA	NA	NA	NA	NA	NA	NA	NA	NA	NA	NA	15971
