subject	gene	TRBD2_01	TRBD2_02	alleles	proirs_row	proirs_col	counts1	k1	counts2	k2	counts3	k3	counts4	k4	TOTAL
Keck0120_MC1	TRBV5-4	ap01	ap01	ap01	0.47,0.53	1	402,488	305.96194234714	NA	NA	NA	NA	NA	NA	27039
Keck0120_MC1	TRBV25-1	ap01	ap01	ap01	0.47,0.53	1	119,195	77.0643423320244	NA	NA	NA	NA	NA	NA	27039
Keck0120_MC1	TRBV20-1	ap01,ap02	ap01,ap02	ap01,ap02	0.47,0.53	0.86,0.14	732,907	259.797962182667	123,142	46.3378492312523	NA	NA	NA	NA	27039
Keck0120_MC1	TRBV11-2	ap01	ap01	ap01	0.47,0.53	1	264,348	193.575387297594	NA	NA	NA	NA	NA	NA	27039
Keck0120_MC1	TRBV5-1	ap01	ap01	ap01	0.47,0.53	1	1034,1066	83.7537962554185	NA	NA	NA	NA	NA	NA	27039
Keck0120_MC1	TRBV6-56	ap01,ap02	ap01,ap02	ap01,ap02	0.47,0.53	0.74,0.26	275,434	73.5543904331116	121,127	48.8569652988005	NA	NA	NA	NA	27039
Keck0120_MC1	TRBV3-12	ap01	ap01	ap01	0.47,0.53	1	880,815	104.012195903347	NA	NA	NA	NA	NA	NA	27039
Keck0120_MC1	TRBV2	ap01	ap01	ap01	0.47,0.53	1	524,507	65.4367418574744	NA	NA	NA	NA	NA	NA	27039
Keck0120_MC1	TRBV29-1	ap01,ap02	ap01,ap02	ap01,ap02	0.47,0.53	0.83,0.17	153,229	44.1364525603665	42,34	27.5894837710935	NA	NA	NA	NA	27039
Keck0120_MC1	TRBV1	ap01	ap01	ap01	0.47,0.53	1	81,103	60.4006391831736	NA	NA	NA	NA	NA	NA	27039
Keck0120_MC1	TRBV7-6	ap01	ap01	ap01	0.47,0.53	1	183,221	139.588299277136	NA	NA	NA	NA	NA	NA	27039
Keck0120_MC1	TRBV30	ap01	ap01_G298A	ap01,ap01_G298A	0.47,0.53	0.56,0.44	406,13	98.5622507459036	43,283	43.9753352963283	NA	NA	NA	NA	27039
Keck0120_MC1	TRBV24-1	ap01	ap01	ap01	0.47,0.53	1	334,523	222.794878027747	NA	NA	NA	NA	NA	NA	27039
Keck0120_MC1	TRBV4-2	ap01	ap01	ap01	0.47,0.53	1	325,309	39.7053777211297	NA	NA	NA	NA	NA	NA	27039
Keck0120_MC1	TRBV14	ap01	ap01	ap01	0.47,0.53	1	119,200	75.7281858397919	NA	NA	NA	NA	NA	NA	27039
Keck0120_MC1	TRBV6-4	ap01	ap01	ap01	0.47,0.53	1	294,312	235.760700309506	NA	NA	NA	NA	NA	NA	27039
Keck0120_MC1	TRBV27	ap01	ap01	ap01	0.47,0.53	1	464,661	32.7031899336095	NA	NA	NA	NA	NA	NA	27039
Keck0120_MC1	TRBV4-1	ap01	ap01	ap01	0.47,0.53	1	511,494	63.7452574818238	NA	NA	NA	NA	NA	NA	27039
Keck0120_MC1	TRBV7-2	ap01	ap01	ap01	0.47,0.53	1	295,377	219.476165452745	NA	NA	NA	NA	NA	NA	27039
Keck0120_MC1	TRBV6-1	ap01	ap01	ap01	0.47,0.53	1	232,237	188.502076072794	NA	NA	NA	NA	NA	NA	27039
Keck0120_MC1	TRBV6-23	ap01	ap01	ap01	0.47,0.53	1	242,247	196.684758510942	NA	NA	NA	NA	NA	NA	27039
Keck0120_MC1	TRBV11-3	ap01	ap01	ap01	0.47,0.53	1	138,212	93.145901561398	NA	NA	NA	NA	NA	NA	27039
Keck0120_MC1	TRBV7-8	ap01,ap03	ap01,ap03	ap01,ap03	0.47,0.53	0.64,0.36	95,110	35.7055372715932	54,61	20.6893622179673	NA	NA	NA	NA	27039
Keck0120_MC1	TRBV7-3	ap01	ap03	ap01,ap03	0.47,0.53	0.67,0.33	302,26	54.4191382894902	10,151	32.1933062074346	NA	NA	NA	NA	27039
Keck0120_MC1	TRBV7-9	ap01	ap01	ap01	0.47,0.53	1	370,469	276.303351665263	NA	NA	NA	NA	NA	NA	27039
Keck0120_MC1	TRBV10-3	ap01	ap01	ap01	0.47,0.53	1	195,256	143.261198338644	NA	NA	NA	NA	NA	NA	27039
Keck0120_MC1	TRBV28	ap01	ap01	ap01	0.47,0.53	1	65,171	24.860918212632	NA	NA	NA	NA	NA	NA	27039
Keck0120_MC1	TRBV21-1	ap01	ap01	ap01	0.47,0.53	1	121,247	65.3393138973294	NA	NA	NA	NA	NA	NA	27039
Keck0120_MC1	TRBV19	ap01	ap01	ap01	0.47,0.53	1	417,560	303.003781992911	NA	NA	NA	NA	NA	NA	27039
Keck0120_MC1	TRBV12-34	ap01	ap01	ap01	0.47,0.53	1	529,675	39.3848131404826	NA	NA	NA	NA	NA	NA	27039
Keck0120_MC1	TRBV15	ap02	ap02	ap02	0.47,0.53	1	134,192	94.1485293612828	NA	NA	NA	NA	NA	NA	27039
Keck0120_MC1	TRBV18	ap01	ap01	ap01	0.47,0.53	1	212,280	155.30113939437	NA	NA	NA	NA	NA	NA	27039
Keck0120_MC1	TRBV9	ap01	ap01	ap01	0.47,0.53	1	707,419	45.5195571364153	NA	NA	NA	NA	NA	NA	27039
Keck0120_MC1	TRBV10-1	ap01	ap01	ap01	0.47,0.53	1	161,203	120.517472719425	NA	NA	NA	NA	NA	NA	27039
Keck0120_MC1	TRBV5-6	ap01	ap01	ap01	0.47,0.53	1	203,230	158.893208436343	NA	NA	NA	NA	NA	NA	27039
Keck0120_MC1	TRBV6-9	ap01	ap01	ap01	0.47,0.53	1	8,8	10.4091346193882	NA	NA	NA	NA	NA	NA	27039
Keck0120_MC1	TRBV5-7	ap01	ap01	ap01	0.47,0.53	1	6,6	7.80685096454115	NA	NA	NA	NA	NA	NA	27039
Keck0120_MC1	TRBV13	ap01	ap01	ap01	0.47,0.53	1	114,106	135.421509975607	NA	NA	NA	NA	NA	NA	27039
Keck0120_MC1	TRBV6-7	ap01	ap01	ap01	0.47,0.53	1	26,32	19.6715865485051	NA	NA	NA	NA	NA	NA	27039
Keck0120_MC1	TRBV12-2	ap01	ap01	ap01	0.47,0.53	1	29,64	14.3766836250012	NA	NA	NA	NA	NA	NA	27039
Keck0120_MC1	TRBV10-2	ap01	ap01	ap01	0.47,0.53	1	86,131	58.3456605379782	NA	NA	NA	NA	NA	NA	27039
Keck0120_MC1	TRBV5-3	ap01	ap01	ap01	0.47,0.53	1	30,42	21.3412717330852	NA	NA	NA	NA	NA	NA	27039
Keck0120_MC1	TRBV12-5	ap01	ap01	ap01	0.47,0.53	1	86,115	62.6213613131221	NA	NA	NA	NA	NA	NA	27039
Keck0120_MC1	TRBV7-4	ap01	ap01	ap01	0.47,0.53	1	20,27	14.49474578717	NA	NA	NA	NA	NA	NA	27039
Keck0120_MC1	TRBV7-7	ap01	ap01	ap01	0.47,0.53	1	81,97	62.0040269738526	NA	NA	NA	NA	NA	NA	27039
Keck0120_MC1	TRBV5-8	ap01	ap01	ap01	0.47,0.53	1	50,63	37.4394053109341	NA	NA	NA	NA	NA	NA	27039
Keck0120_MC1	TRBV11-1	ap01	ap01	ap01	0.47,0.53	1	36,39	28.6559628819923	NA	NA	NA	NA	NA	NA	27039
Keck0120_MC1	TRBV23-1	ap01	ap01	ap01	0.47,0.53	1	42,71	26.6175585852721	NA	NA	NA	NA	NA	NA	27039
Keck0120_MC1	TRBV6-8	ap01	ap01	ap01	0.47,0.53	1	9,14	6.02825770210048	NA	NA	NA	NA	NA	NA	27039
Keck0120_MC1	TRBV5-5	ap01	ap01	ap01	0.47,0.53	1	38,60	25.2151046991385	NA	NA	NA	NA	NA	NA	27039
Keck0120_MC1	TRBV7-1	Unk	ap01_T296C_C314T	ap01_T296C_C314T	0.47,0.53	1	1,5	0.250656949971194	NA	NA	NA	NA	NA	NA	27039
Keck0120_MC1	TRBV12-1	ap01	ap01	ap01	0.47,0.53	1	15,26	9.33447937431016	NA	NA	NA	NA	NA	NA	27039
Keck0120_MC1	TRBV16	ap01	ap01	ap01	0.47,0.53	1	3,8	1.11864823921186	NA	NA	NA	NA	NA	NA	27039
Keck0120_MC1	TRBV17	Unk	Unk	NA	NA	NA	NA	NA	NA	NA	NA	NA	NA	NA	27039
Keck0120_MC1	TRBV26	Unk	Unk	NA	NA	NA	NA	NA	NA	NA	NA	NA	NA	NA	27039
Keck0120_MC1	TRBV4-3	Del	Del	Del	NA	NA	NA	1000	NA	NA	NA	NA	NA	NA	27039
