subject	gene	TRBD2_01	TRBD2_02	alleles	proirs_row	proirs_col	counts1	k1	counts2	k2	counts3	k3	counts4	k4	TOTAL
HIP08805	TRBV7-9	ap01	ap01	ap01	0.47,0.53	1	616,813	45.1172653962279	NA	NA	NA	NA	NA	NA	40491
HIP08805	TRBV27	ap01	ap01	ap01	0.47,0.53	1	842,971	65.4406399227939	NA	NA	NA	NA	NA	NA	40491
HIP08805	TRBV9	ap01	ap01	ap01	0.47,0.53	1	1094,620	65.9484002412906	NA	NA	NA	NA	NA	NA	40491
HIP08805	TRBV25-1	ap01	ap01	ap01	0.47,0.53	1	132,245	77.6526877709789	NA	NA	NA	NA	NA	NA	40491
HIP08805	TRBV2	ap01	ap01	ap01	0.47,0.53	1	691,768	54.4807594317426	NA	NA	NA	NA	NA	NA	40491
HIP08805	TRBV29-1	ap01,ap02	ap01,ap02	ap01,ap02	0.47,0.53	0.86,0.14	273,466	63.6526457120986	46,77	11.1196195848349	NA	NA	NA	NA	40491
HIP08805	TRBV6-4	ap01	ap01	ap01	0.47,0.53	1	255,357	181.271037492569	NA	NA	NA	NA	NA	NA	40491
HIP08805	TRBV24-1	ap01	ap01	ap01	0.47,0.53	1	445,632	313.916536313773	NA	NA	NA	NA	NA	NA	40491
HIP08805	TRBV7-7	ap01_C315T	ap01	ap01,ap01_C315T	0.47,0.53	0.55,0.45	12,127	24.828207940515	108,6	23.1297821115269	NA	NA	NA	NA	40491
HIP08805	TRBV6-1	ap01	ap01	ap01	0.47,0.53	1	335,319	41.0129944948638	NA	NA	NA	NA	NA	NA	40491
HIP08805	TRBV10-1	ap01	ap01	ap01	0.47,0.53	1	230,336	159.736173746221	NA	NA	NA	NA	NA	NA	40491
HIP08805	TRBV19	ap01	ap01	ap01	0.47,0.53	1	551,908	35.4969598705394	NA	NA	NA	NA	NA	NA	40491
HIP08805	TRBV5-1	ap01	ap01	ap01	0.47,0.53	1	1325,1365	107.361029728554	NA	NA	NA	NA	NA	NA	40491
HIP08805	TRBV4-1	ap01	ap01	ap01	0.47,0.53	1	545,609	42.8817540907842	NA	NA	NA	NA	NA	NA	40491
HIP08805	TRBV5-4	ap01	ap01	ap01	0.47,0.53	1	552,771	39.2882320312319	NA	NA	NA	NA	NA	NA	40491
HIP08805	TRBV18	ap01	ap01	ap01	0.47,0.53	1	256,329	189.884610454538	NA	NA	NA	NA	NA	NA	40491
HIP08805	TRBV21-1	ap01	ap01	ap01	0.47,0.53	1	242,418	150.740846229374	NA	NA	NA	NA	NA	NA	40491
HIP08805	TRBV6-23	ap01	ap01	ap01	0.47,0.53	1	334,325	42.0112783183787	NA	NA	NA	NA	NA	NA	40491
HIP08805	TRBV20-1	ap01,ap02	ap01,ap02	ap01,ap02	0.47,0.53	0.85,0.15	792,1150	237.030561008832	131,225	30.1838795171795	NA	NA	NA	NA	40491
HIP08805	TRBV5-6	ap01	ap01	ap01	0.47,0.53	1	361,428	277.428003277589	NA	NA	NA	NA	NA	NA	40491
HIP08805	TRBV3-12	ap01	ap01	ap01	0.47,0.53	1	904,918	73.6058315810735	NA	NA	NA	NA	NA	NA	40491
HIP08805	TRBV4-2	ap01	ap01	ap01	0.47,0.53	1	390,404	315.407590438587	NA	NA	NA	NA	NA	NA	40491
HIP08805	TRBV5-5	ap01	ap01	ap01	0.47,0.53	1	106,134	79.2225954672933	NA	NA	NA	NA	NA	NA	40491
HIP08805	TRBV28	ap01	ap01	ap01	0.47,0.53	1	739,146	5.70695472456597	NA	NA	NA	NA	NA	NA	40491
HIP08805	TRBV6-56	ap01,ap02	ap01,ap02	ap01,ap02	0.47,0.53	0.73,0.27	604,701	226.418349087741	209,263	73.0466112144961	NA	NA	NA	NA	40491
HIP08805	TRBV6-7	ap01	ap01	ap01	0.47,0.53	1	45,64	31.7202070874829	NA	NA	NA	NA	NA	NA	40491
HIP08805	TRBV12-1	ap01	ap01	ap01	0.47,0.53	1	27,45	17.2580473620612	NA	NA	NA	NA	NA	NA	40491
HIP08805	TRBV11-3	ap01	ap01	ap01	0.47,0.53	1	163,198	123.98903640386	NA	NA	NA	NA	NA	NA	40491
HIP08805	TRBV5-3	ap01	ap01	ap01	0.47,0.53	1	64,76	49.1511496689645	NA	NA	NA	NA	NA	NA	40491
HIP08805	TRBV12-2	ap01	ap01	ap01	0.47,0.53	1	57,86	38.8528513018044	NA	NA	NA	NA	NA	NA	40491
HIP08805	TRBV14	ap01	ap01	ap01	0.47,0.53	1	164,293	99.5402673169331	NA	NA	NA	NA	NA	NA	40491
HIP08805	TRBV12-34	ap01	ap01	ap01	0.47,0.53	1	1123,1309	86.9051467775058	NA	NA	NA	NA	NA	NA	40491
HIP08805	TRBV10-2	ap01	ap01	ap01	0.47,0.53	1	171,276	111.720162386063	NA	NA	NA	NA	NA	NA	40491
HIP08805	TRBV7-2	ap01	ap01	ap01	0.47,0.53	1	442,647	306.622984940137	NA	NA	NA	NA	NA	NA	40491
HIP08805	TRBV5-8	ap01	ap01	ap01	0.47,0.53	1	75,91	57.0782044311654	NA	NA	NA	NA	NA	NA	40491
HIP08805	TRBV10-3	ap01	ap01	ap01	0.47,0.53	1	391,501	290.421222294042	NA	NA	NA	NA	NA	NA	40491
HIP08805	TRBV7-6	ap01	ap01	ap01	0.47,0.53	1	273,341	205.141180727839	NA	NA	NA	NA	NA	NA	40491
HIP08805	TRBV13	ap01	ap01	ap01	0.47,0.53	1	341,300	37.7637154616015	NA	NA	NA	NA	NA	NA	40491
HIP08805	TRBV30	ap01	ap01_G298A	ap01,ap01_G298A	0.47,0.53	0.56,0.44	567,13	142.810201065837	70,391	54.0984026436742	NA	NA	NA	NA	40491
HIP08805	TRBV7-3	ap01	ap03	ap01,ap03	0.47,0.53	0.6,0.4	460,11	115.33633137045	32,280	50.9927616349492	NA	NA	NA	NA	40491
HIP08805	TRBV11-2	ap01	ap01	ap01	0.47,0.53	1	436,546	32.7248620429729	NA	NA	NA	NA	NA	NA	40491
HIP08805	TRBV1	ap01	ap01	ap01	0.47,0.53	1	107,143	77.8905858617083	NA	NA	NA	NA	NA	NA	40491
HIP08805	TRBV15	ap02	ap02	ap02	0.47,0.53	1	241,324	174.920815787448	NA	NA	NA	NA	NA	NA	40491
HIP08805	TRBV12-5	ap01	ap01	ap01	0.47,0.53	1	111,214	63.1545639295201	NA	NA	NA	NA	NA	NA	40491
HIP08805	TRBV6-9	ap01	ap01	ap01	0.47,0.53	1	21,14	16.0423659417748	NA	NA	NA	NA	NA	NA	40491
HIP08805	TRBV23-1	ap01	ap01	ap01	0.47,0.53	1	68,141	36.0279249098931	NA	NA	NA	NA	NA	NA	40491
HIP08805	TRBV11-1	ap01	ap01	ap01	0.47,0.53	1	71,50	58.5371794960943	NA	NA	NA	NA	NA	NA	40491
HIP08805	TRBV7-8	ap01,ap03	ap01,ap03	ap01,ap03	0.47,0.53	0.67,0.33	166,183	64.7327033207808	73,98	23.921739726928	NA	NA	NA	NA	40491
HIP08805	TRBV6-8	ap01	ap01	ap01	0.47,0.53	1	13,18	9.29502848382308	NA	NA	NA	NA	NA	NA	40491
HIP08805	TRBV7-4	ap01	ap01	ap01	0.47,0.53	1	24,54	11.5772931401151	NA	NA	NA	NA	NA	NA	40491
HIP08805	TRBV5-7	ap01	ap01	ap01	0.47,0.53	1	10,10	13.0126020884623	NA	NA	NA	NA	NA	NA	40491
HIP08805	TRBV16	ap01	ap01	ap01	0.47,0.53	1	5,5	6.50630104423112	NA	NA	NA	NA	NA	NA	40491
HIP08805	TRBV7-1	ap01_T296C,ap01_T296C_C314T	ap01_T296C,ap01_T296C_C314T	ap01_T296C,ap01_T296C_C314T	0.47,0.53	0.57,0.43	3,1	0.320517087607168	1,2	0.157156912999242	NA	NA	NA	NA	40491
HIP08805	TRBV17	Unk	Unk	NA	NA	NA	NA	NA	NA	NA	NA	NA	NA	NA	40491
HIP08805	TRBV26	Unk	Unk	NA	NA	NA	NA	NA	NA	NA	NA	NA	NA	NA	40491
HIP08805	TRBV4-3	Del	Del	Del	NA	NA	NA	1000	NA	NA	NA	NA	NA	NA	40491
