subject	gene	TRBD2_01	TRBD2_02	alleles	proirs_row	proirs_col	counts1	k1	counts2	k2	counts3	k3	counts4	k4	TOTAL
HIP13671	TRBV2	ap01	ap01	ap01	0.42,0.58	1	303,219	254.45122575748	NA	NA	NA	NA	NA	NA	19227
HIP13671	TRBV24-1	ap01	ap01	ap01	0.42,0.58	1	110,187	71.2790905581629	NA	NA	NA	NA	NA	NA	19227
HIP13671	TRBV6-56	ap01,ap02	ap01,ap02	ap01,ap02	0.42,0.58	0.75,0.25	202,340	52.4516228977476	73,111	21.6588204677825	NA	NA	NA	NA	19227
HIP13671	TRBV9	ap01	ap01	ap01	0.42,0.58	1	546,599	43.1392153318918	NA	NA	NA	NA	NA	NA	19227
HIP13671	TRBV4-1	ap01	ap01	ap01	0.42,0.58	1	196,152	181.600567364218	NA	NA	NA	NA	NA	NA	19227
HIP13671	TRBV7-3	ap01	ap01	ap01	0.42,0.58	1	264,322	200.955124246061	NA	NA	NA	NA	NA	NA	19227
HIP13671	TRBV5-1	ap01	ap01	ap01	0.42,0.58	1	761,556	64.8889155183257	NA	NA	NA	NA	NA	NA	19227
HIP13671	TRBV27	ap01	ap01	ap01	0.42,0.58	1	340,616	211.361024467628	NA	NA	NA	NA	NA	NA	19227
HIP13671	TRBV3-12	ap01	ap01	ap01	0.42,0.58	1	438,453	35.2547157111227	NA	NA	NA	NA	NA	NA	19227
HIP13671	TRBV28	ap01	ap01	ap01	0.42,0.58	1	144,629	2.75927228551606	NA	NA	NA	NA	NA	NA	19227
HIP13671	TRBV7-2	ap01	ap01	ap01	0.42,0.58	1	188,456	89.6745287881443	NA	NA	NA	NA	NA	NA	19227
HIP13671	TRBV7-6	ap01	ap01	ap01	0.42,0.58	1	124,156	93.2667068179171	NA	NA	NA	NA	NA	NA	19227
HIP13671	TRBV6-23	ap01	ap01	ap01	0.42,0.58	1	239,540	123.358466196572	NA	NA	NA	NA	NA	NA	19227
HIP13671	TRBV10-3	ap01	ap01	ap01	0.42,0.58	1	191,247	142.079420457387	NA	NA	NA	NA	NA	NA	19227
HIP13671	TRBV6-4	ap01	ap01	ap01	0.42,0.58	1	133,161	101.526224373839	NA	NA	NA	NA	NA	NA	19227
HIP13671	TRBV4-2	ap01	ap01	ap01	0.42,0.58	1	186,233	140.135748767147	NA	NA	NA	NA	NA	NA	19227
HIP13671	TRBV21-1	ap01	ap01	ap01	0.42,0.58	1	105,240	53.5442866697098	NA	NA	NA	NA	NA	NA	19227
HIP13671	TRBV5-3	ap01	ap01	ap01	0.42,0.58	1	38,62	25.2364760338903	NA	NA	NA	NA	NA	NA	19227
HIP13671	TRBV7-9	ap01	ap01	ap01	0.42,0.58	1	247,330	181.242357660132	NA	NA	NA	NA	NA	NA	19227
HIP13671	TRBV6-8	ap01	ap01	ap01	0.42,0.58	1	8,13	5.32534698293859	NA	NA	NA	NA	NA	NA	19227
HIP13671	TRBV20-1	ap01,ap02	ap01,ap02	ap01,ap02	0.42,0.58	0.85,0.15	342,528	99.6544339901702	66,89	22.1681657819069	NA	NA	NA	NA	19227
HIP13671	TRBV30	ap01	ap01	ap01	0.42,0.58	1	246,62	16.0754247902649	NA	NA	NA	NA	NA	NA	19227
HIP13671	TRBV12-34	ap01	ap01	ap01	0.42,0.58	1	388,403	311.898471584365	NA	NA	NA	NA	NA	NA	19227
HIP13671	TRBV7-8	ap01,ap03	ap01,ap03	ap01,ap03	0.42,0.58	0.69,0.31	66,108	17.8411632814176	31,49	8.77330419283155	NA	NA	NA	NA	19227
HIP13671	TRBV19	ap01	ap01	ap01	0.42,0.58	1	293,477	194.834605777388	NA	NA	NA	NA	NA	NA	19227
HIP13671	TRBV10-2	ap01	ap01	ap01	0.42,0.58	1	62,45	52.3754063528987	NA	NA	NA	NA	NA	NA	19227
HIP13671	TRBV7-7	ap01_C315T	ap01_C315T	ap01_C315T	0.42,0.58	1	62,99	41.6838940632498	NA	NA	NA	NA	NA	NA	19227
HIP13671	TRBV11-2	ap01	ap01	ap01	0.42,0.58	1	156,188	119.281865555108	NA	NA	NA	NA	NA	NA	19227
HIP13671	TRBV4-3	Del	ap01	ap01	0.42,0.58	1	58,299	9.64846299435537	NA	NA	NA	NA	NA	NA	19227
HIP13671	TRBV5-4	ap01	ap01	ap01	0.42,0.58	1	270,288	215.260508120158	NA	NA	NA	NA	NA	NA	19227
HIP13671	TRBV11-3	ap01	ap01	ap01	0.42,0.58	1	74,142	44.1332338412693	NA	NA	NA	NA	NA	NA	19227
HIP13671	TRBV5-7	ap01	ap01	ap01	0.42,0.58	1	4,7	2.54482922133337	NA	NA	NA	NA	NA	NA	19227
HIP13671	TRBV5-6	ap01	ap01	ap01	0.42,0.58	1	127,151	97.5911362717035	NA	NA	NA	NA	NA	NA	19227
HIP13671	TRBV13	ap01	ap01	ap01	0.42,0.58	1	73,85	56.5188183859554	NA	NA	NA	NA	NA	NA	19227
HIP13671	TRBV6-1	ap01	ap01	ap01	0.42,0.58	1	141,105	123.489966602261	NA	NA	NA	NA	NA	NA	19227
HIP13671	TRBV10-1	ap01	ap01	ap01	0.42,0.58	1	101,124	76.6895083380074	NA	NA	NA	NA	NA	NA	19227
HIP13671	TRBV12-2	ap01	ap01	ap01	0.42,0.58	1	23,36	15.6344443188222	NA	NA	NA	NA	NA	NA	19227
HIP13671	TRBV6-9	ap01	ap01	ap01	0.42,0.58	1	5,13	2.17936023051138	NA	NA	NA	NA	NA	NA	19227
HIP13671	TRBV5-8	ap01	ap01	ap01	0.42,0.58	1	34,44	25.2842207555472	NA	NA	NA	NA	NA	NA	19227
HIP13671	TRBV18	ap01	ap01	ap01	0.42,0.58	1	129,142	101.809657635768	NA	NA	NA	NA	NA	NA	19227
HIP13671	TRBV15	ap02	ap02	ap02	0.42,0.58	1	80,148	49.0110761044927	NA	NA	NA	NA	NA	NA	19227
HIP13671	TRBV29-1	ap01,ap02	ap01,ap02	ap01,ap02	0.42,0.58	0.88,0.12	125,235	26.8544559548511	23,27	8.63966834874244	NA	NA	NA	NA	19227
HIP13671	TRBV6-7	ap01	ap01	ap01	0.42,0.58	1	8,18	4.14690428157937	NA	NA	NA	NA	NA	NA	19227
HIP13671	TRBV23-1	ap01	ap01	ap01	0.42,0.58	1	25,63	11.3681782331006	NA	NA	NA	NA	NA	NA	19227
HIP13671	TRBV5-5	ap01	ap01	ap01	0.42,0.58	1	35,37	27.9827027882592	NA	NA	NA	NA	NA	NA	19227
HIP13671	TRBV14	ap01	ap01	ap01	0.42,0.58	1	67,138	37.7353522466932	NA	NA	NA	NA	NA	NA	19227
HIP13671	TRBV25-1	ap01	ap01	ap01	0.42,0.58	1	63,96	43.4396219348744	NA	NA	NA	NA	NA	NA	19227
HIP13671	TRBV1	ap01	ap01	ap01	0.42,0.58	1	39,49	29.3490893082334	NA	NA	NA	NA	NA	NA	19227
HIP13671	TRBV11-1	ap01	ap01	ap01	0.42,0.58	1	29,55	17.4483355585116	NA	NA	NA	NA	NA	NA	19227
HIP13671	TRBV12-5	ap01	ap01	ap01	0.42,0.58	1	43,52	32.8366726906541	NA	NA	NA	NA	NA	NA	19227
HIP13671	TRBV12-1	ap01	ap01	ap01	0.42,0.58	1	13,21	8.68314991480919	NA	NA	NA	NA	NA	NA	19227
HIP13671	TRBV16	ap01	ap01	ap01	0.42,0.58	1	2,1	0.946569536283013	NA	NA	NA	NA	NA	NA	19227
HIP13671	TRBV7-4	ap01	ap01	ap01	0.42,0.58	1	21,18	22.2774180210387	NA	NA	NA	NA	NA	NA	19227
HIP13671	TRBV7-1	Unk	ap01_T296C	ap01_T296C	0.42,0.58	1	0,3	0.707065620815533	NA	NA	NA	NA	NA	NA	19227
HIP13671	TRBV17	Unk	Unk	NA	NA	NA	NA	NA	NA	NA	NA	NA	NA	NA	19227
HIP13671	TRBV26	Unk	Unk	NA	NA	NA	NA	NA	NA	NA	NA	NA	NA	NA	19227
