subject	gene	TRBD2_01	TRBD2_02	alleles	proirs_row	proirs_col	counts1	k1	counts2	k2	counts3	k3	counts4	k4	TOTAL
HIP08076	TRBV4-3	ap01	ap01	ap01	0.47,0.53	1	446,478	35.6393844869689	NA	NA	NA	NA	NA	NA	27063
HIP08076	TRBV25-1	ap01	ap01	ap01	0.47,0.53	1	87,121	62.0026925549409	NA	NA	NA	NA	NA	NA	27063
HIP08076	TRBV7-9	ap01	ap01	ap01	0.47,0.53	1	360,471	264.604166453182	NA	NA	NA	NA	NA	NA	27063
HIP08076	TRBV18	ap01	ap01	ap01	0.47,0.53	1	226,278	170.902061628843	NA	NA	NA	NA	NA	NA	27063
HIP08076	TRBV19	ap01	ap01	ap01	0.47,0.53	1	410,536	301.467597295523	NA	NA	NA	NA	NA	NA	27063
HIP08076	TRBV23-1	ap01	ap01	ap01	0.47,0.53	1	39,88	18.6509499519254	NA	NA	NA	NA	NA	NA	27063
HIP08076	TRBV12-2	ap01	ap01	ap01	0.47,0.53	1	40,57	28.136518654422	NA	NA	NA	NA	NA	NA	27063
HIP08076	TRBV28	Del	ap01	ap01	0.47,0.53	1	176,842	36.3230024603628	NA	NA	NA	NA	NA	NA	27063
HIP08076	TRBV5-1	ap01	ap01	ap01	0.47,0.53	1	792,633	77.4720469450971	NA	NA	NA	NA	NA	NA	27063
HIP08076	TRBV7-2	ap01	ap01	ap01	0.47,0.53	1	802,721	91.3311961361672	NA	NA	NA	NA	NA	NA	27063
HIP08076	TRBV11-2	ap01	ap01	ap01	0.47,0.53	1	238,259	189.120529085602	NA	NA	NA	NA	NA	NA	27063
HIP08076	TRBV6-23	ap01	ap01	ap01	0.47,0.53	1	754,718	92.3293542281369	NA	NA	NA	NA	NA	NA	27063
HIP08076	TRBV10-3	ap01	ap01	ap01	0.47,0.53	1	265,284	211.762318299756	NA	NA	NA	NA	NA	NA	27063
HIP08076	TRBV3-12	ap01	ap01	ap01	0.47,0.53	1	772,690	87.2660120124603	NA	NA	NA	NA	NA	NA	27063
HIP08076	TRBV5-4	ap01	ap01	ap01	0.47,0.53	1	404,387	49.8394425092885	NA	NA	NA	NA	NA	NA	27063
HIP08076	TRBV20-1	ap01,ap02	ap01,ap02	ap01,ap02	0.47,0.53	0.88,0.12	513,683	169.212023854436	73,84	27.5258562506719	NA	NA	NA	NA	27063
HIP08076	TRBV7-3	ap01	ap01	ap01	0.47,0.53	1	383,416	304.556102450927	NA	NA	NA	NA	NA	NA	27063
HIP08076	TRBV6-56	ap01,ap02	ap01,ap02	ap01,ap02	0.47,0.53	0.72,0.28	323,373	121.445266766446	124,141	47.1965388603456	NA	NA	NA	NA	27063
HIP08076	TRBV4-2	ap01	ap01	ap01	0.47,0.53	1	408,310	37.3192568679729	NA	NA	NA	NA	NA	NA	27063
HIP08076	TRBV4-1	ap01	ap01	ap01	0.47,0.53	1	305,237	287.447856884323	NA	NA	NA	NA	NA	NA	27063
HIP08076	TRBV24-1	ap01	ap01	ap01	0.47,0.53	1	224,367	144.618103718817	NA	NA	NA	NA	NA	NA	27063
HIP08076	TRBV5-6	ap01	ap01	ap01	0.47,0.53	1	174,173	224.83289413394	NA	NA	NA	NA	NA	NA	27063
HIP08076	TRBV10-2	ap01	ap01	ap01	0.47,0.53	1	56,44	53.5585419901767	NA	NA	NA	NA	NA	NA	27063
HIP08076	TRBV5-5	ap01	ap01	ap01	0.47,0.53	1	68,54	65.9553543528664	NA	NA	NA	NA	NA	NA	27063
HIP08076	TRBV2	ap01	ap01	ap01	0.47,0.53	1	327,337	264.948300171624	NA	NA	NA	NA	NA	NA	27063
HIP08076	TRBV9	ap01	ap01	ap01	0.47,0.53	1	706,634	80.2867683741419	NA	NA	NA	NA	NA	NA	27063
HIP08076	TRBV7-7	ap01_C315T	ap01	ap01,ap01_C315T	0.47,0.53	0.51,0.49	10,61	9.16240273002956	63,5	11.6505677318911	NA	NA	NA	NA	27063
HIP08076	TRBV6-4	ap01	ap01	ap01	0.47,0.53	1	223,204	259.621855462415	NA	NA	NA	NA	NA	NA	27063
HIP08076	TRBV21-1	ap01	ap01	ap01	0.47,0.53	1	196,342	120.88694712276	NA	NA	NA	NA	NA	NA	27063
HIP08076	TRBV12-34	ap01	ap01	ap01	0.47,0.53	1	584,453	54.9109265908412	NA	NA	NA	NA	NA	NA	27063
HIP08076	TRBV29-1	ap01,ap02	ap01,ap02	ap01,ap02	0.47,0.53	0.83,0.17	118,204	26.667478811353	25,40	6.49139718886844	NA	NA	NA	NA	27063
HIP08076	TRBV6-1	ap01	ap01	ap01	0.47,0.53	1	144,122	151.981685129058	NA	NA	NA	NA	NA	NA	27063
HIP08076	TRBV27	ap01	ap01	ap01	0.47,0.53	1	357,621	220.709283723957	NA	NA	NA	NA	NA	NA	27063
HIP08076	TRBV10-1	ap01	ap01	ap01	0.47,0.53	1	111,172	74.3344043222407	NA	NA	NA	NA	NA	NA	27063
HIP08076	TRBV7-6	ap01	ap01	ap01	0.47,0.53	1	176,166	212.945970161669	NA	NA	NA	NA	NA	NA	27063
HIP08076	TRBV11-3	ap01	ap01	ap01	0.47,0.53	1	132,212	86.3773111866196	NA	NA	NA	NA	NA	NA	27063
HIP08076	TRBV5-8	ap01	ap01	ap01	0.47,0.53	1	57,65	44.4890025156681	NA	NA	NA	NA	NA	NA	27063
HIP08076	TRBV7-8	ap01,ap03	ap01,ap03	ap01,ap03	0.47,0.53	0.57,0.43	105,110	42.4198631515466	72,90	25.2802424030642	NA	NA	NA	NA	27063
HIP08076	TRBV11-1	ap01	ap01	ap01	0.47,0.53	1	55,93	34.7266020429378	NA	NA	NA	NA	NA	NA	27063
HIP08076	TRBV12-1	ap01	ap01	ap01	0.47,0.53	1	27,37	19.3916467674728	NA	NA	NA	NA	NA	NA	27063
HIP08076	TRBV6-7	ap01	ap01	ap01	0.47,0.53	1	20,38	11.4952298902552	NA	NA	NA	NA	NA	NA	27063
HIP08076	TRBV13	ap01	ap01	ap01	0.47,0.53	1	71,90	52.9690157650708	NA	NA	NA	NA	NA	NA	27063
HIP08076	TRBV14	ap01	ap01	ap01	0.47,0.53	1	96,119	72.3486893998565	NA	NA	NA	NA	NA	NA	27063
HIP08076	TRBV30	ap01	ap02	ap01,ap02	0.47,0.53	0.432,0.485,0.083	188,14	35.8288760765006	30,197	31.1455518007126	NA	NA	NA	NA	27063
HIP08076	TRBV15	ap02	ap02	ap02	0.47,0.53	1	87,156	52.5231104187879	NA	NA	NA	NA	NA	NA	27063
HIP08076	TRBV16	ap01	ap01	ap01	0.47,0.53	1	4,3	3.59561465809966	NA	NA	NA	NA	NA	NA	27063
HIP08076	TRBV5-3	ap01	ap01	ap01	0.47,0.53	1	38,80	19.7283442011422	NA	NA	NA	NA	NA	NA	27063
HIP08076	TRBV1	ap01	ap01	ap01	0.47,0.53	1	76,59	71.536615280675	NA	NA	NA	NA	NA	NA	27063
HIP08076	TRBV12-5	ap01	ap01	ap01	0.47,0.53	1	84,88	67.6724821376021	NA	NA	NA	NA	NA	NA	27063
HIP08076	TRBV7-4	ap01	ap01	ap01	0.47,0.53	1	14,25	8.48001324940277	NA	NA	NA	NA	NA	NA	27063
HIP08076	TRBV6-8	ap01	ap01	ap01	0.47,0.53	1	8,10	6.00648701633053	NA	NA	NA	NA	NA	NA	27063
HIP08076	TRBV7-1	ap01_G291C_T296C_C314T	ap01_G291C_T296C	ap01_G291C_T296C,ap01_G291C_T296C_C314T	0.47,0.53	0.52,0.48	2,12	1.78021849442557	13,0	3.59437272014407	NA	NA	NA	NA	27063
HIP08076	TRBV6-9	ap01	ap01	ap01	0.47,0.53	1	8,18	3.83972538520983	NA	NA	NA	NA	NA	NA	27063
HIP08076	TRBV5-7	ap01	ap01	ap01	0.47,0.53	1	9,4	3.66271991264981	NA	NA	NA	NA	NA	NA	27063
HIP08076	TRBV17	Unk	Unk	NA	NA	NA	NA	NA	NA	NA	NA	NA	NA	NA	27063
HIP08076	TRBV26	Unk	Unk	NA	NA	NA	NA	NA	NA	NA	NA	NA	NA	NA	27063
