subject	gene	TRBD2_01	TRBD2_02	alleles	proirs_row	proirs_col	counts1	k1	counts2	k2	counts3	k3	counts4	k4	TOTAL
HIP13722	TRBV19	ap01	ap01	ap01	0.43,0.57	1	130,194	90.5290991768098	NA	NA	NA	NA	NA	NA	8975
HIP13722	TRBV4-2	ap01	ap01	ap01	0.43,0.57	1	132,107	130.064036342776	NA	NA	NA	NA	NA	NA	8975
HIP13722	TRBV10-3	ap01	ap01	ap01	0.43,0.57	1	86,80	101.638971998864	NA	NA	NA	NA	NA	NA	8975
HIP13722	TRBV6-4	ap01	ap01	ap01	0.43,0.57	1	103,73	84.2530656009575	NA	NA	NA	NA	NA	NA	8975
HIP13722	TRBV3-12	ap01	ap01	ap01	0.43,0.57	1	148,170	115.172826831058	NA	NA	NA	NA	NA	NA	8975
HIP13722	TRBV4-3	ap01	ap01	ap01	0.43,0.57	1	128,131	103.42458736971	NA	NA	NA	NA	NA	NA	8975
HIP13722	TRBV6-1	ap01	ap01	ap01	0.43,0.57	1	50,80	33.5369347351488	NA	NA	NA	NA	NA	NA	8975
HIP13722	TRBV12-2	ap01	ap01	ap01	0.43,0.57	1	13,17	9.62429315175348	NA	NA	NA	NA	NA	NA	8975
HIP13722	TRBV6-23	ap01	ap01	ap01	0.43,0.57	1	230,300	170.459091413739	NA	NA	NA	NA	NA	NA	8975
HIP13722	TRBV24-1	ap01	ap01	ap01	0.43,0.57	1	80,138	51.2783321009361	NA	NA	NA	NA	NA	NA	8975
HIP13722	TRBV12-34	ap01	ap01	ap01	0.43,0.57	1	210,170	206.546708444246	NA	NA	NA	NA	NA	NA	8975
HIP13722	TRBV15	ap02	ap02	ap02	0.43,0.57	1	54,75	38.9339598758051	NA	NA	NA	NA	NA	NA	8975
HIP13722	TRBV5-1	ap01	ap01	ap01	0.43,0.57	1	192,259	140.257109333927	NA	NA	NA	NA	NA	NA	8975
HIP13722	TRBV4-1	ap01	ap01	ap01	0.43,0.57	1	106,119	83.144964823544	NA	NA	NA	NA	NA	NA	8975
HIP13722	TRBV11-3	ap01	ap01	ap01	0.43,0.57	1	25,41	16.5303910200442	NA	NA	NA	NA	NA	NA	8975
HIP13722	TRBV20-1	ap01,ap02	ap01,ap02	ap01,ap02	0.43,0.57	0.88,0.12	149,226	44.1986505302274	23,29	8.17649290453465	NA	NA	NA	NA	8975
HIP13722	TRBV2	ap01	ap01	ap01	0.43,0.57	1	111,142	82.9275130841058	NA	NA	NA	NA	NA	NA	8975
HIP13722	TRBV27	ap01	ap01	ap01	0.43,0.57	1	111,303	44.5972211317423	NA	NA	NA	NA	NA	NA	8975
HIP13722	TRBV7-9	ap01	ap01	ap01	0.43,0.57	1	135,210	91.9781818700831	NA	NA	NA	NA	NA	NA	8975
HIP13722	TRBV5-6	ap01	ap01	ap01	0.43,0.57	1	64,67	51.3551791635598	NA	NA	NA	NA	NA	NA	8975
HIP13722	TRBV28	Del	ap01	ap01	0.43,0.57	1	47,283	17.9475463657372	NA	NA	NA	NA	NA	NA	8975
HIP13722	TRBV6-56	ap01,ap02	ap01,ap02	ap01,ap02	0.43,0.57	0.75,0.25	111,154	36.2301698255047	45,45	39.4306212242834	NA	NA	NA	NA	8975
HIP13722	TRBV18	ap01	ap01	ap01	0.43,0.57	1	71,123	45.3845296571274	NA	NA	NA	NA	NA	NA	8975
HIP13722	TRBV30	ap01	ap01	ap01	0.43,0.57	1	98,130	72.1128381947012	NA	NA	NA	NA	NA	NA	8975
HIP13722	TRBV5-4	ap01	ap01	ap01	0.43,0.57	1	115,146	86.1818510969902	NA	NA	NA	NA	NA	NA	8975
HIP13722	TRBV29-1	ap01,ap02	ap01,ap02	ap01,ap02	0.43,0.57	0.78,0.22	51,108	8.0795634900494	12,33	0.155619741647154	NA	NA	NA	NA	8975
HIP13722	TRBV6-7	ap01	ap01	ap01	0.43,0.57	1	11,4	2.76187824187432	NA	NA	NA	NA	NA	NA	8975
HIP13722	TRBV10-2	ap01	ap01	ap01	0.43,0.57	1	15,41	6.01378251253112	NA	NA	NA	NA	NA	NA	8975
HIP13722	TRBV7-2	ap01	ap01	ap01	0.43,0.57	1	218,247	170.457207623824	NA	NA	NA	NA	NA	NA	8975
HIP13722	TRBV9	ap01	ap01	ap01	0.43,0.57	1	177,107	114.481474236343	NA	NA	NA	NA	NA	NA	8975
HIP13722	TRBV7-7	ap01_C315T	ap01_C315T	ap01_C315T	0.43,0.57	1	19,29	13.0773420858988	NA	NA	NA	NA	NA	NA	8975
HIP13722	TRBV14	ap01	ap01	ap01	0.43,0.57	1	41,59	29.0715903765214	NA	NA	NA	NA	NA	NA	8975
HIP13722	TRBV7-6	ap01	ap01	ap01	0.43,0.57	1	54,61	42.267028741228	NA	NA	NA	NA	NA	NA	8975
HIP13722	TRBV10-1	ap01	ap01	ap01	0.43,0.57	1	21,63	7.0860679713744	NA	NA	NA	NA	NA	NA	8975
HIP13722	TRBV11-2	ap01	ap01	ap01	0.43,0.57	1	67,91	48.7963293750888	NA	NA	NA	NA	NA	NA	8975
HIP13722	TRBV7-4	ap01	ap01	ap01	0.43,0.57	1	6,6	7.77874852097913	NA	NA	NA	NA	NA	NA	8975
HIP13722	TRBV5-5	ap01	ap01	ap01	0.43,0.57	1	21,24	16.3710455250525	NA	NA	NA	NA	NA	NA	8975
HIP13722	TRBV12-1	ap01	ap01	ap01	0.43,0.57	1	8,6	7.08619020513767	NA	NA	NA	NA	NA	NA	8975
HIP13722	TRBV5-7	Unk	ap01	ap01	0.43,0.57	1	1,6	0.376797234429937	NA	NA	NA	NA	NA	NA	8975
HIP13722	TRBV12-5	ap01	ap01	ap01	0.43,0.57	1	29,30	23.3558742458817	NA	NA	NA	NA	NA	NA	8975
HIP13722	TRBV11-1	ap01	ap01	ap01	0.43,0.57	1	13,12	15.2112178840375	NA	NA	NA	NA	NA	NA	8975
HIP13722	TRBV25-1	ap01	ap01	ap01	0.43,0.57	1	25,62	11.5307877219098	NA	NA	NA	NA	NA	NA	8975
HIP13722	TRBV23-1	ap01	ap01	ap01	0.43,0.57	1	16,27	10.3985122287053	NA	NA	NA	NA	NA	NA	8975
HIP13722	TRBV21-1	ap01	ap01	ap01	0.43,0.57	1	49,79	32.7233502319277	NA	NA	NA	NA	NA	NA	8975
HIP13722	TRBV6-8	ap01	ap01	ap01	0.43,0.57	1	2,6	0.674863616321372	NA	NA	NA	NA	NA	NA	8975
HIP13722	TRBV13	ap01	ap01	ap01	0.43,0.57	1	39,37	47.2763908968632	NA	NA	NA	NA	NA	NA	8975
HIP13722	TRBV5-8	ap01	ap01	ap01	0.43,0.57	1	11,27	5.14020797494879	NA	NA	NA	NA	NA	NA	8975
HIP13722	TRBV7-3	ap01	ap03	ap01,ap03	0.43,0.57	0.58,0.42	92,2	26.0319902896063	9,58	7.53148585431127	NA	NA	NA	NA	8975
HIP13722	TRBV7-8	ap01,ap03	ap01,ap03	ap01,ap03	0.43,0.57	0.57,0.43	20,26	6.92997733851024	14,21	4.20692513396377	NA	NA	NA	NA	8975
HIP13722	TRBV1	ap01	ap01	ap01	0.43,0.57	1	13,17	9.62429315175348	NA	NA	NA	NA	NA	NA	8975
HIP13722	TRBV5-3	ap01	ap01	ap01	0.43,0.57	1	10,18	6.23123425196935	NA	NA	NA	NA	NA	NA	8975
HIP13722	TRBV6-9	ap01	ap01	ap01	0.43,0.57	1	3,10	0.774219076951849	NA	NA	NA	NA	NA	NA	8975
HIP13722	TRBV7-1	ap01_G291C_T296C	ap01_G291C_T296C	ap01_G291C_T296C	0.43,0.57	1	2,5	0.912939963851579	NA	NA	NA	NA	NA	NA	8975
HIP13722	TRBV16	ap01	ap01	ap01	0.43,0.57	1	2,3	1.38909265891199	NA	NA	NA	NA	NA	NA	8975
HIP13722	TRBV17	Unk	Unk	NA	NA	NA	NA	NA	NA	NA	NA	NA	NA	NA	8975
HIP13722	TRBV26	Unk	Unk	NA	NA	NA	NA	NA	NA	NA	NA	NA	NA	NA	8975
