subject	gene	TRBD2_01	TRBD2_02	alleles	proirs_row	proirs_col	counts1	k1	counts2	k2	counts3	k3	counts4	k4	TOTAL
HIP13920	TRBV9	ap01	ap01	ap01	0.45,0.55	1	386,427	304.895079747114	NA	NA	NA	NA	NA	NA	20163
HIP13920	TRBV4-2	ap01	ap01	ap01	0.45,0.55	1	216,233	172.143156531951	NA	NA	NA	NA	NA	NA	20163
HIP13920	TRBV20-1	ap01,ap02	ap01,ap02	ap01,ap02	0.45,0.55	0.87,0.13	468,564	171.145900823943	72,82	27.5141210823898	NA	NA	NA	NA	20163
HIP13920	TRBV7-9	ap01	ap01	ap01	0.45,0.55	1	362,396	287.082427123347	NA	NA	NA	NA	NA	NA	20163
HIP13920	TRBV6-4	ap01	ap01	ap01	0.45,0.55	1	178,169	216.799910433707	NA	NA	NA	NA	NA	NA	20163
HIP13920	TRBV10-2	ap01	ap01	ap01	0.45,0.55	1	90,93	72.7763783792268	NA	NA	NA	NA	NA	NA	20163
HIP13920	TRBV7-2	ap01	ap01	ap01	0.45,0.55	1	229,541	106.905029679392	NA	NA	NA	NA	NA	NA	20163
HIP13920	TRBV10-1	ap01	ap01	ap01	0.45,0.55	1	124,160	92.0748982768473	NA	NA	NA	NA	NA	NA	20163
HIP13920	TRBV13	ap01	ap01	ap01	0.45,0.55	1	89,97	70.6733883871205	NA	NA	NA	NA	NA	NA	20163
HIP13920	TRBV23-1	ap01	ap01	ap01	0.45,0.55	1	49,74	33.6137620507541	NA	NA	NA	NA	NA	NA	20163
HIP13920	TRBV6-56	ap01,ap02	ap01,ap02	ap01,ap02	0.45,0.55	0.74,0.26	260,270	105.8387464166	97,90	76.9360323688874	NA	NA	NA	NA	20163
HIP13920	TRBV19	ap01	ap01	ap01	0.45,0.55	1	296,435	206.145710613043	NA	NA	NA	NA	NA	NA	20163
HIP13920	TRBV4-1	ap01	ap01	ap01	0.45,0.55	1	339,243	284.853486744134	NA	NA	NA	NA	NA	NA	20163
HIP13920	TRBV11-3	ap01	ap01	ap01	0.45,0.55	1	91,113	68.7075685880037	NA	NA	NA	NA	NA	NA	20163
HIP13920	TRBV5-1	ap01	ap01	ap01	0.45,0.55	1	776,656	81.4017204292933	NA	NA	NA	NA	NA	NA	20163
HIP13920	TRBV2	ap01	ap01	ap01	0.45,0.55	1	410,275	313.86132111542	NA	NA	NA	NA	NA	NA	20163
HIP13920	TRBV4-3	Del	ap01	ap01	0.45,0.55	1	41,302	33.6131894499535	NA	NA	NA	NA	NA	NA	20163
HIP13920	TRBV6-23	ap01	ap01	ap01	0.45,0.55	1	223,533	102.516156104527	NA	NA	NA	NA	NA	NA	20163
HIP13920	TRBV3-12	ap01	ap01	ap01	0.45,0.55	1	480,445	56.7206603631159	NA	NA	NA	NA	NA	NA	20163
HIP13920	TRBV12-34	ap01	ap01	ap01	0.45,0.55	1	457,563	34.6200872978399	NA	NA	NA	NA	NA	NA	20163
HIP13920	TRBV5-4	ap01	ap01	ap01	0.45,0.55	1	212,246	164.502671536442	NA	NA	NA	NA	NA	NA	20163
HIP13920	TRBV21-1	ap01	ap01	ap01	0.45,0.55	1	150,250	96.8639231563657	NA	NA	NA	NA	NA	NA	20163
HIP13920	TRBV25-1	ap01	ap01	ap01	0.45,0.55	1	74,87	57.129621206903	NA	NA	NA	NA	NA	NA	20163
HIP13920	TRBV27	ap01	ap01	ap01	0.45,0.55	1	288,538	171.063549650509	NA	NA	NA	NA	NA	NA	20163
HIP13920	TRBV5-6	ap01	ap01	ap01	0.45,0.55	1	153,152	197.287353722807	NA	NA	NA	NA	NA	NA	20163
HIP13920	TRBV6-8	ap01	ap01	ap01	0.45,0.55	1	8,9	6.28042864032954	NA	NA	NA	NA	NA	NA	20163
HIP13920	TRBV7-3	ap01	ap01	ap01	0.45,0.55	1	317,303	38.9391635725978	NA	NA	NA	NA	NA	NA	20163
HIP13920	TRBV30	ap01	Del	ap01	0.45,0.55	1	292,46	19.7981852990171	NA	NA	NA	NA	NA	NA	20163
HIP13920	TRBV6-1	ap01	ap01	ap01	0.45,0.55	1	224,117	117.485004064771	NA	NA	NA	NA	NA	NA	20163
HIP13920	TRBV24-1	ap01	ap01	ap01	0.45,0.55	1	141,268	82.5658630649058	NA	NA	NA	NA	NA	NA	20163
HIP13920	TRBV7-8	ap01,ap03	ap01,ap03	ap01,ap03	0.45,0.55	0.61,0.39	67,86	23.1967297994774	41,58	12.8611095517396	NA	NA	NA	NA	20163
HIP13920	TRBV10-3	ap01	ap01	ap01	0.45,0.55	1	154,172	121.219699231725	NA	NA	NA	NA	NA	NA	20163
HIP13920	TRBV5-3	ap01	ap01	ap01	0.45,0.55	1	37,53	26.1218065225503	NA	NA	NA	NA	NA	NA	20163
HIP13920	TRBV1	ap01	ap01	ap01	0.45,0.55	1	50,49	63.3799424414306	NA	NA	NA	NA	NA	NA	20163
HIP13920	TRBV29-1	ap01,ap02	ap01,ap02	ap01,ap02	0.45,0.55	0.84,0.16	101,91	76.9452802509574	25,11	5.59971429466756	NA	NA	NA	NA	20163
HIP13920	TRBV18	ap01	ap01	ap01	0.45,0.55	1	157,204	116.213702938607	NA	NA	NA	NA	NA	NA	20163
HIP13920	TRBV7-7	ap01,ap01_C315T	ap01_C315T	ap01,ap01_C315T	0.45,0.55	0.58,0.42	38,2	8.66253727569993	8,21	0.105655659189655	NA	NA	NA	NA	20163
HIP13920	TRBV5-5	ap01	ap01	ap01	0.45,0.55	1	17,44	6.94909754360362	NA	NA	NA	NA	NA	NA	20163
HIP13920	TRBV28	Del	ap01	ap01	0.45,0.55	1	118,550	14.6629883715644	NA	NA	NA	NA	NA	NA	20163
HIP13920	TRBV7-6	ap01	ap01	ap01	0.45,0.55	1	100,125	75.2908789503018	NA	NA	NA	NA	NA	NA	20163
HIP13920	TRBV12-2	ap01	ap01	ap01	0.45,0.55	1	28,36	20.8242877817791	NA	NA	NA	NA	NA	NA	20163
HIP13920	TRBV11-1	ap01	ap01	ap01	0.45,0.55	1	43,28	31.5482650104582	NA	NA	NA	NA	NA	NA	20163
HIP13920	TRBV5-8	ap01	ap01	ap01	0.45,0.55	1	42,37	46.484745736024	NA	NA	NA	NA	NA	NA	20163
HIP13920	TRBV11-2	ap01	ap01	ap01	0.45,0.55	1	228,244	182.206695303209	NA	NA	NA	NA	NA	NA	20163
HIP13920	TRBV7-4	ap01	ap01	ap01	0.45,0.55	1	13,28	6.76620395295087	NA	NA	NA	NA	NA	NA	20163
HIP13920	TRBV14	ap01	ap01	ap01	0.45,0.55	1	81,128	54.1066267745752	NA	NA	NA	NA	NA	NA	20163
HIP13920	TRBV12-5	ap01	ap01	ap01	0.45,0.55	1	44,61	31.5850367923004	NA	NA	NA	NA	NA	NA	20163
HIP13920	TRBV7-1	ap01_G291C_T296C	ap01_G291C_T296C	ap01_G291C_T296C	0.45,0.55	1	7,8	5.46323026975017	NA	NA	NA	NA	NA	NA	20163
HIP13920	TRBV6-7	ap01	ap01	ap01	0.45,0.55	1	16,26	10.5035906862159	NA	NA	NA	NA	NA	NA	20163
HIP13920	TRBV12-1	ap01	ap01	ap01	0.45,0.55	1	19,22	14.7552940680918	NA	NA	NA	NA	NA	NA	20163
HIP13920	TRBV5-7	ap01	ap01	ap01	0.45,0.55	1	2,5	0.862921768242554	NA	NA	NA	NA	NA	NA	20163
HIP13920	TRBV6-9	ap01	ap01	ap01	0.45,0.55	1	7,7	9.10050367931684	NA	NA	NA	NA	NA	NA	20163
HIP13920	TRBV15	ap02	ap02	ap02	0.45,0.55	1	95,154	62.4615040710216	NA	NA	NA	NA	NA	NA	20163
HIP13920	TRBV26	Unk	ap01	ap01	0.45,0.55	1	0,1	0.257158324305393	NA	NA	NA	NA	NA	NA	20163
HIP13920	TRBV16	Unk	ap01	ap01	0.45,0.55	1	0,5	1.28579162152696	NA	NA	NA	NA	NA	NA	20163
HIP13920	TRBV17	Unk	Unk	NA	NA	NA	NA	NA	NA	NA	NA	NA	NA	NA	20163
