subject	gene	TRBD2_01	TRBD2_02	alleles	proirs_row	proirs_col	counts1	k1	counts2	k2	counts3	k3	counts4	k4	TOTAL
HIP03677	TRBV2	ap01	ap01	ap01	0.35,0.65	1	329,531	222.459802156992	NA	NA	NA	NA	NA	NA	23861
HIP03677	TRBV24-1	ap01	ap01	ap01	0.35,0.65	1	239,451	149.555074600062	NA	NA	NA	NA	NA	NA	23861
HIP03677	TRBV5-1	ap01	ap01	ap01	0.35,0.65	1	744,1259	49.2324449906476	NA	NA	NA	NA	NA	NA	23861
HIP03677	TRBV29-1	ap01,ap02	ap01,ap02	ap01,ap02	0.35,0.65	0.83,0.17	124,118	99.5451711065815	27,23	18.3454173583978	NA	NA	NA	NA	23861
HIP03677	TRBV6-23	ap01	ap01	ap01	0.35,0.65	1	145,231	98.6035719827413	NA	NA	NA	NA	NA	NA	23861
HIP03677	TRBV3-12	ap01	ap01	ap01	0.35,0.65	1	502,653	36.8466415976889	NA	NA	NA	NA	NA	NA	23861
HIP03677	TRBV21-1	ap01	ap01	ap01	0.35,0.65	1	107,243	59.3690553478235	NA	NA	NA	NA	NA	NA	23861
HIP03677	TRBV7-6	ap01	ap01	ap01	0.35,0.65	1	89,179	53.6509469235746	NA	NA	NA	NA	NA	NA	23861
HIP03677	TRBV27	ap01	ap01	ap01	0.35,0.65	1	260,626	137.700409683711	NA	NA	NA	NA	NA	NA	23861
HIP03677	TRBV5-6	ap01	ap01	ap01	0.35,0.65	1	149,242	100.469221714813	NA	NA	NA	NA	NA	NA	23861
HIP03677	TRBV5-8	ap01	ap01	ap01	0.35,0.65	1	31,40	22.8138558025737	NA	NA	NA	NA	NA	NA	23861
HIP03677	TRBV19	ap01	ap01	ap01	0.35,0.65	1	288,579	173.655620283316	NA	NA	NA	NA	NA	NA	23861
HIP03677	TRBV4-2	ap01	ap01	ap01	0.35,0.65	1	214,280	156.77445319461	NA	NA	NA	NA	NA	NA	23861
HIP03677	TRBV4-1	ap01	ap01	ap01	0.35,0.65	1	364,555	252.124653553151	NA	NA	NA	NA	NA	NA	23861
HIP03677	TRBV6-56	ap01,ap02	ap01,ap02	ap01,ap02	0.35,0.65	0.7,0.3	220,424	51.9395166619524	96,175	24.455588226741	NA	NA	NA	NA	23861
HIP03677	TRBV7-3	ap01	ap01	ap01	0.35,0.65	1	250,390	171.534233950784	NA	NA	NA	NA	NA	NA	23861
HIP03677	TRBV20-1	ap01,ap02	ap01,ap02	ap01,ap02	0.35,0.65	0.84,0.16	453,813	117.684866019731	89,145	25.7544976477901	NA	NA	NA	NA	23861
HIP03677	TRBV9	ap01	ap01	ap01	0.35,0.65	1	410,671	275.518371084784	NA	NA	NA	NA	NA	NA	23861
HIP03677	TRBV6-4	ap01	ap01	ap01	0.35,0.65	1	136,205	94.6366631347247	NA	NA	NA	NA	NA	NA	23861
HIP03677	TRBV5-4	ap01	ap01	ap01	0.35,0.65	1	234,415	151.331306709739	NA	NA	NA	NA	NA	NA	23861
HIP03677	TRBV10-3	ap01	ap01	ap01	0.35,0.65	1	165,262	112.363239186667	NA	NA	NA	NA	NA	NA	23861
HIP03677	TRBV6-7	ap01	ap01	ap01	0.35,0.65	1	14,34	7.3606650391692	NA	NA	NA	NA	NA	NA	23861
HIP03677	TRBV10-1	ap01	ap01	ap01	0.35,0.65	1	114,225	69.5118732434455	NA	NA	NA	NA	NA	NA	23861
HIP03677	TRBV6-1	ap01	ap01	ap01	0.35,0.65	1	172,235	124.167839036127	NA	NA	NA	NA	NA	NA	23861
HIP03677	TRBV25-1	ap01	ap01	ap01	0.35,0.65	1	104,217	61.2472213466174	NA	NA	NA	NA	NA	NA	23861
HIP03677	TRBV13	ap01	ap01	ap01	0.35,0.65	1	99,121	74.1019998152162	NA	NA	NA	NA	NA	NA	23861
HIP03677	TRBV11-3	ap01	ap01	ap01	0.35,0.65	1	93,377	20.9884605036745	NA	NA	NA	NA	NA	NA	23861
HIP03677	TRBV15	ap02	ap02	ap02	0.35,0.65	1	105,213	62.959970245014	NA	NA	NA	NA	NA	NA	23861
HIP03677	TRBV7-2	ap01	ap01	ap01	0.35,0.65	1	166,262	113.337418327802	NA	NA	NA	NA	NA	NA	23861
HIP03677	TRBV11-2	ap01	ap01	ap01	0.35,0.65	1	149,262	96.7763729285056	NA	NA	NA	NA	NA	NA	23861
HIP03677	TRBV7-8	ap01,ap03	ap01,ap03	ap01,ap03	0.35,0.65	0.72,0.28	75,138	18.8768637005115	29,54	7.18463340221284	NA	NA	NA	NA	23861
HIP03677	TRBV7-9	ap01	ap01	ap01	0.35,0.65	1	106,544	2.81750197276624	NA	NA	NA	NA	NA	NA	23861
HIP03677	TRBV30	ap02	ap01,ap03	ap01,ap02,ap03	0.35,0.65	0.653,0.255,0.092	64,412	36.4965963481339	169,17	42.1217765978876	13,54	2.10577670520293	NA	NA	23861
HIP03677	TRBV12-34	ap01	ap01	ap01	0.35,0.65	1	452,731	305.355348653537	NA	NA	NA	NA	NA	NA	23861
HIP03677	TRBV28	ap01	ap01	ap01	0.35,0.65	1	192,896	21.602769471379	NA	NA	NA	NA	NA	NA	23861
HIP03677	TRBV5-3	ap01	ap01	ap01	0.35,0.65	1	33,48	23.285074570321	NA	NA	NA	NA	NA	NA	23861
HIP03677	TRBV14	ap01	ap01	ap01	0.35,0.65	1	92,192	54.1731326358802	NA	NA	NA	NA	NA	NA	23861
HIP03677	TRBV6-8	ap01	ap01	ap01	0.35,0.65	1	7,17	3.6803325195846	NA	NA	NA	NA	NA	NA	23861
HIP03677	TRBV10-2	ap01	ap01	ap01	0.35,0.65	1	62,118	38.6112989111638	NA	NA	NA	NA	NA	NA	23861
HIP03677	TRBV7-7	ap01	ap01_C315T	ap01,ap01_C315T	0.35,0.65	0.19,0.81	18,3	3.016080139457	9,78	8.71915030649165	NA	NA	NA	NA	23861
HIP03677	TRBV12-5	ap01	ap01	ap01	0.35,0.65	1	66,151	36.4148149782974	NA	NA	NA	NA	NA	NA	23861
HIP03677	TRBV18	ap01	ap01	ap01	0.35,0.65	1	95,158	63.3735129960076	NA	NA	NA	NA	NA	NA	23861
HIP03677	TRBV5-5	ap01	ap01	ap01	0.35,0.65	1	37,65	24.0428696665003	NA	NA	NA	NA	NA	NA	23861
HIP03677	TRBV12-2	ap01	ap01	ap01	0.35,0.65	1	31,62	18.7517221376358	NA	NA	NA	NA	NA	NA	23861
HIP03677	TRBV23-1	ap01	ap01	ap01	0.35,0.65	1	31,70	17.274582623113	NA	NA	NA	NA	NA	NA	23861
HIP03677	TRBV6-9	ap01	ap01	ap01	0.35,0.65	1	7,17	3.6803325195846	NA	NA	NA	NA	NA	NA	23861
HIP03677	TRBV1	ap01	ap01	ap01	0.35,0.65	1	51,66	37.4967352030763	NA	NA	NA	NA	NA	NA	23861
HIP03677	TRBV7-4	ap01	ap01	ap01	0.35,0.65	1	12,42	3.93516724237617	NA	NA	NA	NA	NA	NA	23861
HIP03677	TRBV12-1	ap01	ap01	ap01	0.35,0.65	1	8,26	2.99272970688149	NA	NA	NA	NA	NA	NA	23861
HIP03677	TRBV11-1	ap01	ap01	ap01	0.35,0.65	1	22,54	11.4612493819428	NA	NA	NA	NA	NA	NA	23861
HIP03677	TRBV7-1	ap01_G291C_T296C	ap01_G291C_T296C	ap01_G291C_T296C	0.35,0.65	1	6,8	4.36793533228771	NA	NA	NA	NA	NA	NA	23861
HIP03677	TRBV5-7	ap01	ap01	ap01	0.35,0.65	1	2,3	1.39443096432412	NA	NA	NA	NA	NA	NA	23861
HIP03677	TRBV16	ap01	ap01	ap01	0.35,0.65	1	4,6	2.78886192864824	NA	NA	NA	NA	NA	NA	23861
HIP03677	TRBV17	Unk	ap01	ap01	0.35,0.65	1	0,1	0.184642439315356	NA	NA	NA	NA	NA	NA	23861
HIP03677	TRBV26	Unk	Unk	NA	NA	NA	NA	NA	NA	NA	NA	NA	NA	NA	23861
HIP03677	TRBV4-3	Del	Del	Del	NA	NA	NA	1000	NA	NA	NA	NA	NA	NA	23861
