subject	gene	TRBD2_01	TRBD2_02	alleles	proirs_row	proirs_col	counts1	k1	counts2	k2	counts3	k3	counts4	k4	TOTAL
HIP13710	TRBV27	ap01	ap01	ap01	0.45,0.55	1	270,551	148.780377747215	NA	NA	NA	NA	NA	NA	22767
HIP13710	TRBV11-3	ap01	ap01	ap01	0.45,0.55	1	125,114	144.602585878539	NA	NA	NA	NA	NA	NA	22767
HIP13710	TRBV3-12	ap01	ap01	ap01	0.45,0.55	1	523,505	65.0564336975072	NA	NA	NA	NA	NA	NA	22767
HIP13710	TRBV19	ap01	ap01	ap01	0.45,0.55	1	349,531	238.618081182476	NA	NA	NA	NA	NA	NA	22767
HIP13710	TRBV4-2	ap01	ap01	ap01	0.45,0.55	1	322,256	311.281351163177	NA	NA	NA	NA	NA	NA	22767
HIP13710	TRBV4-1	ap01	ap01	ap01	0.45,0.55	1	231,276	177.222092675923	NA	NA	NA	NA	NA	NA	22767
HIP13710	TRBV2	ap01	ap01	ap01	0.45,0.55	1	306,369	233.895606606973	NA	NA	NA	NA	NA	NA	22767
HIP13710	TRBV6-23	ap01	ap01	ap01	0.45,0.55	1	541,559	43.738274283464	NA	NA	NA	NA	NA	NA	22767
HIP13710	TRBV20-1	ap01,ap02	ap01,ap02	ap01,ap02	0.45,0.55	0.86,0.14	454,612	150.153854833402	84,83	72.5266083228984	NA	NA	NA	NA	22767
HIP13710	TRBV4-3	ap01	ap01	ap01	0.45,0.55	1	388,458	299.098691863339	NA	NA	NA	NA	NA	NA	22767
HIP13710	TRBV5-4	ap01	ap01	ap01	0.45,0.55	1	85,288	17.5713139025822	NA	NA	NA	NA	NA	NA	22767
HIP13710	TRBV6-4	ap01	ap01	ap01	0.45,0.55	1	223,184	226.479400597911	NA	NA	NA	NA	NA	NA	22767
HIP13710	TRBV6-56	ap01,ap02	ap01,ap02	ap01,ap02	0.45,0.55	0.75,0.25	307,326	123.2057126744	110,106	91.8320928827031	NA	NA	NA	NA	22767
HIP13710	TRBV7-9	ap01	ap01	ap01	0.45,0.55	1	333,433	246.499481456622	NA	NA	NA	NA	NA	NA	22767
HIP13710	TRBV13	ap01	ap01	ap01	0.45,0.55	1	110,96	120.229024206856	NA	NA	NA	NA	NA	NA	22767
HIP13710	TRBV29-1	ap01,ap02	ap01,ap02	ap01,ap02	0.45,0.55	0.79,0.21	137,206	40.0508356097399	35,56	9.40004802152548	NA	NA	NA	NA	22767
HIP13710	TRBV7-2	ap01	ap01	ap01	0.45,0.55	1	634,593	75.7465600346713	NA	NA	NA	NA	NA	NA	22767
HIP13710	TRBV5-1	ap01	ap01	ap01	0.45,0.55	1	557,685	42.2346672683861	NA	NA	NA	NA	NA	NA	22767
HIP13710	TRBV10-3	ap01	ap01	ap01	0.45,0.55	1	137,161	105.792671227308	NA	NA	NA	NA	NA	NA	22767
HIP13710	TRBV11-2	ap01	ap01	ap01	0.45,0.55	1	255,236	300.580271650537	NA	NA	NA	NA	NA	NA	22767
HIP13710	TRBV6-1	ap01	ap01	ap01	0.45,0.55	1	139,135	174.177460044861	NA	NA	NA	NA	NA	NA	22767
HIP13710	TRBV9	ap01	ap01	ap01	0.45,0.55	1	543,576	43.5183829160586	NA	NA	NA	NA	NA	NA	22767
HIP13710	TRBV10-1	ap01	ap01	ap01	0.45,0.55	1	103,115	81.081890114027	NA	NA	NA	NA	NA	NA	22767
HIP13710	TRBV12-5	ap01	ap01	ap01	0.45,0.55	1	58,62	46.3623147677335	NA	NA	NA	NA	NA	NA	22767
HIP13710	TRBV7-3	ap01	ap01	ap01	0.45,0.55	1	295,293	38.0204043121396	NA	NA	NA	NA	NA	NA	22767
HIP13710	TRBV7-6	ap01	ap01	ap01	0.45,0.55	1	130,136	104.67329370279	NA	NA	NA	NA	NA	NA	22767
HIP13710	TRBV15	ap02	ap02	ap02	0.45,0.55	1	120,154	89.3488978840205	NA	NA	NA	NA	NA	NA	22767
HIP13710	TRBV5-8	ap01	ap01	ap01	0.45,0.55	1	44,57	32.6249831312526	NA	NA	NA	NA	NA	NA	22767
HIP13710	TRBV24-1	ap01	ap01	ap01	0.45,0.55	1	227,394	142.780283550885	NA	NA	NA	NA	NA	NA	22767
HIP13710	TRBV25-1	ap01	ap01	ap01	0.45,0.55	1	68,117	43.033464122426	NA	NA	NA	NA	NA	NA	22767
HIP13710	TRBV12-1	ap01	ap01	ap01	0.45,0.55	1	17,13	15.5962263505205	NA	NA	NA	NA	NA	NA	22767
HIP13710	TRBV1	ap01	ap01	ap01	0.45,0.55	1	39,55	27.7735483876878	NA	NA	NA	NA	NA	NA	22767
HIP13710	TRBV7-7	ap01_C315T	ap01_C315T	ap01_C315T	0.45,0.55	1	41,66	27.1077782586263	NA	NA	NA	NA	NA	NA	22767
HIP13710	TRBV21-1	ap01	ap01	ap01	0.45,0.55	1	161,259	106.491243100195	NA	NA	NA	NA	NA	NA	22767
HIP13710	TRBV12-34	ap01	ap01	ap01	0.45,0.55	1	448,390	48.8064286913773	NA	NA	NA	NA	NA	NA	22767
HIP13710	TRBV28	Del	ap01	ap01	0.45,0.55	1	162,805	31.9523229757533	NA	NA	NA	NA	NA	NA	22767
HIP13710	TRBV18	ap01	ap01	ap01	0.45,0.55	1	190,241	142.193072768168	NA	NA	NA	NA	NA	NA	22767
HIP13710	TRBV30	ap01	ap01	ap01	0.45,0.55	1	269,274	218.488008222661	NA	NA	NA	NA	NA	NA	22767
HIP13710	TRBV6-7	ap01	ap01	ap01	0.45,0.55	1	25,13	12.9926784281773	NA	NA	NA	NA	NA	NA	22767
HIP13710	TRBV7-8	ap01,ap03	ap01,ap03	ap01,ap03	0.45,0.55	0.52,0.48	76,78	31.1673949642456	63,78	22.544711582762	NA	NA	NA	NA	22767
HIP13710	TRBV12-2	ap01	ap01	ap01	0.45,0.55	1	37,33	41.5931499069698	NA	NA	NA	NA	NA	NA	22767
HIP13710	TRBV7-4	ap01	ap01	ap01	0.45,0.55	1	18,19	14.4499827716814	NA	NA	NA	NA	NA	NA	22767
HIP13710	TRBV5-6	ap01	ap01	ap01	0.45,0.55	1	126,34	14.2539689390177	NA	NA	NA	NA	NA	NA	22767
HIP13710	TRBV5-3	ap01	ap01	ap01	0.45,0.55	1	31,47	21.2377676339781	NA	NA	NA	NA	NA	NA	22767
HIP13710	TRBV11-1	ap01	ap01	ap01	0.45,0.55	1	34,53	22.9221136441229	NA	NA	NA	NA	NA	NA	22767
HIP13710	TRBV10-2	ap01	ap01	ap01	0.45,0.55	1	88,38	33.121980242609	NA	NA	NA	NA	NA	NA	22767
HIP13710	TRBV7-1	ap01_G291C_T296C	ap01_G291C_T296C	ap01_G291C_T296C	0.45,0.55	1	5,14	1.78514765357964	NA	NA	NA	NA	NA	NA	22767
HIP13710	TRBV14	ap01	ap01	ap01	0.45,0.55	1	85,121	60.2438092382098	NA	NA	NA	NA	NA	NA	22767
HIP13710	TRBV6-9	ap01	ap01	ap01	0.45,0.55	1	6,11	3.62421594445509	NA	NA	NA	NA	NA	NA	22767
HIP13710	TRBV23-1	ap01	ap01	ap01	0.45,0.55	1	42,63	28.9468465495017	NA	NA	NA	NA	NA	NA	22767
HIP13710	TRBV5-5	ap01	ap01	ap01	0.45,0.55	1	44,60	31.8584113587563	NA	NA	NA	NA	NA	NA	22767
HIP13710	TRBV6-8	ap01	ap01	ap01	0.45,0.55	1	4,9	1.99027075602767	NA	NA	NA	NA	NA	NA	22767
HIP13710	TRBV5-7	ap01	Unk	ap01	0.45,0.55	1	5,1	0.00192778334910543	NA	NA	NA	NA	NA	NA	22767
HIP13710	TRBV16	ap01	ap01	ap01	0.45,0.55	1	2,8	0.100801643434814	NA	NA	NA	NA	NA	NA	22767
HIP13710	TRBV17	Unk	Unk	NA	NA	NA	NA	NA	NA	NA	NA	NA	NA	NA	22767
HIP13710	TRBV26	Unk	Unk	NA	NA	NA	NA	NA	NA	NA	NA	NA	NA	NA	22767
