subject	gene	TRBD2_01	TRBD2_02	alleles	proirs_row	proirs_col	counts1	k1	counts2	k2	counts3	k3	counts4	k4	TOTAL
HIP14194	TRBV3-12	ap01	ap01	ap01	0.46,0.54	1	964,804	99.5058540086431	NA	NA	NA	NA	NA	NA	34562
HIP14194	TRBV20-1	ap01,ap02	ap01,ap02	ap01,ap02	0.46,0.54	0.86,0.14	560,822	166.836598571193	88,137	24.2307129902993	NA	NA	NA	NA	34562
HIP14194	TRBV25-1	ap01	ap01	ap01	0.46,0.54	1	141,183	104.278196556417	NA	NA	NA	NA	NA	NA	34562
HIP14194	TRBV4-3	ap01	ap01	ap01	0.46,0.54	1	443,483	35.1802601552601	NA	NA	NA	NA	NA	NA	34562
HIP14194	TRBV10-3	ap01	ap01	ap01	0.46,0.54	1	378,404	302.32143305268	NA	NA	NA	NA	NA	NA	34562
HIP14194	TRBV19	ap01	ap01	ap01	0.46,0.54	1	473,823	294.83595503996	NA	NA	NA	NA	NA	NA	34562
HIP14194	TRBV14	ap01	ap01	ap01	0.46,0.54	1	143,243	90.6650135878299	NA	NA	NA	NA	NA	NA	34562
HIP14194	TRBV10-2	ap01	ap01	ap01	0.46,0.54	1	62,152	27.0461769230977	NA	NA	NA	NA	NA	NA	34562
HIP14194	TRBV12-5	ap01	ap01	ap01	0.46,0.54	1	97,155	64.0850457280425	NA	NA	NA	NA	NA	NA	34562
HIP14194	TRBV5-1	ap01	ap01	ap01	0.46,0.54	1	1103,1002	127.131889905045	NA	NA	NA	NA	NA	NA	34562
HIP14194	TRBV10-1	ap01	ap01	ap01	0.46,0.54	1	147,262	89.9928278285709	NA	NA	NA	NA	NA	NA	34562
HIP14194	TRBV7-6	ap01	ap01	ap01	0.46,0.54	1	211,179	222.685352105057	NA	NA	NA	NA	NA	NA	34562
HIP14194	TRBV7-2	ap01	ap01	ap01	0.46,0.54	1	1002,911	115.61221910326	NA	NA	NA	NA	NA	NA	34562
HIP14194	TRBV2	ap01	ap01	ap01	0.46,0.54	1	467,439	56.2148872613033	NA	NA	NA	NA	NA	NA	34562
HIP14194	TRBV29-1	ap01,ap02	ap01,ap02	ap01,ap02	0.46,0.54	0.84,0.16	189,293	52.3552618489166	36,53	10.6853355748691	NA	NA	NA	NA	34562
HIP14194	TRBV6-23	ap01	ap01	ap01	0.46,0.54	1	791,945	60.6451436456438	NA	NA	NA	NA	NA	NA	34562
HIP14194	TRBV24-1	ap01	ap01	ap01	0.46,0.54	1	243,523	125.128341236982	NA	NA	NA	NA	NA	NA	34562
HIP14194	TRBV4-2	ap01	ap01	ap01	0.46,0.54	1	485,324	37.0381544771265	NA	NA	NA	NA	NA	NA	34562
HIP14194	TRBV5-6	ap01	ap01	ap01	0.46,0.54	1	233,254	185.043963154022	NA	NA	NA	NA	NA	NA	34562
HIP14194	TRBV18	ap01	ap01	ap01	0.46,0.54	1	244,302	184.312831184932	NA	NA	NA	NA	NA	NA	34562
HIP14194	TRBV5-4	ap01	ap01	ap01	0.46,0.54	1	486,430	54.1561890757871	NA	NA	NA	NA	NA	NA	34562
HIP14194	TRBV11-2	ap01	ap01	ap01	0.46,0.54	1	248,360	173.387051099548	NA	NA	NA	NA	NA	NA	34562
HIP14194	TRBV6-4	ap01	ap01	ap01	0.46,0.54	1	216,290	157.205697821253	NA	NA	NA	NA	NA	NA	34562
HIP14194	TRBV11-3	ap01	ap01	ap01	0.46,0.54	1	138,432	35.5705741745142	NA	NA	NA	NA	NA	NA	34562
HIP14194	TRBV28	ap01	ap01	ap01	0.46,0.54	1	105,295	35.923581356581	NA	NA	NA	NA	NA	NA	34562
HIP14194	TRBV4-1	ap01	ap01	ap01	0.46,0.54	1	401,362	45.8502483963215	NA	NA	NA	NA	NA	NA	34562
HIP14194	TRBV9	ap01	ap01	ap01	0.46,0.54	1	960,878	111.605181293147	NA	NA	NA	NA	NA	NA	34562
HIP14194	TRBV21-1	ap01	ap01	ap01	0.46,0.54	1	219,405	130.213106492652	NA	NA	NA	NA	NA	NA	34562
HIP14194	TRBV6-56	ap01,ap02	ap01,ap02	ap01,ap02	0.46,0.54	0.72,0.28	414,497	151.427756799398	152,198	51.6568630580495	NA	NA	NA	NA	34562
HIP14194	TRBV6-9	ap01	ap01	ap01	0.46,0.54	1	12,23	6.92247367320416	NA	NA	NA	NA	NA	NA	34562
HIP14194	TRBV12-34	ap01	ap01	ap01	0.46,0.54	1	702,820	54.3125320610108	NA	NA	NA	NA	NA	NA	34562
HIP14194	TRBV7-8	ap01,ap03	ap01,ap03	ap01,ap03	0.46,0.54	0.58,0.42	133,123	105.077947521594	96,92	79.5826193301502	NA	NA	NA	NA	34562
HIP14194	TRBV7-9	ap01	ap01	ap01	0.46,0.54	1	562,707	42.1524025568244	NA	NA	NA	NA	NA	NA	34562
HIP14194	TRBV27	ap01	ap01	ap01	0.46,0.54	1	425,616	297.381017975461	NA	NA	NA	NA	NA	NA	34562
HIP14194	TRBV7-3	ap01	ap01	ap01	0.46,0.54	1	457,495	36.3778692184268	NA	NA	NA	NA	NA	NA	34562
HIP14194	TRBV1	ap01	ap01	ap01	0.46,0.54	1	61,75	46.2096641337475	NA	NA	NA	NA	NA	NA	34562
HIP14194	TRBV12-1	ap01	ap01	ap01	0.46,0.54	1	28,42	19.2197531128131	NA	NA	NA	NA	NA	NA	34562
HIP14194	TRBV23-1	ap01	ap01	ap01	0.46,0.54	1	72,85	55.4692138157544	NA	NA	NA	NA	NA	NA	34562
HIP14194	TRBV12-2	ap01	ap01	ap01	0.46,0.54	1	50,77	33.7951623513942	NA	NA	NA	NA	NA	NA	34562
HIP14194	TRBV6-1	ap01	ap01	ap01	0.46,0.54	1	200,174	218.084511181894	NA	NA	NA	NA	NA	NA	34562
HIP14194	TRBV5-3	ap01	ap01	ap01	0.46,0.54	1	48,67	34.2627115685381	NA	NA	NA	NA	NA	NA	34562
HIP14194	TRBV6-8	ap01	ap01	ap01	0.46,0.54	1	23,21	26.6814406939972	NA	NA	NA	NA	NA	NA	34562
HIP14194	TRBV7-7	ap01	ap01_C315T	ap01,ap01_C315T	0.46,0.54	0.4,0.6	85,8	14.8380659045801	25,114	12.1673908325318	NA	NA	NA	NA	34562
HIP14194	TRBV5-8	ap01	ap01	ap01	0.46,0.54	1	60,86	42.2368359418577	NA	NA	NA	NA	NA	NA	34562
HIP14194	TRBV11-1	ap01	ap01	ap01	0.46,0.54	1	61,71	47.2613148338629	NA	NA	NA	NA	NA	NA	34562
HIP14194	TRBV15	ap02	ap02	ap02	0.46,0.54	1	149,202	107.929165863447	NA	NA	NA	NA	NA	NA	34562
HIP14194	TRBV7-4	ap01	ap01	ap01	0.46,0.54	1	28,39	20.0084911378996	NA	NA	NA	NA	NA	NA	34562
HIP14194	TRBV7-1	ap01_G291C_T296C_C314T	ap01_G291C_T296C	ap01_G291C_T296C,ap01_G291C_T296C_C314T	0.46,0.54	0.54,0.46	3,10	0.526302513296489	11,0	3.12243238747707	NA	NA	NA	NA	34562
HIP14194	TRBV5-5	ap01	ap01	ap01	0.46,0.54	1	80,81	65.1671746484485	NA	NA	NA	NA	NA	NA	34562
HIP14194	TRBV30	ap01	ap01	ap01	0.46,0.54	1	538,602	42.3190926048538	NA	NA	NA	NA	NA	NA	34562
HIP14194	TRBV6-7	ap01	ap01	ap01	0.46,0.54	1	20,28	14.2542204306385	NA	NA	NA	NA	NA	NA	34562
HIP14194	TRBV13	ap01	ap01	ap01	0.46,0.54	1	132,145	104.541779308362	NA	NA	NA	NA	NA	NA	34562
HIP14194	TRBV17	Unk	ap01	ap01	0.46,0.54	1	0,2	0.525825350057715	NA	NA	NA	NA	NA	NA	34562
HIP14194	TRBV5-7	Unk	ap01	ap01	0.46,0.54	1	1,8	1.02251263365854	NA	NA	NA	NA	NA	NA	34562
HIP14194	TRBV16	ap01	ap01	ap01	0.46,0.54	1	4,4	5.20299870060888	NA	NA	NA	NA	NA	NA	34562
HIP14194	TRBV26	Unk	Unk	NA	NA	NA	NA	NA	NA	NA	NA	NA	NA	NA	34562
