subject	gene	TRBD2_01	TRBD2_02	alleles	proirs_row	proirs_col	counts1	k1	counts2	k2	counts3	k3	counts4	k4	TOTAL
HIP13168	TRBV6-1	ap01	ap01	ap01	0.45,0.55	1	123,197	81.5315767125447	NA	NA	NA	NA	NA	NA	14142
HIP13168	TRBV20-1	ap01,ap02	ap01,ap02	ap01,ap02	0.45,0.55	0.88,0.12	309,413	102.992490112905	47,52	18.3430591666725	NA	NA	NA	NA	14142
HIP13168	TRBV6-56	ap01,ap02	ap01,ap02	ap01,ap02	0.45,0.55	0.76,0.24	220,231	88.9310541101174	67,74	26.1802106955381	NA	NA	NA	NA	14142
HIP13168	TRBV6-4	ap01	ap01	ap01	0.45,0.55	1	173,159	202.15124197182	NA	NA	NA	NA	NA	NA	14142
HIP13168	TRBV3-12	ap01	ap01	ap01	0.45,0.55	1	202,225	159.155878893498	NA	NA	NA	NA	NA	NA	14142
HIP13168	TRBV21-1	ap01	ap01	ap01	0.45,0.55	1	71,129	43.1446353389563	NA	NA	NA	NA	NA	NA	14142
HIP13168	TRBV28	Del	ap01	ap01	0.45,0.55	1	99,459	11.3967728582022	NA	NA	NA	NA	NA	NA	14142
HIP13168	TRBV5-1	ap01	ap01	ap01	0.45,0.55	1	281,560	158.078477580299	NA	NA	NA	NA	NA	NA	14142
HIP13168	TRBV4-3	ap01	Del	ap01	0.45,0.55	1	261,7	73.3214989726178	NA	NA	NA	NA	NA	NA	14142
HIP13168	TRBV4-2	ap01	ap01	ap01	0.45,0.55	1	49,175	7.73636515463629	NA	NA	NA	NA	NA	NA	14142
HIP13168	TRBV27	ap01	ap01	ap01	0.45,0.55	1	209,359	132.318123815059	NA	NA	NA	NA	NA	NA	14142
HIP13168	TRBV6-23	ap01	ap01	ap01	0.45,0.55	1	333,119	85.2540997967769	NA	NA	NA	NA	NA	NA	14142
HIP13168	TRBV29-1	ap01,ap02	ap01,ap02	ap01,ap02	0.45,0.55	0.82,0.18	102,203	17.4974031456059	35,31	26.0368742862764	NA	NA	NA	NA	14142
HIP13168	TRBV5-6	ap01	ap01	ap01	0.45,0.55	1	102,133	75.3960609021818	NA	NA	NA	NA	NA	NA	14142
HIP13168	TRBV11-2	ap01	ap01	ap01	0.45,0.55	1	116,131	90.9370326456991	NA	NA	NA	NA	NA	NA	14142
HIP13168	TRBV5-4	ap01	ap01	ap01	0.45,0.55	1	206,201	259.670133056643	NA	NA	NA	NA	NA	NA	14142
HIP13168	TRBV30	ap01	ap01	ap01	0.45,0.55	1	247,276	194.386766522021	NA	NA	NA	NA	NA	NA	14142
HIP13168	TRBV11-3	ap01	ap01	ap01	0.45,0.55	1	118,43	31.5614359093047	NA	NA	NA	NA	NA	NA	14142
HIP13168	TRBV19	ap01	ap01	ap01	0.45,0.55	1	183,254	131.326024294665	NA	NA	NA	NA	NA	NA	14142
HIP13168	TRBV24-1	ap01	ap01	ap01	0.45,0.55	1	93,221	43.175592551963	NA	NA	NA	NA	NA	NA	14142
HIP13168	TRBV10-3	ap01	ap01	ap01	0.45,0.55	1	125,168	91.1128334494384	NA	NA	NA	NA	NA	NA	14142
HIP13168	TRBV10-1	ap01	ap01	ap01	0.45,0.55	1	62,85	44.7633359178198	NA	NA	NA	NA	NA	NA	14142
HIP13168	TRBV7-6	ap01	ap01	ap01	0.45,0.55	1	83,90	66.0239348101209	NA	NA	NA	NA	NA	NA	14142
HIP13168	TRBV7-4	ap01	ap01	ap01	0.45,0.55	1	11,12	8.73162817914577	NA	NA	NA	NA	NA	NA	14142
HIP13168	TRBV10-2	ap01	ap01	ap01	0.45,0.55	1	41,48	31.7061719174173	NA	NA	NA	NA	NA	NA	14142
HIP13168	TRBV13	ap01	ap01	ap01	0.45,0.55	1	82,68	83.8545929292328	NA	NA	NA	NA	NA	NA	14142
HIP13168	TRBV12-34	ap01	ap01	ap01	0.45,0.55	1	341,266	32.1453224222459	NA	NA	NA	NA	NA	NA	14142
HIP13168	TRBV7-2	ap01	ap01	ap01	0.45,0.55	1	310,140	126.831021826051	NA	NA	NA	NA	NA	NA	14142
HIP13168	TRBV2	ap01	ap01	ap01	0.45,0.55	1	197,301	134.305486359963	NA	NA	NA	NA	NA	NA	14142
HIP13168	TRBV7-9	ap01	ap01	ap01	0.45,0.55	1	235,275	181.76176066573	NA	NA	NA	NA	NA	NA	14142
HIP13168	TRBV4-1	ap01	ap01	ap01	0.45,0.55	1	197,239	150.199641463016	NA	NA	NA	NA	NA	NA	14142
HIP13168	TRBV18	ap01	ap01	ap01	0.45,0.55	1	91,146	60.2554992137402	NA	NA	NA	NA	NA	NA	14142
HIP13168	TRBV25-1	ap01	ap01	ap01	0.45,0.55	1	77,88	60.0959678925331	NA	NA	NA	NA	NA	NA	14142
HIP13168	TRBV9	ap01	ap01	ap01	0.45,0.55	1	286,333	221.638828509982	NA	NA	NA	NA	NA	NA	14142
HIP13168	TRBV12-5	ap01	ap01	ap01	0.45,0.55	1	50,34	39.0068587840653	NA	NA	NA	NA	NA	NA	14142
HIP13168	TRBV5-3	ap01	ap01	ap01	0.45,0.55	1	28,36	20.827649872161	NA	NA	NA	NA	NA	NA	14142
HIP13168	TRBV7-3	ap02	ap01	ap01,ap02	0.45,0.55	0.81,0.19	34,202	27.4136558883159	55,2	13.6230740173088	NA	NA	NA	NA	14142
HIP13168	TRBV5-5	ap01	ap01	ap01	0.45,0.55	1	19,22	14.7556302398695	NA	NA	NA	NA	NA	NA	14142
HIP13168	TRBV15	ap02	ap02	ap02	0.45,0.55	1	87,106	66.2160050963926	NA	NA	NA	NA	NA	NA	14142
HIP13168	TRBV12-2	ap01	ap01	ap01	0.45,0.55	1	15,28	8.92369846541743	NA	NA	NA	NA	NA	NA	14142
HIP13168	TRBV1	ap01	ap01	ap01	0.45,0.55	1	29,45	19.5938807418698	NA	NA	NA	NA	NA	NA	14142
HIP13168	TRBV7-8	ap01,ap03	ap01,ap03	ap01,ap03	0.45,0.55	0.69,0.31	53,71	17.6253316773151	24,32	8.01863921295361	NA	NA	NA	NA	14142
HIP13168	TRBV14	ap01	ap01	ap01	0.45,0.55	1	73,97	53.4949640969655	NA	NA	NA	NA	NA	NA	14142
HIP13168	TRBV7-1	ap01_G291C_T296C	Unk	ap01_G291C_T296C	0.45,0.55	1	6,1	0.322502201791744	NA	NA	NA	NA	NA	NA	14142
HIP13168	TRBV6-9	ap01	ap01	ap01	0.45,0.55	1	6,7	4.64618021572868	NA	NA	NA	NA	NA	NA	14142
HIP13168	TRBV6-7	ap01	ap01	ap01	0.45,0.55	1	12,17	8.52328841034185	NA	NA	NA	NA	NA	NA	14142
HIP13168	TRBV5-8	ap01	ap01	ap01	0.45,0.55	1	23,27	17.7676312702313	NA	NA	NA	NA	NA	NA	14142
HIP13168	TRBV7-7	ap01_C315T	ap01_C315T	ap01_C315T	0.45,0.55	1	42,35	43.2272596409085	NA	NA	NA	NA	NA	NA	14142
HIP13168	TRBV23-1	ap01	ap01	ap01	0.45,0.55	1	25,33	18.3763810941108	NA	NA	NA	NA	NA	NA	14142
HIP13168	TRBV6-8	ap01	ap01	ap01	0.45,0.55	1	9,7	8.45075608281164	NA	NA	NA	NA	NA	NA	14142
HIP13168	TRBV12-1	ap01	ap01	ap01	0.45,0.55	1	5,12	2.29094658081425	NA	NA	NA	NA	NA	NA	14142
HIP13168	TRBV11-1	Unk	ap01	ap01	0.45,0.55	1	4,22	1.34607375595936	NA	NA	NA	NA	NA	NA	14142
HIP13168	TRBV16	Unk	ap01	ap01	0.45,0.55	1	0,4	1.02542936148734	NA	NA	NA	NA	NA	NA	14142
HIP13168	TRBV5-7	ap01	ap01	ap01	0.45,0.55	1	5,2	1.62644712573399	NA	NA	NA	NA	NA	NA	14142
HIP13168	TRBV17	ap01	Unk	ap01	0.45,0.55	1	1,0	0.324493075616783	NA	NA	NA	NA	NA	NA	14142
HIP13168	TRBV26	Unk	Unk	NA	NA	NA	NA	NA	NA	NA	NA	NA	NA	NA	14142
