subject	gene	TRBD2_01	TRBD2_02	alleles	proirs_row	proirs_col	counts1	k1	counts2	k2	counts3	k3	counts4	k4	TOTAL
HIP16738	TRBV4-3	ap01	ap01	ap01	0.46,0.54	1	272,233	290.588848000239	NA	NA	NA	NA	NA	NA	20426
HIP16738	TRBV7-8	ap01,ap03	ap01,ap03	ap01,ap03	0.46,0.54	0.56,0.44	72,81	27.7297122735126	65,56	46.5638346545359	NA	NA	NA	NA	20426
HIP16738	TRBV7-9	ap01	ap01	ap01	0.46,0.54	1	379,418	299.718901400163	NA	NA	NA	NA	NA	NA	20426
HIP16738	TRBV4-1	ap01	ap01	ap01	0.46,0.54	1	116,137	89.3672549371254	NA	NA	NA	NA	NA	NA	20426
HIP16738	TRBV7-6	ap01	ap01	ap01	0.46,0.54	1	147,136	173.367414414115	NA	NA	NA	NA	NA	NA	20426
HIP16738	TRBV20-1	ap01,ap02	ap01,ap02	ap01,ap02	0.46,0.54	0.83,0.17	362,423	135.448155208519	75,86	28.4754440366752	NA	NA	NA	NA	20426
HIP16738	TRBV24-1	ap01	ap01	ap01	0.46,0.54	1	173,208	132.319009252493	NA	NA	NA	NA	NA	NA	20426
HIP16738	TRBV3-12	ap01	ap01	ap01	0.46,0.54	1	415,473	324.1761102528	NA	NA	NA	NA	NA	NA	20426
HIP16738	TRBV25-1	ap01	ap01	ap01	0.46,0.54	1	67,82	50.8674855896929	NA	NA	NA	NA	NA	NA	20426
HIP16738	TRBV6-23	ap01	ap01	ap01	0.46,0.54	1	568,598	45.6613547684567	NA	NA	NA	NA	NA	NA	20426
HIP16738	TRBV5-4	ap01	ap01	ap01	0.46,0.54	1	282,322	220.141527407081	NA	NA	NA	NA	NA	NA	20426
HIP16738	TRBV4-2	ap01	ap01	ap01	0.46,0.54	1	300,255	317.286984829262	NA	NA	NA	NA	NA	NA	20426
HIP16738	TRBV19	ap01	ap01	ap01	0.46,0.54	1	342,468	246.740358924978	NA	NA	NA	NA	NA	NA	20426
HIP16738	TRBV5-1	ap01	ap01	ap01	0.46,0.54	1	500,631	37.4629813136603	NA	NA	NA	NA	NA	NA	20426
HIP16738	TRBV11-2	ap01	ap01	ap01	0.46,0.54	1	194,184	236.113642896258	NA	NA	NA	NA	NA	NA	20426
HIP16738	TRBV12-1	ap01	ap01	ap01	0.46,0.54	1	13,21	8.54044783089816	NA	NA	NA	NA	NA	NA	20426
HIP16738	TRBV11-1	ap01	ap01	ap01	0.46,0.54	1	41,53	30.3910620570878	NA	NA	NA	NA	NA	NA	20426
HIP16738	TRBV6-4	ap01	ap01	ap01	0.46,0.54	1	185,162	203.353498661605	NA	NA	NA	NA	NA	NA	20426
HIP16738	TRBV12-34	ap01	ap01	ap01	0.46,0.54	1	476,314	35.6691189561658	NA	NA	NA	NA	NA	NA	20426
HIP16738	TRBV5-3	ap01	ap01	ap01	0.46,0.54	1	26,56	13.4241733393869	NA	NA	NA	NA	NA	NA	20426
HIP16738	TRBV27	ap01	ap01	ap01	0.46,0.54	1	314,711	153.061270508602	NA	NA	NA	NA	NA	NA	20426
HIP16738	TRBV28	Unk	ap01	ap01	0.46,0.54	1	142,603	4.29829687976512	NA	NA	NA	NA	NA	NA	20426
HIP16738	TRBV7-3	ap01	ap01	ap01	0.46,0.54	1	287,321	225.797156979648	NA	NA	NA	NA	NA	NA	20426
HIP16738	TRBV7-4	ap01	ap01	ap01	0.46,0.54	1	12,25	6.4167830003022	NA	NA	NA	NA	NA	NA	20426
HIP16738	TRBV7-2	ap01	ap01	ap01	0.46,0.54	1	554,478	59.7422595843852	NA	NA	NA	NA	NA	NA	20426
HIP16738	TRBV5-5	ap01	ap01	ap01	0.46,0.54	1	35,49	24.9625177183309	NA	NA	NA	NA	NA	NA	20426
HIP16738	TRBV6-56	ap01,ap02	ap01,ap02	ap01,ap02	0.46,0.54	0.73,0.27	233,261	90.020049706544	83,103	29.5396719048208	NA	NA	NA	NA	20426
HIP16738	TRBV2	ap01	ap01	ap01	0.46,0.54	1	262,328	196.996620213612	NA	NA	NA	NA	NA	NA	20426
HIP16738	TRBV1	ap01	ap01	ap01	0.46,0.54	1	34,46	24.6672140489397	NA	NA	NA	NA	NA	NA	20426
HIP16738	TRBV14	ap01	ap01	ap01	0.46,0.54	1	89,119	64.9388054127196	NA	NA	NA	NA	NA	NA	20426
HIP16738	TRBV6-1	ap01	ap01	ap01	0.46,0.54	1	146,138	176.925705679954	NA	NA	NA	NA	NA	NA	20426
HIP16738	TRBV15	ap02	ap02	ap02	0.46,0.54	1	98,105	78.3055109528684	NA	NA	NA	NA	NA	NA	20426
HIP16738	TRBV10-2	ap01	ap01	ap01	0.46,0.54	1	36,30	37.1026667791674	NA	NA	NA	NA	NA	NA	20426
HIP16738	TRBV7-7	ap01_C315T	ap01	ap01,ap01_C315T	0.46,0.54	0.47,0.53	3,50	10.5990566494638	58,2	14.2325646956846	NA	NA	NA	NA	20426
HIP16738	TRBV29-1	ap01,ap02	ap01,ap02	ap01,ap02	0.46,0.54	0.84,0.16	124,153	44.3532901694838	24,29	8.73902460616524	NA	NA	NA	NA	20426
HIP16738	TRBV10-3	ap01	ap01	ap01	0.46,0.54	1	180,183	146.401079711863	NA	NA	NA	NA	NA	NA	20426
HIP16738	TRBV21-1	ap01	ap01	ap01	0.46,0.54	1	166,283	105.17721621309	NA	NA	NA	NA	NA	NA	20426
HIP16738	TRBV9	ap01	ap01	ap01	0.46,0.54	1	490,496	39.9102193860762	NA	NA	NA	NA	NA	NA	20426
HIP16738	TRBV5-6	ap01	ap01	ap01	0.46,0.54	1	121,175	84.836300897266	NA	NA	NA	NA	NA	NA	20426
HIP16738	TRBV12-5	ap01	ap01	ap01	0.46,0.54	1	32,72	15.7183842589356	NA	NA	NA	NA	NA	NA	20426
HIP16738	TRBV11-3	ap01	ap01	ap01	0.46,0.54	1	78,108	55.9441871142012	NA	NA	NA	NA	NA	NA	20426
HIP16738	TRBV12-2	ap01	ap01	ap01	0.46,0.54	1	28,40	19.7610586133842	NA	NA	NA	NA	NA	NA	20426
HIP16738	TRBV13	ap01	ap01	ap01	0.46,0.54	1	68,68	88.4384986216909	NA	NA	NA	NA	NA	NA	20426
HIP16738	TRBV10-1	ap01	ap01	ap01	0.46,0.54	1	87,145	55.9899756227155	NA	NA	NA	NA	NA	NA	20426
HIP16738	TRBV30	ap01	ap01	ap01	0.46,0.54	1	255,257	207.989217107907	NA	NA	NA	NA	NA	NA	20426
HIP16738	TRBV18	ap01	ap01	ap01	0.46,0.54	1	120,143	92.1156363242944	NA	NA	NA	NA	NA	NA	20426
HIP16738	TRBV23-1	ap01	ap01	ap01	0.46,0.54	1	44,70	29.1874174524561	NA	NA	NA	NA	NA	NA	20426
HIP16738	TRBV16	ap01	ap01	ap01	0.46,0.54	1	4,2	1.96302634344512	NA	NA	NA	NA	NA	NA	20426
HIP16738	TRBV5-8	ap01	ap01	ap01	0.46,0.54	1	40,43	31.9241195489013	NA	NA	NA	NA	NA	NA	20426
HIP16738	TRBV6-9	ap01	ap01	ap01	0.46,0.54	1	8,7	8.78491010893058	NA	NA	NA	NA	NA	NA	20426
HIP16738	TRBV6-7	ap01	ap01	ap01	0.46,0.54	1	19,26	13.7077977180543	NA	NA	NA	NA	NA	NA	20426
HIP16738	TRBV6-8	ap01	Unk	ap01	0.46,0.54	1	6,1	0.294698766192553	NA	NA	NA	NA	NA	NA	20426
HIP16738	TRBV7-1	ap01_T296C	ap01_T296C,ap01_T296C_C314T	ap01_T296C,ap01_T296C_C314T	0.46,0.54	0.8,0.2	2,2	1.75475806473071	0,1	0.252106409169477	NA	NA	NA	NA	20426
HIP16738	TRBV5-7	ap01	ap01	ap01	0.46,0.54	1	3,1	0.66246018724378	NA	NA	NA	NA	NA	NA	20426
HIP16738	TRBV17	Unk	Unk	NA	NA	NA	NA	NA	NA	NA	NA	NA	NA	NA	20426
HIP16738	TRBV26	Unk	Unk	NA	NA	NA	NA	NA	NA	NA	NA	NA	NA	NA	20426
