subject	gene	TRBD2_01	TRBD2_02	alleles	proirs_row	proirs_col	counts1	k1	counts2	k2	counts3	k3	counts4	k4	TOTAL
HIP00934	TRBV11-2	ap01	ap01	ap01	0.45,0.55	1	110,180	71.9978225337892	NA	NA	NA	NA	NA	NA	18382
HIP00934	TRBV4-3	ap01	ap01	ap01	0.45,0.55	1	302,360	231.91005977628	NA	NA	NA	NA	NA	NA	18382
HIP00934	TRBV28	ap01	ap01	ap01	0.45,0.55	1	269,162	175.705571366379	NA	NA	NA	NA	NA	NA	18382
HIP00934	TRBV2	ap01	ap01	ap01	0.45,0.55	1	298,300	242.933601214011	NA	NA	NA	NA	NA	NA	18382
HIP00934	TRBV6-23	ap01	ap01	ap01	0.45,0.55	1	416,524	312.279603537254	NA	NA	NA	NA	NA	NA	18382
HIP00934	TRBV7-2	ap01	ap01	ap01	0.45,0.55	1	488,492	39.7639174544756	NA	NA	NA	NA	NA	NA	18382
HIP00934	TRBV7-9	ap01	ap01	ap01	0.45,0.55	1	260,340	191.984741904054	NA	NA	NA	NA	NA	NA	18382
HIP00934	TRBV6-56	ap01,ap02	ap01,ap02	ap01,ap02	0.45,0.55	0.72,0.28	181,273	52.7338183872972	63,110	14.664525933138	NA	NA	NA	NA	18382
HIP00934	TRBV7-6	ap01	ap01	ap01	0.45,0.55	1	137,141	110.898083924139	NA	NA	NA	NA	NA	NA	18382
HIP00934	TRBV20-1	ap01,ap02	ap01,ap02	ap01,ap02	0.45,0.55	0.87,0.13	343,422	123.423071958642	50,69	16.1477602331909	NA	NA	NA	NA	18382
HIP00934	TRBV5-6	ap01	ap01	ap01	0.45,0.55	1	152,213	108.605529687016	NA	NA	NA	NA	NA	NA	18382
HIP00934	TRBV10-1	ap01	ap01	ap01	0.45,0.55	1	74,164	37.484463415266	NA	NA	NA	NA	NA	NA	18382
HIP00934	TRBV5-1	ap01	ap01	ap01	0.45,0.55	1	545,556	44.2417561266934	NA	NA	NA	NA	NA	NA	18382
HIP00934	TRBV11-3	ap01	ap01	ap01	0.45,0.55	1	57,197	10.8366770585737	NA	NA	NA	NA	NA	NA	18382
HIP00934	TRBV3-12	ap01	ap01	ap01	0.45,0.55	1	422,447	33.8362829078565	NA	NA	NA	NA	NA	NA	18382
HIP00934	TRBV27	ap01	ap01	ap01	0.45,0.55	1	306,445	214.506497725088	NA	NA	NA	NA	NA	NA	18382
HIP00934	TRBV6-4	ap01	ap01	ap01	0.45,0.55	1	122,119	153.698733357768	NA	NA	NA	NA	NA	NA	18382
HIP00934	TRBV5-4	ap01	ap01	ap01	0.45,0.55	1	297,296	38.4414918243041	NA	NA	NA	NA	NA	NA	18382
HIP00934	TRBV12-2	ap01	ap01	ap01	0.45,0.55	1	26,38	18.1776708922519	NA	NA	NA	NA	NA	NA	18382
HIP00934	TRBV18	ap01	ap01	ap01	0.45,0.55	1	93,120	69.0837128591659	NA	NA	NA	NA	NA	NA	18382
HIP00934	TRBV24-1	ap01	ap01	ap01	0.45,0.55	1	173,415	79.5696303117608	NA	NA	NA	NA	NA	NA	18382
HIP00934	TRBV21-1	ap01	ap01	ap01	0.45,0.55	1	82,182	41.4678646427168	NA	NA	NA	NA	NA	NA	18382
HIP00934	TRBV12-34	ap01	ap01	ap01	0.45,0.55	1	391,463	301.043678618027	NA	NA	NA	NA	NA	NA	18382
HIP00934	TRBV10-3	ap01	ap01	ap01	0.45,0.55	1	203,227	159.711195584256	NA	NA	NA	NA	NA	NA	18382
HIP00934	TRBV9	ap01	ap01	ap01	0.45,0.55	1	451,438	56.5076729257946	NA	NA	NA	NA	NA	NA	18382
HIP00934	TRBV5-5	ap01	ap01	ap01	0.45,0.55	1	43,46	34.3622234428707	NA	NA	NA	NA	NA	NA	18382
HIP00934	TRBV4-1	ap01	ap01	ap01	0.45,0.55	1	219,256	169.464403810927	NA	NA	NA	NA	NA	NA	18382
HIP00934	TRBV14	ap01	ap01	ap01	0.45,0.55	1	66,113	41.9226893975816	NA	NA	NA	NA	NA	NA	18382
HIP00934	TRBV4-2	ap01	ap01	ap01	0.45,0.55	1	34,36	27.2650886104702	NA	NA	NA	NA	NA	NA	18382
HIP00934	TRBV19	ap01	ap01	ap01	0.45,0.55	1	198,262	145.4185316822	NA	NA	NA	NA	NA	NA	18382
HIP00934	TRBV23-1	ap01	ap01	ap01	0.45,0.55	1	25,38	17.1055438836092	NA	NA	NA	NA	NA	NA	18382
HIP00934	TRBV7-7	ap01_C315T	ap01_C315T	ap01_C315T	0.45,0.55	1	58,94	38.1944889946692	NA	NA	NA	NA	NA	NA	18382
HIP00934	TRBV25-1	ap01	ap01	ap01	0.45,0.55	1	38,122	9.60632573474065	NA	NA	NA	NA	NA	NA	18382
HIP00934	TRBV30	ap02	ap01	ap01,ap02	0.45,0.55	0.64,0.36	43,288	42.4514577402047	174,12	36.6588275391176	NA	NA	NA	NA	18382
HIP00934	TRBV13	ap01	ap01	ap01	0.45,0.55	1	69,87	51.7742918615075	NA	NA	NA	NA	NA	NA	18382
HIP00934	TRBV12-1	ap01	ap01	ap01	0.45,0.55	1	10,22	5.10685194658271	NA	NA	NA	NA	NA	NA	18382
HIP00934	TRBV6-1	ap01	ap01	ap01	0.45,0.55	1	79,80	64.2819677197031	NA	NA	NA	NA	NA	NA	18382
HIP00934	TRBV7-8	ap01,ap03	ap01,ap03	ap01,ap03	0.45,0.55	0.62,0.38	68,87	23.6462314284609	42,51	15.2789623793301	NA	NA	NA	NA	18382
HIP00934	TRBV7-3	ap01	ap02	ap01,ap02	0.45,0.55	0.69,0.31	243,10	59.0939901285087	13,99	15.7735991621339	NA	NA	NA	NA	18382
HIP00934	TRBV15	ap02	ap02	ap02	0.45,0.55	1	85,124	59.4858934918708	NA	NA	NA	NA	NA	NA	18382
HIP00934	TRBV5-3	ap01	ap01	ap01	0.45,0.55	1	27,34	20.2706011990481	NA	NA	NA	NA	NA	NA	18382
HIP00934	TRBV7-4	ap01	ap01	ap01	0.45,0.55	1	16,20	12.0500156475157	NA	NA	NA	NA	NA	NA	18382
HIP00934	TRBV5-7	Unk	ap01	ap01	0.45,0.55	1	1,5	0.203877114049182	NA	NA	NA	NA	NA	NA	18382
HIP00934	TRBV1	ap01	ap01	ap01	0.45,0.55	1	41,43	32.9835718992005	NA	NA	NA	NA	NA	NA	18382
HIP00934	TRBV6-8	ap01	ap01	ap01	0.45,0.55	1	7,14	3.93207751696163	NA	NA	NA	NA	NA	NA	18382
HIP00934	TRBV29-1	ap01,ap02	ap01,ap02	ap01,ap02	0.45,0.55	0.86,0.14	164,201	59.2031369839677	23,36	6.37836704670807	NA	NA	NA	NA	18382
HIP00934	TRBV10-2	ap01	ap01	ap01	0.45,0.55	1	37,66	22.825444900247	NA	NA	NA	NA	NA	NA	18382
HIP00934	TRBV6-7	ap01	ap01	ap01	0.45,0.55	1	15,11	12.9945454447265	NA	NA	NA	NA	NA	NA	18382
HIP00934	TRBV6-9	ap01	ap01	ap01	0.45,0.55	1	7,11	4.69767999057675	NA	NA	NA	NA	NA	NA	18382
HIP00934	TRBV12-5	ap01	ap01	ap01	0.45,0.55	1	66,97	46.0059025901956	NA	NA	NA	NA	NA	NA	18382
HIP00934	TRBV7-1	ap01_T296C,ap01_T296C_C314T	ap01_T296C	ap01_T296C,ap01_T296C_C314T	0.45,0.55	0.75,0.25	1,2	0.170196132000194	1,0	0.291275175298409	NA	NA	NA	NA	18382
HIP00934	TRBV5-8	ap01	ap01	ap01	0.45,0.55	1	28,36	20.832326558614	NA	NA	NA	NA	NA	NA	18382
HIP00934	TRBV17	Unk	ap01	ap01	0.45,0.55	1	0,1	0.255200824538376	NA	NA	NA	NA	NA	NA	18382
HIP00934	TRBV11-1	ap01	ap01	ap01	0.45,0.55	1	24,6	1.93416460575036	NA	NA	NA	NA	NA	NA	18382
HIP00934	TRBV16	ap01	ap01	ap01	0.45,0.55	1	1,2	0.561725359565946	NA	NA	NA	NA	NA	NA	18382
HIP00934	TRBV26	Unk	Unk	NA	NA	NA	NA	NA	NA	NA	NA	NA	NA	NA	18382
