subject	gene	TRBD2_01	TRBD2_02	alleles	proirs_row	proirs_col	counts1	k1	counts2	k2	counts3	k3	counts4	k4	TOTAL
HIP13989	TRBV6-56	ap01,ap02	ap01,ap02	ap01,ap02	0.45,0.55	0.74,0.26	118,149	41.5897975227738	46,49	18.4276581580078	NA	NA	NA	NA	9724
HIP13989	TRBV2	ap01	ap01	ap01	0.45,0.55	1	117,158	85.1803583826339	NA	NA	NA	NA	NA	NA	9724
HIP13989	TRBV6-4	ap01	ap01	ap01	0.45,0.55	1	55,69	41.3734662836936	NA	NA	NA	NA	NA	NA	9724
HIP13989	TRBV11-1	ap01	ap01	ap01	0.45,0.55	1	3,6	1.69211307679391	NA	NA	NA	NA	NA	NA	9724
HIP13989	TRBV10-2	ap01	ap01	ap01	0.45,0.55	1	38,52	27.4927844284788	NA	NA	NA	NA	NA	NA	9724
HIP13989	TRBV4-1	ap01	ap01	ap01	0.45,0.55	1	81,117	57.0483383029779	NA	NA	NA	NA	NA	NA	9724
HIP13989	TRBV5-4	ap01	ap01	ap01	0.45,0.55	1	100,105	80.3887047110529	NA	NA	NA	NA	NA	NA	9724
HIP13989	TRBV3-12	ap01	ap01	ap01	0.45,0.55	1	270,263	33.943537175281	NA	NA	NA	NA	NA	NA	9724
HIP13989	TRBV5-8	ap01	ap01	ap01	0.45,0.55	1	17,35	9.33616776339791	NA	NA	NA	NA	NA	NA	9724
HIP13989	TRBV24-1	ap01	ap01	ap01	0.45,0.55	1	69,94	50.0274129907013	NA	NA	NA	NA	NA	NA	9724
HIP13989	TRBV9	ap01	ap01	ap01	0.45,0.55	1	166,214	123.422071517841	NA	NA	NA	NA	NA	NA	9724
HIP13989	TRBV4-3	ap01	ap01	ap01	0.45,0.55	1	120,163	87.1249444645288	NA	NA	NA	NA	NA	NA	9724
HIP13989	TRBV6-1	ap01	ap01	ap01	0.45,0.55	1	71,64	80.8578998389184	NA	NA	NA	NA	NA	NA	9724
HIP13989	TRBV12-34	ap01	ap01	ap01	0.45,0.55	1	158,294	94.6723614900334	NA	NA	NA	NA	NA	NA	9724
HIP13989	TRBV7-2	ap01	ap01	ap01	0.45,0.55	1	363,359	46.5163131644962	NA	NA	NA	NA	NA	NA	9724
HIP13989	TRBV6-23	ap01	ap01	ap01	0.45,0.55	1	162,259	107.784851478432	NA	NA	NA	NA	NA	NA	9724
HIP13989	TRBV29-1	ap01,ap02	ap01,ap02	ap01,ap02	0.45,0.55	0.86,0.14	61,79	21.0184468762811	10,13	3.43365781110749	NA	NA	NA	NA	9724
HIP13989	TRBV10-1	ap01	ap01	ap01	0.45,0.55	1	61,69	47.7873684984926	NA	NA	NA	NA	NA	NA	9724
HIP13989	TRBV7-3	ap02	ap02	ap02	0.45,0.55	1	49,53	38.9991321505095	NA	NA	NA	NA	NA	NA	9724
HIP13989	TRBV5-1	ap01	ap01	ap01	0.45,0.55	1	341,377	269.341119618028	NA	NA	NA	NA	NA	NA	9724
HIP13989	TRBV4-2	ap01	ap01	ap01	0.45,0.55	1	23,22	28.2574978752297	NA	NA	NA	NA	NA	NA	9724
HIP13989	TRBV30	ap01	ap01	ap01	0.45,0.55	1	127,142	99.9097634889141	NA	NA	NA	NA	NA	NA	9724
HIP13989	TRBV19	ap01	ap01	ap01	0.45,0.55	1	169,253	116.782575426304	NA	NA	NA	NA	NA	NA	9724
HIP13989	TRBV14	ap01	ap01	ap01	0.45,0.55	1	37,67	22.6367056494982	NA	NA	NA	NA	NA	NA	9724
HIP13989	TRBV5-7	ap01	ap01	ap01	0.45,0.55	1	2,4	1.12807538452928	NA	NA	NA	NA	NA	NA	9724
HIP13989	TRBV7-7	ap01_C315T	ap01_C315T	ap01_C315T	0.45,0.55	1	27,26	33.4550349991271	NA	NA	NA	NA	NA	NA	9724
HIP13989	TRBV7-8	ap01,ap03	ap01,ap03	ap01,ap03	0.45,0.55	0.61,0.39	42,58	13.5925082166973	25,40	6.75578881463449	NA	NA	NA	NA	9724
HIP13989	TRBV12-2	ap01	ap01	ap01	0.45,0.55	1	9,22	4.06644720997799	NA	NA	NA	NA	NA	NA	9724
HIP13989	TRBV5-6	ap01	ap01	ap01	0.45,0.55	1	59,64	46.9117661190643	NA	NA	NA	NA	NA	NA	9724
HIP13989	TRBV20-1	ap01,ap02	ap01,ap02	ap01,ap02	0.45,0.55	0.86,0.14	192,245	67.0476214773195	31,39	10.9612542047098	NA	NA	NA	NA	9724
HIP13989	TRBV10-3	ap01	ap01	ap01	0.45,0.55	1	78,101	57.8809552771934	NA	NA	NA	NA	NA	NA	9724
HIP13989	TRBV7-9	ap01	ap01	ap01	0.45,0.55	1	143,241	92.0186752233854	NA	NA	NA	NA	NA	NA	9724
HIP13989	TRBV28	ap01	ap01	ap01	0.45,0.55	1	164,45	19.3264922053875	NA	NA	NA	NA	NA	NA	9724
HIP13989	TRBV15	ap02	ap02	ap02	0.45,0.55	1	44,67	30.1195915667638	NA	NA	NA	NA	NA	NA	9724
HIP13989	TRBV21-1	ap01	ap01	ap01	0.45,0.55	1	42,98	20.1549610037017	NA	NA	NA	NA	NA	NA	9724
HIP13989	TRBV11-3	ap01	ap01	ap01	0.45,0.55	1	51,63	38.6123695044331	NA	NA	NA	NA	NA	NA	9724
HIP13989	TRBV7-6	ap01	ap01	ap01	0.45,0.55	1	69,70	56.0867651131238	NA	NA	NA	NA	NA	NA	9724
HIP13989	TRBV27	ap01	ap01	ap01	0.45,0.55	1	115,152	84.5572290083065	NA	NA	NA	NA	NA	NA	9724
HIP13989	TRBV13	ap01	ap01	ap01	0.45,0.55	1	39,35	44.1626246092794	NA	NA	NA	NA	NA	NA	9724
HIP13989	TRBV11-2	ap01	ap01	ap01	0.45,0.55	1	139,141	112.990040923613	NA	NA	NA	NA	NA	NA	9724
HIP13989	TRBV18	ap01	ap01	ap01	0.45,0.55	1	107,129	81.812238505896	NA	NA	NA	NA	NA	NA	9724
HIP13989	TRBV5-5	ap01	ap01	ap01	0.45,0.55	1	30,28	35.7248472548702	NA	NA	NA	NA	NA	NA	9724
HIP13989	TRBV6-8	Unk	ap01	ap01	0.45,0.55	1	1,7	0.698327333240051	NA	NA	NA	NA	NA	NA	9724
HIP13989	TRBV25-1	ap01	ap01	ap01	0.45,0.55	1	30,33	23.7379019056645	NA	NA	NA	NA	NA	NA	9724
HIP13989	TRBV23-1	ap01	ap01	ap01	0.45,0.55	1	10,38	1.0958628308295	NA	NA	NA	NA	NA	NA	9724
HIP13989	TRBV6-7	ap01	ap01	ap01	0.45,0.55	1	2,7	0.370656369226462	NA	NA	NA	NA	NA	NA	9724
HIP13989	TRBV6-9	ap01	ap01	ap01	0.45,0.55	1	4,6	2.76109677926043	NA	NA	NA	NA	NA	NA	9724
HIP13989	TRBV12-1	ap01	ap01	ap01	0.45,0.55	1	8,13	5.26972055341992	NA	NA	NA	NA	NA	NA	9724
HIP13989	TRBV12-5	ap01	ap01	ap01	0.45,0.55	1	19,26	13.7463922142394	NA	NA	NA	NA	NA	NA	9724
HIP13989	TRBV1	ap01	ap01	ap01	0.45,0.55	1	12,26	6.26350629697378	NA	NA	NA	NA	NA	NA	9724
HIP13989	TRBV7-4	ap01	ap01	ap01	0.45,0.55	1	3,10	0.682221056390162	NA	NA	NA	NA	NA	NA	9724
HIP13989	TRBV5-3	ap01	ap01	ap01	0.45,0.55	1	14,20	9.91631173251244	NA	NA	NA	NA	NA	NA	9724
HIP13989	TRBV7-1	Unk	ap01_T296C	ap01_T296C	0.45,0.55	1	0,1	0.252473005100938	NA	NA	NA	NA	NA	NA	9724
HIP13989	TRBV16	ap01	Unk	ap01	0.45,0.55	1	1,0	0.328956306205524	NA	NA	NA	NA	NA	NA	9724
HIP13989	TRBV17	Unk	Unk	NA	NA	NA	NA	NA	NA	NA	NA	NA	NA	NA	9724
HIP13989	TRBV26	Unk	Unk	NA	NA	NA	NA	NA	NA	NA	NA	NA	NA	NA	9724
