subject	gene	TRBD2_01	TRBD2_02	alleles	proirs_row	proirs_col	counts1	k1	counts2	k2	counts3	k3	counts4	k4	TOTAL
HIP05841	TRBV5-6	ap01	ap01	ap01	0.47,0.53	1	177,170	219.128354658458	NA	NA	NA	NA	NA	NA	19959
HIP05841	TRBV5-4	ap01	ap01	ap01	0.47,0.53	1	295,267	33.8968533527324	NA	NA	NA	NA	NA	NA	19959
HIP05841	TRBV19	ap01	ap01	ap01	0.47,0.53	1	276,385	196.096986510245	NA	NA	NA	NA	NA	NA	19959
HIP05841	TRBV27	ap01	ap01	ap01	0.47,0.53	1	307,739	132.989516152355	NA	NA	NA	NA	NA	NA	19959
HIP05841	TRBV16	ap01	ap01	ap01	0.47,0.53	1	2,4	1.08946991363369	NA	NA	NA	NA	NA	NA	19959
HIP05841	TRBV7-7	ap01	ap01_C315T	ap01,ap01_C315T	0.47,0.53	0.49,0.51	64,8	8.30950067919583	13,63	7.80174287112633	NA	NA	NA	NA	19959
HIP05841	TRBV6-1	ap01	ap01	ap01	0.47,0.53	1	104,175	65.6928820248216	NA	NA	NA	NA	NA	NA	19959
HIP05841	TRBV4-1	ap01	ap01	ap01	0.47,0.53	1	221,260	170.245857756168	NA	NA	NA	NA	NA	NA	19959
HIP05841	TRBV2	ap01	ap01	ap01	0.47,0.53	1	287,357	215.786717271397	NA	NA	NA	NA	NA	NA	19959
HIP05841	TRBV7-9	ap01	ap01	ap01	0.47,0.53	1	280,351	209.781949175892	NA	NA	NA	NA	NA	NA	19959
HIP05841	TRBV6-23	ap01	ap01	ap01	0.47,0.53	1	469,160	113.912380879591	NA	NA	NA	NA	NA	NA	19959
HIP05841	TRBV5-1	ap01	ap01	ap01	0.47,0.53	1	512,734	35.8350646059989	NA	NA	NA	NA	NA	NA	19959
HIP05841	TRBV11-3	ap01	ap01	ap01	0.47,0.53	1	120,151	89.7500051183976	NA	NA	NA	NA	NA	NA	19959
HIP05841	TRBV21-1	ap01	ap01	ap01	0.47,0.53	1	117,172	80.7190712804171	NA	NA	NA	NA	NA	NA	19959
HIP05841	TRBV4-3	ap01	Del	ap01	0.47,0.53	1	293,10	73.3840596301261	NA	NA	NA	NA	NA	NA	19959
HIP05841	TRBV20-1	ap01,ap02	ap01,ap02	ap01,ap02	0.47,0.53	0.88,0.12	423,436	172.658034199222	70,51	39.5286138781164	NA	NA	NA	NA	19959
HIP05841	TRBV28	Del	ap01	ap01	0.47,0.53	1	145,672	25.6634485058696	NA	NA	NA	NA	NA	NA	19959
HIP05841	TRBV4-2	ap01	ap01	ap01	0.47,0.53	1	298,171	183.794011834583	NA	NA	NA	NA	NA	NA	19959
HIP05841	TRBV14	ap01	ap01	ap01	0.47,0.53	1	90,139	60.2582160271724	NA	NA	NA	NA	NA	NA	19959
HIP05841	TRBV5-8	ap01	ap01	ap01	0.47,0.53	1	48,49	39.023065389205	NA	NA	NA	NA	NA	NA	19959
HIP05841	TRBV1	ap01	ap01	ap01	0.47,0.53	1	49,65	35.7324593998952	NA	NA	NA	NA	NA	NA	19959
HIP05841	TRBV12-34	ap01	ap01	ap01	0.47,0.53	1	485,492	39.5145952073921	NA	NA	NA	NA	NA	NA	19959
HIP05841	TRBV7-3	ap01	ap01	ap01	0.47,0.53	1	294,281	36.1769882075538	NA	NA	NA	NA	NA	NA	19959
HIP05841	TRBV24-1	ap01	ap01	ap01	0.47,0.53	1	183,246	132.560848064282	NA	NA	NA	NA	NA	NA	19959
HIP05841	TRBV6-4	ap01	ap01	ap01	0.47,0.53	1	158,134	167.082055472151	NA	NA	NA	NA	NA	NA	19959
HIP05841	TRBV13	ap01	ap01	ap01	0.47,0.53	1	80,55	63.9534005229776	NA	NA	NA	NA	NA	NA	19959
HIP05841	TRBV18	ap01	ap01	ap01	0.47,0.53	1	152,173	118.687546574916	NA	NA	NA	NA	NA	NA	19959
HIP05841	TRBV12-2	ap01	ap01_G301A	ap01,ap01_G301A	0.47,0.53	0.42,0.58	22,1	4.87011814676888	3,29	5.62218247719971	NA	NA	NA	NA	19959
HIP05841	TRBV5-3	ap01	ap01	ap01	0.47,0.53	1	26,36	18.5463556728112	NA	NA	NA	NA	NA	NA	19959
HIP05841	TRBV11-1	ap01	ap01	ap01	0.47,0.53	1	43,45	34.6556730567808	NA	NA	NA	NA	NA	NA	19959
HIP05841	TRBV3-12	ap01	ap01	ap01	0.47,0.53	1	501,446	56.3704957323952	NA	NA	NA	NA	NA	NA	19959
HIP05841	TRBV6-56	ap01,ap02	ap01,ap02	ap01,ap02	0.47,0.53	0.75,0.25	252,279	97.7714630008552	89,92	36.2576041967114	NA	NA	NA	NA	19959
HIP05841	TRBV30	ap02,ap03	ap01,ap03	ap01,ap02,ap03	0.47,0.53	0.550,0.355,0.096	36,257	43.4174340524084	179,10	37.4805633936427	23,28	8.25346752071828	NA	NA	19959
HIP05841	TRBV6-7	ap01	ap01	ap01	0.47,0.53	1	15,28	8.71893020169931	NA	NA	NA	NA	NA	NA	19959
HIP05841	TRBV10-3	ap01	ap01	ap01	0.47,0.53	1	182,229	136.125406978315	NA	NA	NA	NA	NA	NA	19959
HIP05841	TRBV23-1	ap01	ap01	ap01	0.47,0.53	1	38,50	27.8227044018466	NA	NA	NA	NA	NA	NA	19959
HIP05841	TRBV11-2	ap01	ap01	ap01	0.47,0.53	1	159,189	121.952785423188	NA	NA	NA	NA	NA	NA	19959
HIP05841	TRBV7-2	ap01	ap01	ap01	0.47,0.53	1	466,155	106.793975149029	NA	NA	NA	NA	NA	NA	19959
HIP05841	TRBV9	ap01	ap01	ap01	0.47,0.53	1	534,459	57.4519272322717	NA	NA	NA	NA	NA	NA	19959
HIP05841	TRBV29-1	ap01,ap02	ap01,ap02	ap01,ap02	0.47,0.53	0.84,0.16	118,233	18.7317445424879	25,44	5.38625267049679	NA	NA	NA	NA	19959
HIP05841	TRBV7-6	ap01	ap01	ap01	0.47,0.53	1	138,129	165.153736182535	NA	NA	NA	NA	NA	NA	19959
HIP05841	TRBV12-5	ap01	ap01	ap01	0.47,0.53	1	84,80	102.90372040228	NA	NA	NA	NA	NA	NA	19959
HIP05841	TRBV7-8	ap01,ap03	ap02,ap03	ap01,ap02,ap03	0.47,0.53	0.24,0.56,0.19	60,3	12.968312770934	21,127	19.2706022720123	41,10	0.286395001927115	NA	NA	19959
HIP05841	TRBV25-1	ap01	ap01	ap01	0.47,0.53	1	68,113	43.3428943321819	NA	NA	NA	NA	NA	NA	19959
HIP05841	TRBV7-1	ap01_G291C_T296C	ap01_G291C_T296C	ap01_G291C_T296C	0.47,0.53	1	8,8	10.4124917211914	NA	NA	NA	NA	NA	NA	19959
HIP05841	TRBV10-1	ap01	ap01	ap01	0.47,0.53	1	82,154	47.4077957062145	NA	NA	NA	NA	NA	NA	19959
HIP05841	TRBV5-5	ap01	ap01	ap01	0.47,0.53	1	34,33	42.6462291475061	NA	NA	NA	NA	NA	NA	19959
HIP05841	TRBV7-4	ap01	ap01	ap01	0.47,0.53	1	21,16	19.2984874303402	NA	NA	NA	NA	NA	NA	19959
HIP05841	TRBV10-2	ap01	ap01	ap01	0.47,0.53	1	30,74	12.5067077583787	NA	NA	NA	NA	NA	NA	19959
HIP05841	TRBV15	ap02	ap02	ap02	0.47,0.53	1	114,114	148.378007026978	NA	NA	NA	NA	NA	NA	19959
HIP05841	TRBV12-1	ap01	ap01	ap01	0.47,0.53	1	15,21	10.6366006747626	NA	NA	NA	NA	NA	NA	19959
HIP05841	TRBV6-9	ap01	ap01	ap01	0.47,0.53	1	8,16	4.35787965453475	NA	NA	NA	NA	NA	NA	19959
HIP05841	TRBV6-8	ap01	ap01	ap01	0.47,0.53	1	8,12	5.45369135342807	NA	NA	NA	NA	NA	NA	19959
HIP05841	TRBV5-7	ap01	ap01	ap01	0.47,0.53	1	7,7	9.11093025604249	NA	NA	NA	NA	NA	NA	19959
HIP05841	TRBV17	Unk	Unk	NA	NA	NA	NA	NA	NA	NA	NA	NA	NA	NA	19959
HIP05841	TRBV26	Unk	Unk	NA	NA	NA	NA	NA	NA	NA	NA	NA	NA	NA	19959
