subject	gene	TRBD2_01	TRBD2_02	alleles	proirs_row	proirs_col	counts1	k1	counts2	k2	counts3	k3	counts4	k4	TOTAL
HIP17440	TRBV12-1	ap01	ap01	ap01	0.43,0.57	1	22,16	18.6962280481592	NA	NA	NA	NA	NA	NA	23567
HIP17440	TRBV25-1	ap01	ap01	ap01	0.43,0.57	1	100,141	71.5510010082112	NA	NA	NA	NA	NA	NA	23567
HIP17440	TRBV6-4	ap01	ap01	ap01	0.43,0.57	1	239,228	291.968465876688	NA	NA	NA	NA	NA	NA	23567
HIP17440	TRBV24-1	ap01	ap01	ap01	0.43,0.57	1	215,296	155.556302924352	NA	NA	NA	NA	NA	NA	23567
HIP17440	TRBV4-2	ap01	ap01	ap01	0.43,0.57	1	242,202	248.299113722876	NA	NA	NA	NA	NA	NA	23567
HIP17440	TRBV2	ap01	ap01	ap01	0.43,0.57	1	462,510	36.4618191093222	NA	NA	NA	NA	NA	NA	23567
HIP17440	TRBV20-1	ap01,ap02	ap01,ap02	ap01,ap02	0.43,0.57	0.86,0.14	471,834	111.38681244793	74,133	17.0424386916333	NA	NA	NA	NA	23567
HIP17440	TRBV7-8	ap02	ap01,ap03	ap01,ap02,ap03	0.43,0.57	0.42,0.37,0.22	12,97	14.7831898657642	86,9	15.662599904172	14,42	0.692513781814304	NA	NA	23567
HIP17440	TRBV19	ap01	ap01	ap01	0.43,0.57	1	349,560	233.360923184756	NA	NA	NA	NA	NA	NA	23567
HIP17440	TRBV15	ap02	ap02	ap02	0.43,0.57	1	144,185	107.377298745648	NA	NA	NA	NA	NA	NA	23567
HIP17440	TRBV10-1	ap01	ap01	ap01	0.43,0.57	1	126,175	90.794763509901	NA	NA	NA	NA	NA	NA	23567
HIP17440	TRBV12-5	ap01	ap01	ap01	0.43,0.57	1	48,88	29.4516212704989	NA	NA	NA	NA	NA	NA	23567
HIP17440	TRBV6-56	ap01,ap02	ap01,ap02	ap01,ap02	0.43,0.57	0.71,0.29	267,306	101.937941383325	133,104	82.2859616069825	NA	NA	NA	NA	23567
HIP17440	TRBV6-1	ap01	ap01	ap01	0.43,0.57	1	288,256	321.154722486584	NA	NA	NA	NA	NA	NA	23567
HIP17440	TRBV5-4	ap01	ap01	ap01	0.43,0.57	1	287,326	224.294347023562	NA	NA	NA	NA	NA	NA	23567
HIP17440	TRBV7-3	ap03	ap01	ap01,ap03	0.43,0.57	0.78,0.22	53,339	44.4926296833872	103,5	25.591617936735	NA	NA	NA	NA	23567
HIP17440	TRBV11-2	ap01	ap01	ap01	0.43,0.57	1	270,359	198.412852571171	NA	NA	NA	NA	NA	NA	23567
HIP17440	TRBV6-23	ap01	ap01	ap01	0.43,0.57	1	180,223	136.208143535943	NA	NA	NA	NA	NA	NA	23567
HIP17440	TRBV5-3	ap01	ap01	ap01	0.43,0.57	1	50,65	37.0998472400275	NA	NA	NA	NA	NA	NA	23567
HIP17440	TRBV4-1	ap01	ap01	ap01	0.43,0.57	1	286,343	219.145887302876	NA	NA	NA	NA	NA	NA	23567
HIP17440	TRBV27	ap01	ap01	ap01	0.43,0.57	1	421,638	290.541032134101	NA	NA	NA	NA	NA	NA	23567
HIP17440	TRBV7-9	ap01	ap01	ap01	0.43,0.57	1	370,537	261.054611901362	NA	NA	NA	NA	NA	NA	23567
HIP17440	TRBV10-3	ap01	ap01	ap01	0.43,0.57	1	148,244	97.3907675443775	NA	NA	NA	NA	NA	NA	23567
HIP17440	TRBV7-6	ap01	ap01	ap01	0.43,0.57	1	133,121	152.835034551858	NA	NA	NA	NA	NA	NA	23567
HIP17440	TRBV21-1	ap01	ap01	ap01	0.43,0.57	1	177,294	115.946958061441	NA	NA	NA	NA	NA	NA	23567
HIP17440	TRBV5-1	ap01	ap01	ap01	0.43,0.57	1	863,912	69.0885250611968	NA	NA	NA	NA	NA	NA	23567
HIP17440	TRBV3-12	ap01	ap01	ap01	0.43,0.57	1	517,593	40.2658934427598	NA	NA	NA	NA	NA	NA	23567
HIP17440	TRBV28	ap01	ap01	ap01	0.43,0.57	1	531,941	33.3634245562615	NA	NA	NA	NA	NA	NA	23567
HIP17440	TRBV11-1	ap01	ap01	ap01	0.43,0.57	1	22,49	11.4118103469199	NA	NA	NA	NA	NA	NA	23567
HIP17440	TRBV14	ap01	ap01	ap01	0.43,0.57	1	127,170	93.0537394431212	NA	NA	NA	NA	NA	NA	23567
HIP17440	TRBV12-34	ap01	ap01	ap01	0.43,0.57	1	406,438	322.880229219004	NA	NA	NA	NA	NA	NA	23567
HIP17440	TRBV5-6	ap01	ap01	ap01	0.43,0.57	1	180,219	137.171304798432	NA	NA	NA	NA	NA	NA	23567
HIP17440	TRBV9	ap01	ap01	ap01	0.43,0.57	1	332,582	210.128122204209	NA	NA	NA	NA	NA	NA	23567
HIP17440	TRBV1	ap01	ap01	ap01	0.43,0.57	1	53,62	40.9872912522221	NA	NA	NA	NA	NA	NA	23567
HIP17440	TRBV23-1	ap01	ap01	ap01	0.43,0.57	1	25,81	6.87159331233862	NA	NA	NA	NA	NA	NA	23567
HIP17440	TRBV30	ap01	ap01	ap01	0.43,0.57	1	242,280	187.89460556226	NA	NA	NA	NA	NA	NA	23567
HIP17440	TRBV12-2	ap01	ap01	ap01	0.43,0.57	1	48,50	38.6016532641413	NA	NA	NA	NA	NA	NA	23567
HIP17440	TRBV18	ap01	ap01	ap01	0.43,0.57	1	148,200	107.985541431753	NA	NA	NA	NA	NA	NA	23567
HIP17440	TRBV13	ap01	ap01	ap01	0.43,0.57	1	102,148	71.9755175090747	NA	NA	NA	NA	NA	NA	23567
HIP17440	TRBV11-3	ap01	ap01	ap01	0.43,0.57	1	104,114	82.2724369504471	NA	NA	NA	NA	NA	NA	23567
HIP17440	TRBV29-1	ap01,ap02	ap01,ap02	ap01,ap02	0.43,0.57	0.84,0.16	149,226	44.0379217006942	31,38	11.2604842379744	NA	NA	NA	NA	23567
HIP17440	TRBV5-8	ap01	ap01	ap01	0.43,0.57	1	40,60	27.7535552670447	NA	NA	NA	NA	NA	NA	23567
HIP17440	TRBV10-2	ap01	ap01	ap01	0.43,0.57	1	105,115	83.0866709899344	NA	NA	NA	NA	NA	NA	23567
HIP17440	TRBV7-2	ap01	ap01	ap01	0.43,0.57	1	203,239	156.621058653504	NA	NA	NA	NA	NA	NA	23567
HIP17440	TRBV7-7	ap01	ap01_C315T	ap01,ap01_C315T	0.43,0.57	0.31,0.69	32,2	7.42275105885951	9,67	9.74984751261495	NA	NA	NA	NA	23567
HIP17440	TRBV5-5	ap01	ap01	ap01	0.43,0.57	1	63,56	70.2376173184347	NA	NA	NA	NA	NA	NA	23567
HIP17440	TRBV6-8	ap01	ap01	ap01	0.43,0.57	1	13,23	8.17713935711192	NA	NA	NA	NA	NA	NA	23567
HIP17440	TRBV6-9	ap01	ap01	ap01	0.43,0.57	1	7,4	4.15968353169581	NA	NA	NA	NA	NA	NA	23567
HIP17440	TRBV16	Unk	ap01	ap01	0.43,0.57	1	1,12	1.83445943235664	NA	NA	NA	NA	NA	NA	23567
HIP17440	TRBV6-7	ap01	ap01	ap01	0.43,0.57	1	16,23	11.34221242244	NA	NA	NA	NA	NA	NA	23567
HIP17440	TRBV7-4	ap01	ap01	ap01	0.43,0.57	1	20,13	14.4619895253087	NA	NA	NA	NA	NA	NA	23567
HIP17440	TRBV5-7	ap01	ap01	ap01	0.43,0.57	1	4,8	2.29377489546013	NA	NA	NA	NA	NA	NA	23567
HIP17440	TRBV7-1	ap01	ap01,ap01_T296C_C314T	ap01,ap01_T296C_C314T	0.43,0.57	0.67,0.33	1,1	0.876498572474331	0,1	0.232616502036215	NA	NA	NA	NA	23567
HIP17440	TRBV17	Unk	Unk	NA	NA	NA	NA	NA	NA	NA	NA	NA	NA	NA	23567
HIP17440	TRBV26	Unk	Unk	NA	NA	NA	NA	NA	NA	NA	NA	NA	NA	NA	23567
HIP17440	TRBV4-3	Del	Del	Del	NA	NA	NA	1000	NA	NA	NA	NA	NA	NA	23567
